timestamp,last_raw_ts,720k_open,720k_high,720k_low,720k_close,720k_high_ts,720k_high_src_open,720k_high_src_close,720k_high_src_vol,720k_high_spike_vol,720k_low_ts,720k_low_src_open,720k_low_src_close,720k_low_src_vol,720k_low_spike_vol,1440k_open,1440k_high,1440k_low,1440k_close,1440k_high_ts,1440k_high_src_open,1440k_high_src_close,1440k_high_src_vol,1440k_high_spike_vol,1440k_low_ts,1440k_low_src_open,1440k_low_src_close,1440k_low_src_vol,1440k_low_spike_vol,step
1774276200000,1774276200000,17.23,17.23,17.22,17.23,1774276200000,17.23,17.23,13186,13186.0,1774276200000,17.23,17.23,13186,13186.0,17.23,17.23,17.22,17.23,1774276200000,17.23,17.23,13186,13186.0,1774276200000,17.23,17.23,13186,13186.0,1
1774276205000,1774276205000,17.23,17.23,17.22,17.23,1774276205000,17.23,17.23,200,0.0,1774276200000,17.23,17.23,13186,13086.0,17.23,17.23,17.22,17.23,1774276205000,17.23,17.23,200,0.0,1774276200000,17.23,17.23,13186,13086.0,2
1774276210000,1774276210000,17.23,17.23,17.21,17.23,1774276210000,17.23,17.23,7887,7787.0,1774276210000,17.23,17.23,7887,7787.0,17.23,17.23,17.21,17.23,1774276210000,17.23,17.23,7887,7787.0,1774276210000,17.23,17.23,7887,7787.0,3
1774276215000,1774276215000,17.23,17.23,17.21,17.21,1774276215000,17.23,17.21,14475,10531.5,1774276215000,17.23,17.21,14475,10531.5,17.23,17.23,17.21,17.21,1774276215000,17.23,17.21,14475,10531.5,1774276215000,17.23,17.21,14475,10531.5,4
1774276220000,1774276220000,17.23,17.23,17.21,17.22,1774276215000,17.23,17.21,14475,6731.5,1774276220000,17.22,17.22,7600,362.5,17.23,17.23,17.21,17.22,1774276215000,17.23,17.21,14475,6731.5,1774276220000,17.22,17.22,7600,362.5,5
1774276225000,1774276225000,17.23,17.23,17.2,17.21,1774276215000,17.23,17.21,14475,6731.5,1774276225000,17.21,17.21,28368,24568.0,17.23,17.23,17.2,17.21,1774276215000,17.23,17.21,14475,6731.5,1774276225000,17.21,17.21,28368,24568.0,6
1774276230000,1774276230000,17.23,17.23,17.2,17.21,1774276215000,17.23,17.21,14475,6731.5,1774276230000,17.21,17.21,2320,0.0,17.23,17.23,17.2,17.21,1774276215000,17.23,17.21,14475,6731.5,1774276230000,17.21,17.21,2320,0.0,7
1774276235000,1774276235000,17.23,17.23,17.2,17.2,1774276215000,17.23,17.21,14475,6731.5,1774276235000,17.21,17.2,12379,11219.0,17.23,17.23,17.2,17.2,1774276215000,17.23,17.21,14475,6731.5,1774276235000,17.21,17.2,12379,11219.0,8
1774276240000,1774276240000,17.23,17.23,17.19,17.2,1774276215000,17.23,17.21,14475,6731.5,1774276240000,17.2,17.2,2700,0.0,17.23,17.23,17.19,17.2,1774276215000,17.23,17.21,14475,6731.5,1774276240000,17.2,17.2,2700,0.0,9
1774276245000,1774276245000,17.23,17.23,17.19,17.2,1774276215000,17.23,17.21,14475,6731.5,1774276245000,17.2,17.2,3875,2525.0,17.23,17.23,17.19,17.2,1774276215000,17.23,17.21,14475,6731.5,1774276245000,17.2,17.2,3875,2525.0,10
1774276250000,1774276250000,17.23,17.23,17.19,17.19,1774276215000,17.23,17.21,14475,6731.5,1774276250000,17.2,17.19,600,0.0,17.23,17.23,17.19,17.19,1774276215000,17.23,17.21,14475,6731.5,1774276250000,17.2,17.19,600,0.0,11
1774276255000,1774276255000,17.23,17.23,17.18,17.19,1774276215000,17.23,17.21,14475,6731.5,1774276255000,17.2,17.19,2392,2092.0,17.23,17.23,17.18,17.19,1774276215000,17.23,17.21,14475,6731.5,1774276255000,17.2,17.19,2392,2092.0,12
1774276260000,1774276260000,17.23,17.23,17.18,17.19,1774276215000,17.23,17.21,14475,6731.5,1774276260000,17.19,17.19,2210,1014.0,17.23,17.23,17.18,17.19,1774276215000,17.23,17.21,14475,6731.5,1774276260000,17.19,17.19,2210,1014.0,13
1774276265000,1774276265000,17.23,17.23,17.18,17.19,1774276215000,17.23,17.21,14475,6731.5,1774276265000,17.19,17.19,6283,5178.0,17.23,17.23,17.18,17.19,1774276215000,17.23,17.21,14475,6731.5,1774276265000,17.19,17.19,6283,5178.0,14
1774276270000,1774276270000,17.23,17.23,17.18,17.19,1774276215000,17.23,17.21,14475,6731.5,1774276270000,17.19,17.19,5800,2658.5,17.23,17.23,17.18,17.19,1774276215000,17.23,17.21,14475,6731.5,1774276270000,17.19,17.19,5800,2658.5,15
1774276275000,1774276275000,17.23,17.23,17.18,17.19,1774276215000,17.23,17.21,14475,6731.5,1774276275000,17.19,17.19,10850,7950.0,17.23,17.23,17.18,17.19,1774276215000,17.23,17.21,14475,6731.5,1774276275000,17.19,17.19,10850,7950.0,16
1774276280000,1774276280000,17.23,17.23,17.18,17.19,1774276215000,17.23,17.21,14475,6731.5,1774276280000,17.19,17.19,6478,1053.0,17.23,17.23,17.18,17.19,1774276215000,17.23,17.21,14475,6731.5,1774276280000,17.19,17.19,6478,1053.0,17
1774276285000,1774276285000,17.23,17.23,17.18,17.21,1774276215000,17.23,17.21,14475,6731.5,1774276285000,17.18,17.21,6285,3046.0,17.23,17.23,17.18,17.21,1774276215000,17.23,17.21,14475,6731.5,1774276285000,17.18,17.21,6285,3046.0,18
1774276290000,1774276290000,17.23,17.23,17.18,17.21,1774276215000,17.23,17.21,14475,6731.5,1774276285000,17.18,17.21,6285,2101.0,17.23,17.23,17.18,17.21,1774276215000,17.23,17.21,14475,6731.5,1774276285000,17.18,17.21,6285,2101.0,19
1774276295000,1774276295000,17.23,17.23,17.18,17.2,1774276215000,17.23,17.21,14475,6731.5,1774276285000,17.18,17.21,6285,2101.0,17.23,17.23,17.18,17.2,1774276215000,17.23,17.21,14475,6731.5,1774276285000,17.18,17.21,6285,2101.0,20
1774276300000,1774276300000,17.23,17.23,17.18,17.21,1774276215000,17.23,17.21,14475,6731.5,1774276285000,17.18,17.21,6285,2101.0,17.23,17.23,17.18,17.21,1774276215000,17.23,17.21,14475,6731.5,1774276285000,17.18,17.21,6285,2101.0,21
1774276305000,1774276305000,17.23,17.23,17.18,17.21,1774276215000,17.23,17.21,14475,6731.5,1774276285000,17.18,17.21,6285,2101.0,17.23,17.23,17.18,17.21,1774276215000,17.23,17.21,14475,6731.5,1774276285000,17.18,17.21,6285,2101.0,22
1774276310000,1774276310000,17.23,17.23,17.18,17.21,1774276215000,17.23,17.21,14475,6731.5,1774276285000,17.18,17.21,6285,2101.0,17.23,17.23,17.18,17.21,1774276215000,17.23,17.21,14475,6731.5,1774276285000,17.18,17.21,6285,2101.0,23
1774276315000,1774276315000,17.23,17.23,17.18,17.2,1774276215000,17.23,17.21,14475,6731.5,1774276285000,17.18,17.21,6285,2101.0,17.23,17.23,17.18,17.2,1774276215000,17.23,17.21,14475,6731.5,1774276285000,17.18,17.21,6285,2101.0,24
1774276320000,1774276320000,17.23,17.23,17.18,17.21,1774276215000,17.23,17.21,14475,6731.5,1774276285000,17.18,17.21,6285,2101.0,17.23,17.23,17.18,17.21,1774276215000,17.23,17.21,14475,6731.5,1774276285000,17.18,17.21,6285,2101.0,25
1774276325000,1774276325000,17.23,17.23,17.18,17.21,1774276215000,17.23,17.21,14475,6731.5,1774276285000,17.18,17.21,6285,2101.0,17.23,17.23,17.18,17.21,1774276215000,17.23,17.21,14475,6731.5,1774276285000,17.18,17.21,6285,2101.0,26
1774276330000,1774276330000,17.23,17.23,17.18,17.2,1774276215000,17.23,17.21,14475,6731.5,1774276285000,17.18,17.21,6285,2101.0,17.23,17.23,17.18,17.2,1774276215000,17.23,17.21,14475,6731.5,1774276285000,17.18,17.21,6285,2101.0,27
1774276335000,1774276335000,17.23,17.23,17.18,17.21,1774276215000,17.23,17.21,14475,6731.5,1774276285000,17.18,17.21,6285,2101.0,17.23,17.23,17.18,17.21,1774276215000,17.23,17.21,14475,6731.5,1774276285000,17.18,17.21,6285,2101.0,28
1774276340000,1774276340000,17.23,17.23,17.18,17.21,1774276215000,17.23,17.21,14475,6731.5,1774276285000,17.18,17.21,6285,2101.0,17.23,17.23,17.18,17.21,1774276215000,17.23,17.21,14475,6731.5,1774276285000,17.18,17.21,6285,2101.0,29
1774276345000,1774276345000,17.23,17.23,17.18,17.21,1774276215000,17.23,17.21,14475,6731.5,1774276285000,17.18,17.21,6285,2101.0,17.23,17.23,17.18,17.21,1774276215000,17.23,17.21,14475,6731.5,1774276285000,17.18,17.21,6285,2101.0,30
1774276350000,1774276350000,17.23,17.23,17.18,17.21,1774276215000,17.23,17.21,14475,6731.5,1774276285000,17.18,17.21,6285,2101.0,17.23,17.23,17.18,17.21,1774276215000,17.23,17.21,14475,6731.5,1774276285000,17.18,17.21,6285,2101.0,31
1774276355000,1774276355000,17.23,17.23,17.18,17.21,1774276215000,17.23,17.21,14475,6731.5,1774276285000,17.18,17.21,6285,2101.0,17.23,17.23,17.18,17.21,1774276215000,17.23,17.21,14475,6731.5,1774276285000,17.18,17.21,6285,2101.0,32
1774276360000,1774276360000,17.23,17.23,17.18,17.21,1774276215000,17.23,17.21,14475,6731.5,1774276285000,17.18,17.21,6285,2101.0,17.23,17.23,17.18,17.21,1774276215000,17.23,17.21,14475,6731.5,1774276285000,17.18,17.21,6285,2101.0,33
1774276365000,1774276365000,17.23,17.23,17.18,17.21,1774276215000,17.23,17.21,14475,6731.5,1774276285000,17.18,17.21,6285,2101.0,17.23,17.23,17.18,17.21,1774276215000,17.23,17.21,14475,6731.5,1774276285000,17.18,17.21,6285,2101.0,34
1774276370000,1774276370000,17.23,17.23,17.18,17.22,1774276215000,17.23,17.21,14475,6731.5,1774276285000,17.18,17.21,6285,2101.0,17.23,17.23,17.18,17.22,1774276215000,17.23,17.21,14475,6731.5,1774276285000,17.18,17.21,6285,2101.0,35
1774276375000,1774276375000,17.23,17.23,17.18,17.23,1774276375000,17.21,17.23,22198,15280.0,1774276285000,17.18,17.21,6285,2101.0,17.23,17.23,17.18,17.23,1774276375000,17.21,17.23,22198,15280.0,1774276285000,17.18,17.21,6285,2101.0,36
1774276380000,1774276380000,17.23,17.24,17.18,17.23,1774276380000,17.23,17.23,9156,0.0,1774276285000,17.18,17.21,6285,2101.0,17.23,17.24,17.18,17.23,1774276380000,17.23,17.23,9156,0.0,1774276285000,17.18,17.21,6285,2101.0,37
1774276385000,1774276385000,17.23,17.24,17.18,17.23,1774276380000,17.23,17.23,9156,0.0,1774276285000,17.18,17.21,6285,2101.0,17.23,17.24,17.18,17.23,1774276380000,17.23,17.23,9156,0.0,1774276285000,17.18,17.21,6285,2101.0,38
1774276390000,1774276390000,17.23,17.24,17.18,17.23,1774276390000,17.23,17.23,6893,0.0,1774276285000,17.18,17.21,6285,2101.0,17.23,17.24,17.18,17.23,1774276390000,17.23,17.23,6893,0.0,1774276285000,17.18,17.21,6285,2101.0,39
1774276395000,1774276395000,17.23,17.24,17.18,17.23,1774276395000,17.23,17.23,13717,10270.5,1774276285000,17.18,17.21,6285,2101.0,17.23,17.24,17.18,17.23,1774276395000,17.23,17.23,13717,10270.5,1774276285000,17.18,17.21,6285,2101.0,40
1774276400000,1774276400000,17.23,17.25,17.18,17.25,1774276400000,17.24,17.25,3277,0.0,1774276285000,17.18,17.21,6285,2101.0,17.23,17.25,17.18,17.25,1774276400000,17.24,17.25,3277,0.0,1774276285000,17.18,17.21,6285,2101.0,41
1774276405000,1774276405000,17.23,17.25,17.18,17.22,1774276405000,17.24,17.22,20576,18937.5,1774276285000,17.18,17.21,6285,2101.0,17.23,17.25,17.18,17.22,1774276405000,17.24,17.22,20576,18937.5,1774276285000,17.18,17.21,6285,2101.0,42
1774276410000,1774276410000,17.23,17.25,17.18,17.21,1774276405000,17.24,17.22,20576,7733.0,1774276285000,17.18,17.21,6285,2101.0,17.23,17.25,17.18,17.21,1774276405000,17.24,17.22,20576,7733.0,1774276285000,17.18,17.21,6285,2101.0,43
1774276415000,1774276415000,17.23,17.25,17.18,17.21,1774276405000,17.24,17.22,20576,7733.0,1774276285000,17.18,17.21,6285,2101.0,17.23,17.25,17.18,17.21,1774276405000,17.24,17.22,20576,7733.0,1774276285000,17.18,17.21,6285,2101.0,44
1774276420000,1774276420000,17.23,17.25,17.18,17.21,1774276405000,17.24,17.22,20576,7733.0,1774276285000,17.18,17.21,6285,2101.0,17.23,17.25,17.18,17.21,1774276405000,17.24,17.22,20576,7733.0,1774276285000,17.18,17.21,6285,2101.0,45
1774276425000,1774276425000,17.23,17.25,17.18,17.21,1774276405000,17.24,17.22,20576,7733.0,1774276285000,17.18,17.21,6285,2101.0,17.23,17.25,17.18,17.21,1774276405000,17.24,17.22,20576,7733.0,1774276285000,17.18,17.21,6285,2101.0,46
1774276430000,1774276430000,17.23,17.25,17.18,17.21,1774276405000,17.24,17.22,20576,7733.0,1774276285000,17.18,17.21,6285,2101.0,17.23,17.25,17.18,17.21,1774276405000,17.24,17.22,20576,7733.0,1774276285000,17.18,17.21,6285,2101.0,47
1774276435000,1774276435000,17.23,17.25,17.18,17.21,1774276405000,17.24,17.22,20576,7733.0,1774276285000,17.18,17.21,6285,2101.0,17.23,17.25,17.18,17.21,1774276405000,17.24,17.22,20576,7733.0,1774276285000,17.18,17.21,6285,2101.0,48
1774276440000,1774276440000,17.23,17.25,17.18,17.21,1774276405000,17.24,17.22,20576,7733.0,1774276285000,17.18,17.21,6285,2101.0,17.23,17.25,17.18,17.21,1774276405000,17.24,17.22,20576,7733.0,1774276285000,17.18,17.21,6285,2101.0,49
1774276445000,1774276445000,17.23,17.25,17.18,17.21,1774276405000,17.24,17.22,20576,7733.0,1774276285000,17.18,17.21,6285,2101.0,17.23,17.25,17.18,17.21,1774276405000,17.24,17.22,20576,7733.0,1774276285000,17.18,17.21,6285,2101.0,50
1774276450000,1774276450000,17.23,17.25,17.18,17.21,1774276405000,17.24,17.22,20576,7733.0,1774276285000,17.18,17.21,6285,2101.0,17.23,17.25,17.18,17.21,1774276405000,17.24,17.22,20576,7733.0,1774276285000,17.18,17.21,6285,2101.0,51
1774276455000,1774276455000,17.23,17.25,17.18,17.21,1774276405000,17.24,17.22,20576,7733.0,1774276285000,17.18,17.21,6285,2101.0,17.23,17.25,17.18,17.21,1774276405000,17.24,17.22,20576,7733.0,1774276285000,17.18,17.21,6285,2101.0,52
1774276460000,1774276460000,17.23,17.25,17.18,17.2,1774276405000,17.24,17.22,20576,7733.0,1774276285000,17.18,17.21,6285,2101.0,17.23,17.25,17.18,17.2,1774276405000,17.24,17.22,20576,7733.0,1774276285000,17.18,17.21,6285,2101.0,53
1774276465000,1774276465000,17.23,17.25,17.18,17.2,1774276405000,17.24,17.22,20576,7733.0,1774276285000,17.18,17.21,6285,2101.0,17.23,17.25,17.18,17.2,1774276405000,17.24,17.22,20576,7733.0,1774276285000,17.18,17.21,6285,2101.0,54
1774276470000,1774276470000,17.23,17.25,17.18,17.2,1774276405000,17.24,17.22,20576,7733.0,1774276285000,17.18,17.21,6285,2101.0,17.23,17.25,17.18,17.2,1774276405000,17.24,17.22,20576,7733.0,1774276285000,17.18,17.21,6285,2101.0,55
1774276475000,1774276475000,17.23,17.25,17.18,17.19,1774276405000,17.24,17.22,20576,7733.0,1774276475000,17.19,17.19,4947,0.0,17.23,17.25,17.18,17.19,1774276405000,17.24,17.22,20576,7733.0,1774276475000,17.19,17.19,4947,0.0,56
1774276480000,1774276480000,17.23,17.25,17.18,17.19,1774276405000,17.24,17.22,20576,7733.0,1774276480000,17.19,17.19,1712,0.0,17.23,17.25,17.18,17.19,1774276405000,17.24,17.22,20576,7733.0,1774276480000,17.19,17.19,1712,0.0,57
1774276485000,1774276485000,17.23,17.25,17.18,17.18,1774276405000,17.24,17.22,20576,7733.0,1774276485000,17.19,17.18,1913,1057.0,17.23,17.25,17.18,17.18,1774276405000,17.24,17.22,20576,7733.0,1774276485000,17.19,17.18,1913,1057.0,58
1774276490000,1774276490000,17.23,17.25,17.18,17.18,1774276405000,17.24,17.22,20576,7733.0,1774276490000,17.19,17.18,3390,2433.5,17.23,17.25,17.18,17.18,1774276405000,17.24,17.22,20576,7733.0,1774276490000,17.19,17.18,3390,2433.5,59
1774276495000,1774276495000,17.23,17.25,17.17,17.18,1774276405000,17.24,17.22,20576,7733.0,1774276495000,17.19,17.18,7781,6086.0,17.23,17.25,17.17,17.18,1774276405000,17.24,17.22,20576,7733.0,1774276495000,17.19,17.18,7781,6086.0,60
1774276500000,1774276500000,17.23,17.25,17.17,17.19,1774276405000,17.24,17.22,20576,7733.0,1774276495000,17.19,17.18,7781,2778.5,17.23,17.25,17.17,17.19,1774276405000,17.24,17.22,20576,7733.0,1774276495000,17.19,17.18,7781,2778.5,61
1774276505000,1774276505000,17.23,17.25,17.17,17.2,1774276405000,17.24,17.22,20576,7733.0,1774276495000,17.19,17.18,7781,2778.5,17.23,17.25,17.17,17.2,1774276405000,17.24,17.22,20576,7733.0,1774276495000,17.19,17.18,7781,2778.5,62
1774276510000,1774276510000,17.23,17.25,17.17,17.21,1774276405000,17.24,17.22,20576,7733.0,1774276495000,17.19,17.18,7781,2778.5,17.23,17.25,17.17,17.21,1774276405000,17.24,17.22,20576,7733.0,1774276495000,17.19,17.18,7781,2778.5,63
1774276515000,1774276515000,17.23,17.25,17.17,17.21,1774276405000,17.24,17.22,20576,7733.0,1774276495000,17.19,17.18,7781,2778.5,17.23,17.25,17.17,17.21,1774276405000,17.24,17.22,20576,7733.0,1774276495000,17.19,17.18,7781,2778.5,64
1774276520000,1774276520000,17.23,17.25,17.17,17.19,1774276405000,17.24,17.22,20576,7733.0,1774276495000,17.19,17.18,7781,2778.5,17.23,17.25,17.17,17.19,1774276405000,17.24,17.22,20576,7733.0,1774276495000,17.19,17.18,7781,2778.5,65
1774276525000,1774276525000,17.23,17.25,17.17,17.19,1774276405000,17.24,17.22,20576,7733.0,1774276495000,17.19,17.18,7781,2778.5,17.23,17.25,17.17,17.19,1774276405000,17.24,17.22,20576,7733.0,1774276495000,17.19,17.18,7781,2778.5,66
1774276530000,1774276530000,17.23,17.25,17.17,17.19,1774276405000,17.24,17.22,20576,7733.0,1774276495000,17.19,17.18,7781,2778.5,17.23,17.25,17.17,17.19,1774276405000,17.24,17.22,20576,7733.0,1774276495000,17.19,17.18,7781,2778.5,67
1774276535000,1774276535000,17.23,17.25,17.17,17.2,1774276405000,17.24,17.22,20576,7733.0,1774276495000,17.19,17.18,7781,2778.5,17.23,17.25,17.17,17.2,1774276405000,17.24,17.22,20576,7733.0,1774276495000,17.19,17.18,7781,2778.5,68
1774276540000,1774276540000,17.23,17.25,17.17,17.2,1774276405000,17.24,17.22,20576,7733.0,1774276495000,17.19,17.18,7781,2778.5,17.23,17.25,17.17,17.2,1774276405000,17.24,17.22,20576,7733.0,1774276495000,17.19,17.18,7781,2778.5,69
1774276545000,1774276545000,17.23,17.25,17.17,17.21,1774276405000,17.24,17.22,20576,7733.0,1774276495000,17.19,17.18,7781,2778.5,17.23,17.25,17.17,17.21,1774276405000,17.24,17.22,20576,7733.0,1774276495000,17.19,17.18,7781,2778.5,70
1774276550000,1774276550000,17.23,17.25,17.17,17.2,1774276405000,17.24,17.22,20576,7733.0,1774276495000,17.19,17.18,7781,2778.5,17.23,17.25,17.17,17.2,1774276405000,17.24,17.22,20576,7733.0,1774276495000,17.19,17.18,7781,2778.5,71
1774276555000,1774276555000,17.23,17.25,17.17,17.21,1774276405000,17.24,17.22,20576,7733.0,1774276495000,17.19,17.18,7781,2778.5,17.23,17.25,17.17,17.21,1774276405000,17.24,17.22,20576,7733.0,1774276495000,17.19,17.18,7781,2778.5,72
1774276560000,1774276560000,17.23,17.25,17.17,17.21,1774276405000,17.24,17.22,20576,7733.0,1774276495000,17.19,17.18,7781,2778.5,17.23,17.25,17.17,17.21,1774276405000,17.24,17.22,20576,7733.0,1774276495000,17.19,17.18,7781,2778.5,73
1774276565000,1774276565000,17.23,17.25,17.17,17.2,1774276405000,17.24,17.22,20576,7733.0,1774276495000,17.19,17.18,7781,2778.5,17.23,17.25,17.17,17.2,1774276405000,17.24,17.22,20576,7733.0,1774276495000,17.19,17.18,7781,2778.5,74
1774276570000,1774276570000,17.23,17.25,17.17,17.18,1774276405000,17.24,17.22,20576,7733.0,1774276495000,17.19,17.18,7781,2778.5,17.23,17.25,17.17,17.18,1774276405000,17.24,17.22,20576,7733.0,1774276495000,17.19,17.18,7781,2778.5,75
1774276575000,1774276575000,17.23,17.25,17.16,17.16,1774276405000,17.24,17.22,20576,7733.0,1774276575000,17.18,17.16,8990,0.0,17.23,17.25,17.16,17.16,1774276405000,17.24,17.22,20576,7733.0,1774276575000,17.18,17.16,8990,0.0,76
1774276580000,1774276580000,17.23,17.25,17.15,17.16,1774276405000,17.24,17.22,20576,7733.0,1774276580000,17.16,17.16,4280,0.0,17.23,17.25,17.15,17.16,1774276405000,17.24,17.22,20576,7733.0,1774276580000,17.16,17.16,4280,0.0,77
1774276585000,1774276585000,17.23,17.25,17.15,17.16,1774276405000,17.24,17.22,20576,7733.0,1774276580000,17.16,17.16,4280,0.0,17.23,17.25,17.15,17.16,1774276405000,17.24,17.22,20576,7733.0,1774276580000,17.16,17.16,4280,0.0,78
1774276590000,1774276590000,17.23,17.25,17.15,17.16,1774276405000,17.24,17.22,20576,7733.0,1774276590000,17.16,17.16,14181,8346.5,17.23,17.25,17.15,17.16,1774276405000,17.24,17.22,20576,7733.0,1774276590000,17.16,17.16,14181,8346.5,79
1774276595000,1774276595000,17.18,17.25,17.14,17.14,1774276405000,17.24,17.22,20576,7733.0,1774276595000,17.16,17.14,150800,143709.5,17.23,17.25,17.14,17.14,1774276405000,17.24,17.22,20576,7733.0,1774276595000,17.16,17.14,150800,143709.5,80
1774276600000,1774276600000,17.2,17.25,17.12,17.13,1774276405000,17.24,17.22,20576,7733.0,1774276600000,17.13,17.13,28961,0.0,17.23,17.25,17.12,17.13,1774276405000,17.24,17.22,20576,7733.0,1774276600000,17.13,17.13,28961,0.0,81
1774276605000,1774276605000,17.2,17.25,17.12,17.13,1774276405000,17.24,17.22,20576,7733.0,1774276605000,17.13,17.13,6262,0.0,17.23,17.25,17.12,17.13,1774276405000,17.24,17.22,20576,7733.0,1774276605000,17.13,17.13,6262,0.0,82
1774276610000,1774276610000,17.2,17.25,17.12,17.13,1774276405000,17.24,17.22,20576,7733.0,1774276610000,17.14,17.13,2731,0.0,17.23,17.25,17.12,17.13,1774276405000,17.24,17.22,20576,7733.0,1774276610000,17.14,17.13,2731,0.0,83
1774276615000,1774276615000,17.2,17.25,17.12,17.14,1774276405000,17.24,17.22,20576,7733.0,1774276615000,17.12,17.14,2718,1352.5,17.23,17.25,17.12,17.14,1774276405000,17.24,17.22,20576,7733.0,1774276615000,17.12,17.14,2718,1352.5,84
1774276620000,1774276620000,17.2,17.25,17.12,17.14,1774276405000,17.24,17.22,20576,7733.0,1774276615000,17.12,17.14,2718,802.5,17.23,17.25,17.12,17.14,1774276405000,17.24,17.22,20576,7733.0,1774276615000,17.12,17.14,2718,802.5,85
1774276625000,1774276625000,17.2,17.25,17.12,17.12,1774276405000,17.24,17.22,20576,7733.0,1774276625000,17.14,17.12,9182,8632.0,17.23,17.25,17.12,17.12,1774276405000,17.24,17.22,20576,7733.0,1774276625000,17.14,17.12,9182,8632.0,86
1774276630000,1774276630000,17.21,17.25,17.11,17.13,1774276405000,17.24,17.22,20576,7733.0,1774276630000,17.12,17.13,8898,4307.0,17.23,17.25,17.11,17.13,1774276405000,17.24,17.22,20576,7733.0,1774276630000,17.12,17.13,8898,4307.0,87
1774276635000,1774276635000,17.2,17.25,17.11,17.14,1774276405000,17.24,17.22,20576,7733.0,1774276630000,17.12,17.13,8898,206.5,17.23,17.25,17.11,17.14,1774276405000,17.24,17.22,20576,7733.0,1774276630000,17.12,17.13,8898,206.5,88
1774276640000,1774276640000,17.21,17.25,17.11,17.14,1774276405000,17.24,17.22,20576,7733.0,1774276630000,17.12,17.13,8898,206.5,17.23,17.25,17.11,17.14,1774276405000,17.24,17.22,20576,7733.0,1774276630000,17.12,17.13,8898,206.5,89
1774276645000,1774276645000,17.21,17.25,17.11,17.14,1774276405000,17.24,17.22,20576,7733.0,1774276630000,17.12,17.13,8898,206.5,17.23,17.25,17.11,17.14,1774276405000,17.24,17.22,20576,7733.0,1774276630000,17.12,17.13,8898,206.5,90
1774276650000,1774276650000,17.21,17.25,17.11,17.13,1774276405000,17.24,17.22,20576,7733.0,1774276630000,17.12,17.13,8898,206.5,17.23,17.25,17.11,17.13,1774276405000,17.24,17.22,20576,7733.0,1774276630000,17.12,17.13,8898,206.5,91
1774276655000,1774276655000,17.21,17.25,17.11,17.12,1774276405000,17.24,17.22,20576,7733.0,1774276630000,17.12,17.13,8898,206.5,17.23,17.25,17.11,17.12,1774276405000,17.24,17.22,20576,7733.0,1774276630000,17.12,17.13,8898,206.5,92
1774276660000,1774276660000,17.21,17.25,17.11,17.12,1774276405000,17.24,17.22,20576,7733.0,1774276660000,17.13,17.12,18119,16121.5,17.23,17.25,17.11,17.12,1774276405000,17.24,17.22,20576,7733.0,1774276660000,17.13,17.12,18119,16121.5,93
1774276665000,1774276665000,17.23,17.25,17.1,17.11,1774276405000,17.24,17.22,20576,7733.0,1774276665000,17.12,17.11,14481,5421.5,17.23,17.25,17.1,17.11,1774276405000,17.24,17.22,20576,7733.0,1774276665000,17.12,17.11,14481,5421.5,94
1774276670000,1774276670000,17.23,17.25,17.09,17.09,1774276405000,17.24,17.22,20576,7733.0,1774276670000,17.11,17.09,46140,38899.5,17.23,17.25,17.09,17.09,1774276405000,17.24,17.22,20576,7733.0,1774276670000,17.11,17.09,46140,38899.5,95
1774276675000,1774276675000,17.23,17.25,17.08,17.09,1774276405000,17.24,17.22,20576,7733.0,1774276675000,17.09,17.09,3231,0.0,17.23,17.25,17.08,17.09,1774276405000,17.24,17.22,20576,7733.0,1774276675000,17.09,17.09,3231,0.0,96
1774276680000,1774276680000,17.24,17.25,17.08,17.1,1774276405000,17.24,17.22,20576,7733.0,1774276675000,17.09,17.09,3231,0.0,17.23,17.25,17.08,17.1,1774276405000,17.24,17.22,20576,7733.0,1774276675000,17.09,17.09,3231,0.0,97
1774276685000,1774276685000,17.24,17.25,17.08,17.09,1774276405000,17.24,17.22,20576,7733.0,1774276675000,17.09,17.09,3231,0.0,17.23,17.25,17.08,17.09,1774276405000,17.24,17.22,20576,7733.0,1774276675000,17.09,17.09,3231,0.0,98
1774276690000,1774276690000,17.21,17.23,17.08,17.1,1774276555000,17.21,17.21,40447,38198.5,1774276675000,17.09,17.09,3231,0.0,17.23,17.25,17.08,17.1,1774276405000,17.24,17.22,20576,7733.0,1774276675000,17.09,17.09,3231,0.0,99
1774276695000,1774276695000,17.21,17.23,17.08,17.1,1774276555000,17.21,17.21,40447,38198.5,1774276675000,17.09,17.09,3231,0.0,17.23,17.25,17.08,17.1,1774276405000,17.24,17.22,20576,7733.0,1774276675000,17.09,17.09,3231,0.0,100
1774276700000,1774276700000,17.21,17.23,17.08,17.11,1774276555000,17.21,17.21,40447,38198.5,1774276675000,17.09,17.09,3231,0.0,17.23,17.25,17.08,17.11,1774276405000,17.24,17.22,20576,7733.0,1774276675000,17.09,17.09,3231,0.0,101
1774276705000,1774276705000,17.21,17.23,17.08,17.11,1774276555000,17.21,17.21,40447,38198.5,1774276675000,17.09,17.09,3231,0.0,17.23,17.25,17.08,17.11,1774276405000,17.24,17.22,20576,7733.0,1774276675000,17.09,17.09,3231,0.0,102
1774276710000,1774276710000,17.21,17.23,17.08,17.13,1774276555000,17.21,17.21,40447,38198.5,1774276675000,17.09,17.09,3231,0.0,17.23,17.25,17.08,17.13,1774276405000,17.24,17.22,20576,7733.0,1774276675000,17.09,17.09,3231,0.0,103
1774276715000,1774276715000,17.21,17.23,17.08,17.14,1774276555000,17.21,17.21,40447,38198.5,1774276675000,17.09,17.09,3231,0.0,17.23,17.25,17.08,17.14,1774276405000,17.24,17.22,20576,7733.0,1774276675000,17.09,17.09,3231,0.0,104
1774276720000,1774276720000,17.21,17.23,17.08,17.14,1774276555000,17.21,17.21,40447,38198.5,1774276675000,17.09,17.09,3231,0.0,17.23,17.25,17.08,17.14,1774276405000,17.24,17.22,20576,7733.0,1774276675000,17.09,17.09,3231,0.0,105
1774276725000,1774276725000,17.21,17.23,17.08,17.14,1774276555000,17.21,17.21,40447,38198.5,1774276675000,17.09,17.09,3231,0.0,17.23,17.25,17.08,17.14,1774276405000,17.24,17.22,20576,7733.0,1774276675000,17.09,17.09,3231,0.0,106
1774276730000,1774276730000,17.21,17.23,17.08,17.14,1774276555000,17.21,17.21,40447,38198.5,1774276675000,17.09,17.09,3231,0.0,17.23,17.25,17.08,17.14,1774276405000,17.24,17.22,20576,7733.0,1774276675000,17.09,17.09,3231,0.0,107
1774276735000,1774276735000,17.2,17.23,17.08,17.14,1774276555000,17.21,17.21,40447,38198.5,1774276675000,17.09,17.09,3231,0.0,17.23,17.25,17.08,17.14,1774276405000,17.24,17.22,20576,7733.0,1774276675000,17.09,17.09,3231,0.0,108
1774276740000,1774276740000,17.2,17.23,17.08,17.14,1774276555000,17.21,17.21,40447,38198.5,1774276675000,17.09,17.09,3231,0.0,17.23,17.25,17.08,17.14,1774276405000,17.24,17.22,20576,7733.0,1774276675000,17.09,17.09,3231,0.0,109
1774276745000,1774276745000,17.2,17.23,17.08,17.13,1774276555000,17.21,17.21,40447,38198.5,1774276675000,17.09,17.09,3231,0.0,17.23,17.25,17.08,17.13,1774276405000,17.24,17.22,20576,7733.0,1774276675000,17.09,17.09,3231,0.0,110
1774276750000,1774276750000,17.2,17.23,17.08,17.13,1774276555000,17.21,17.21,40447,38198.5,1774276675000,17.09,17.09,3231,0.0,17.23,17.25,17.08,17.13,1774276405000,17.24,17.22,20576,7733.0,1774276675000,17.09,17.09,3231,0.0,111
1774276755000,1774276755000,17.2,17.23,17.08,17.11,1774276555000,17.21,17.21,40447,38198.5,1774276675000,17.09,17.09,3231,0.0,17.23,17.25,17.08,17.11,1774276405000,17.24,17.22,20576,7733.0,1774276675000,17.09,17.09,3231,0.0,112
1774276760000,1774276760000,17.2,17.23,17.08,17.12,1774276555000,17.21,17.21,40447,38198.5,1774276675000,17.09,17.09,3231,0.0,17.23,17.25,17.08,17.12,1774276405000,17.24,17.22,20576,7733.0,1774276675000,17.09,17.09,3231,0.0,113
1774276765000,1774276765000,17.2,17.23,17.08,17.12,1774276555000,17.21,17.21,40447,38198.5,1774276675000,17.09,17.09,3231,0.0,17.23,17.25,17.08,17.12,1774276405000,17.24,17.22,20576,7733.0,1774276675000,17.09,17.09,3231,0.0,114
1774276770000,1774276770000,17.21,17.23,17.08,17.12,1774276555000,17.21,17.21,40447,38198.5,1774276675000,17.09,17.09,3231,0.0,17.23,17.25,17.08,17.12,1774276405000,17.24,17.22,20576,7733.0,1774276675000,17.09,17.09,3231,0.0,115
1774276775000,1774276775000,17.21,17.23,17.08,17.13,1774276555000,17.21,17.21,40447,38198.5,1774276675000,17.09,17.09,3231,0.0,17.23,17.25,17.08,17.13,1774276405000,17.24,17.22,20576,7733.0,1774276675000,17.09,17.09,3231,0.0,116
1774276780000,1774276780000,17.2,17.23,17.08,17.13,1774276555000,17.21,17.21,40447,38198.5,1774276675000,17.09,17.09,3231,0.0,17.23,17.25,17.08,17.13,1774276405000,17.24,17.22,20576,7733.0,1774276675000,17.09,17.09,3231,0.0,117
1774276785000,1774276785000,17.21,17.23,17.08,17.13,1774276555000,17.21,17.21,40447,38198.5,1774276675000,17.09,17.09,3231,0.0,17.23,17.25,17.08,17.13,1774276405000,17.24,17.22,20576,7733.0,1774276675000,17.09,17.09,3231,0.0,118
1774276790000,1774276790000,17.21,17.23,17.08,17.14,1774276555000,17.21,17.21,40447,38198.5,1774276675000,17.09,17.09,3231,0.0,17.23,17.25,17.08,17.14,1774276405000,17.24,17.22,20576,7733.0,1774276675000,17.09,17.09,3231,0.0,119
1774276795000,1774276795000,17.19,17.23,17.08,17.16,1774276555000,17.21,17.21,40447,38198.5,1774276675000,17.09,17.09,3231,0.0,17.23,17.25,17.08,17.16,1774276405000,17.24,17.22,20576,7733.0,1774276675000,17.09,17.09,3231,0.0,120
1774276800000,1774276800000,17.18,17.23,17.08,17.16,1774276555000,17.21,17.21,40447,38198.5,1774276675000,17.09,17.09,3231,0.0,17.23,17.25,17.08,17.16,1774276405000,17.24,17.22,20576,7733.0,1774276675000,17.09,17.09,3231,0.0,121
1774276805000,1774276805000,17.18,17.23,17.08,17.16,1774276555000,17.21,17.21,40447,38198.5,1774276675000,17.09,17.09,3231,0.0,17.23,17.25,17.08,17.16,1774276405000,17.24,17.22,20576,7733.0,1774276675000,17.09,17.09,3231,0.0,122
1774276810000,1774276810000,17.19,17.23,17.08,17.18,1774276555000,17.21,17.21,40447,38198.5,1774276675000,17.09,17.09,3231,0.0,17.23,17.25,17.08,17.18,1774276405000,17.24,17.22,20576,7733.0,1774276675000,17.09,17.09,3231,0.0,123
1774276815000,1774276815000,17.19,17.23,17.08,17.18,1774276555000,17.21,17.21,40447,38198.5,1774276675000,17.09,17.09,3231,0.0,17.23,17.25,17.08,17.18,1774276405000,17.24,17.22,20576,7733.0,1774276675000,17.09,17.09,3231,0.0,124
1774276820000,1774276820000,17.2,17.23,17.08,17.18,1774276555000,17.21,17.21,40447,38198.5,1774276675000,17.09,17.09,3231,0.0,17.23,17.25,17.08,17.18,1774276405000,17.24,17.22,20576,7733.0,1774276675000,17.09,17.09,3231,0.0,125
1774276825000,1774276825000,17.2,17.23,17.08,17.18,1774276555000,17.21,17.21,40447,38198.5,1774276675000,17.09,17.09,3231,0.0,17.23,17.25,17.08,17.18,1774276405000,17.24,17.22,20576,7733.0,1774276675000,17.09,17.09,3231,0.0,126
1774276830000,1774276830000,17.19,17.23,17.08,17.17,1774276555000,17.21,17.21,40447,38198.5,1774276675000,17.09,17.09,3231,0.0,17.23,17.25,17.08,17.17,1774276405000,17.24,17.22,20576,7733.0,1774276675000,17.09,17.09,3231,0.0,127
1774276835000,1774276835000,17.21,17.23,17.08,17.16,1774276555000,17.21,17.21,40447,38198.5,1774276675000,17.09,17.09,3231,0.0,17.23,17.25,17.08,17.16,1774276405000,17.24,17.22,20576,7733.0,1774276675000,17.09,17.09,3231,0.0,128
1774276840000,1774276840000,17.21,17.23,17.08,17.17,1774276555000,17.21,17.21,40447,38198.5,1774276675000,17.09,17.09,3231,0.0,17.23,17.25,17.08,17.17,1774276405000,17.24,17.22,20576,7733.0,1774276675000,17.09,17.09,3231,0.0,129
1774276845000,1774276845000,17.21,17.23,17.08,17.16,1774276555000,17.21,17.21,40447,38198.5,1774276675000,17.09,17.09,3231,0.0,17.23,17.25,17.08,17.16,1774276405000,17.24,17.22,20576,7733.0,1774276675000,17.09,17.09,3231,0.0,130
1774276850000,1774276850000,17.21,17.21,17.08,17.14,1774276570000,17.21,17.18,23562,15886.0,1774276675000,17.09,17.09,3231,0.0,17.23,17.25,17.08,17.14,1774276405000,17.24,17.22,20576,7733.0,1774276675000,17.09,17.09,3231,0.0,131
1774276855000,1774276855000,17.21,17.21,17.08,17.14,1774276570000,17.21,17.18,23562,15886.0,1774276675000,17.09,17.09,3231,0.0,17.23,17.25,17.08,17.14,1774276405000,17.24,17.22,20576,7733.0,1774276675000,17.09,17.09,3231,0.0,132
1774276860000,1774276860000,17.21,17.21,17.08,17.14,1774276570000,17.21,17.18,23562,15886.0,1774276675000,17.09,17.09,3231,0.0,17.23,17.25,17.08,17.14,1774276405000,17.24,17.22,20576,7733.0,1774276675000,17.09,17.09,3231,0.0,133
1774276865000,1774276865000,17.21,17.21,17.08,17.14,1774276570000,17.21,17.18,23562,15886.0,1774276675000,17.09,17.09,3231,0.0,17.23,17.25,17.08,17.14,1774276405000,17.24,17.22,20576,7733.0,1774276675000,17.09,17.09,3231,0.0,134
1774276870000,1774276870000,17.21,17.21,17.08,17.14,1774276570000,17.21,17.18,23562,15886.0,1774276675000,17.09,17.09,3231,0.0,17.23,17.25,17.08,17.14,1774276405000,17.24,17.22,20576,7733.0,1774276675000,17.09,17.09,3231,0.0,135
1774276875000,1774276875000,17.21,17.21,17.08,17.14,1774276570000,17.21,17.18,23562,15886.0,1774276675000,17.09,17.09,3231,0.0,17.23,17.25,17.08,17.14,1774276405000,17.24,17.22,20576,7733.0,1774276675000,17.09,17.09,3231,0.0,136
1774276880000,1774276880000,17.21,17.21,17.08,17.14,1774276570000,17.21,17.18,23562,15886.0,1774276675000,17.09,17.09,3231,0.0,17.23,17.25,17.08,17.14,1774276405000,17.24,17.22,20576,7733.0,1774276675000,17.09,17.09,3231,0.0,137
1774276885000,1774276885000,17.18,17.18,17.08,17.14,1774276845000,17.17,17.16,48821,42798.5,1774276675000,17.09,17.09,3231,0.0,17.23,17.25,17.08,17.14,1774276405000,17.24,17.22,20576,7733.0,1774276675000,17.09,17.09,3231,0.0,138
1774276890000,1774276890000,17.16,17.18,17.08,17.15,1774276845000,17.17,17.16,48821,42798.5,1774276675000,17.09,17.09,3231,0.0,17.23,17.25,17.08,17.15,1774276405000,17.24,17.22,20576,7733.0,1774276675000,17.09,17.09,3231,0.0,139
1774276895000,1774276895000,17.16,17.18,17.08,17.16,1774276845000,17.17,17.16,48821,42798.5,1774276675000,17.09,17.09,3231,0.0,17.23,17.25,17.08,17.16,1774276405000,17.24,17.22,20576,7733.0,1774276675000,17.09,17.09,3231,0.0,140
1774276900000,1774276900000,17.16,17.18,17.08,17.15,1774276845000,17.17,17.16,48821,42798.5,1774276675000,17.09,17.09,3231,0.0,17.23,17.25,17.08,17.15,1774276405000,17.24,17.22,20576,7733.0,1774276675000,17.09,17.09,3231,0.0,141
1774276905000,1774276905000,17.16,17.18,17.08,17.16,1774276845000,17.17,17.16,48821,42798.5,1774276675000,17.09,17.09,3231,0.0,17.23,17.25,17.08,17.16,1774276405000,17.24,17.22,20576,7733.0,1774276675000,17.09,17.09,3231,0.0,142
1774276910000,1774276910000,17.16,17.18,17.08,17.16,1774276845000,17.17,17.16,48821,42798.5,1774276675000,17.09,17.09,3231,0.0,17.23,17.25,17.08,17.16,1774276405000,17.24,17.22,20576,7733.0,1774276675000,17.09,17.09,3231,0.0,143
1774276915000,1774276915000,17.16,17.18,17.08,17.16,1774276845000,17.17,17.16,48821,42798.5,1774276675000,17.09,17.09,3231,0.0,17.23,17.25,17.08,17.16,1774276405000,17.24,17.22,20576,7733.0,1774276675000,17.09,17.09,3231,0.0,144
1774276920000,1774276920000,17.16,17.18,17.08,17.16,1774276845000,17.17,17.16,48821,42798.5,1774276675000,17.09,17.09,3231,0.0,17.23,17.25,17.08,17.16,1774276405000,17.24,17.22,20576,7733.0,1774276675000,17.09,17.09,3231,0.0,145
1774276925000,1774276925000,17.16,17.18,17.08,17.16,1774276845000,17.17,17.16,48821,42798.5,1774276675000,17.09,17.09,3231,0.0,17.23,17.25,17.08,17.16,1774276405000,17.24,17.22,20576,7733.0,1774276675000,17.09,17.09,3231,0.0,146
1774276930000,1774276930000,17.13,17.18,17.08,17.18,1774276930000,17.16,17.18,154201,149421.0,1774276675000,17.09,17.09,3231,0.0,17.2,17.25,17.08,17.18,1774276405000,17.24,17.22,20576,7733.0,1774276675000,17.09,17.09,3231,0.0,147
1774276935000,1774276935000,17.13,17.18,17.08,17.18,1774276935000,17.18,17.18,2460,0.0,1774276675000,17.09,17.09,3231,0.0,17.2,17.25,17.08,17.18,1774276405000,17.24,17.22,20576,7733.0,1774276675000,17.09,17.09,3231,0.0,148
1774276940000,1774276940000,17.14,17.18,17.08,17.14,1774276940000,17.18,17.14,63256,62026.0,1774276675000,17.09,17.09,3231,0.0,17.21,17.25,17.08,17.14,1774276405000,17.24,17.22,20576,7733.0,1774276675000,17.09,17.09,3231,0.0,149
1774276945000,1774276945000,17.13,17.18,17.08,17.13,1774276940000,17.18,17.14,63256,54252.0,1774276675000,17.09,17.09,3231,0.0,17.21,17.25,17.08,17.13,1774276405000,17.24,17.22,20576,7733.0,1774276675000,17.09,17.09,3231,0.0,150
1774276950000,1774276950000,17.13,17.18,17.08,17.12,1774276940000,17.18,17.14,63256,54252.0,1774276675000,17.09,17.09,3231,0.0,17.21,17.25,17.08,17.12,1774276405000,17.24,17.22,20576,7733.0,1774276675000,17.09,17.09,3231,0.0,151
1774276955000,1774276955000,17.11,17.18,17.08,17.11,1774276940000,17.18,17.14,63256,54252.0,1774276675000,17.09,17.09,3231,0.0,17.23,17.25,17.08,17.11,1774276405000,17.24,17.22,20576,7733.0,1774276675000,17.09,17.09,3231,0.0,152
1774276960000,1774276960000,17.1,17.18,17.09,17.11,1774276940000,17.18,17.14,63256,54252.0,1774276700000,17.09,17.11,4092,0.0,17.23,17.25,17.08,17.11,1774276405000,17.24,17.22,20576,7733.0,1774276675000,17.09,17.09,3231,0.0,153
1774276965000,1774276965000,17.1,17.18,17.09,17.11,1774276940000,17.18,17.14,63256,54252.0,1774276700000,17.09,17.11,4092,0.0,17.24,17.25,17.08,17.11,1774276405000,17.24,17.22,20576,7733.0,1774276675000,17.09,17.09,3231,0.0,154
1774276970000,1774276970000,17.1,17.18,17.09,17.11,1774276940000,17.18,17.14,63256,54252.0,1774276700000,17.09,17.11,4092,0.0,17.24,17.25,17.08,17.11,1774276405000,17.24,17.22,20576,7733.0,1774276675000,17.09,17.09,3231,0.0,155
1774276975000,1774276975000,17.1,17.18,17.09,17.11,1774276940000,17.18,17.14,63256,54252.0,1774276700000,17.09,17.11,4092,0.0,17.21,17.23,17.08,17.11,1774276555000,17.21,17.21,40447,38198.5,1774276675000,17.09,17.09,3231,0.0,156
1774276980000,1774276980000,17.11,17.18,17.1,17.11,1774276940000,17.18,17.14,63256,54252.0,1774276980000,17.11,17.11,8066,4641.0,17.21,17.23,17.08,17.11,1774276555000,17.21,17.21,40447,38198.5,1774276675000,17.09,17.09,3231,0.0,157
1774276985000,1774276985000,17.13,17.18,17.1,17.12,1774276940000,17.18,17.14,63256,54252.0,1774276980000,17.11,17.11,8066,0.0,17.21,17.23,17.08,17.12,1774276555000,17.21,17.21,40447,38198.5,1774276675000,17.09,17.09,3231,0.0,158
1774276990000,1774276990000,17.13,17.18,17.1,17.11,1774276940000,17.18,17.14,63256,54252.0,1774276990000,17.12,17.11,14100,7820.0,17.21,17.23,17.08,17.11,1774276555000,17.21,17.21,40447,38198.5,1774276675000,17.09,17.09,3231,0.0,159
1774276995000,1774276995000,17.14,17.18,17.1,17.12,1774276940000,17.18,17.14,63256,54252.0,1774276995000,17.11,17.12,24865,17815.0,17.21,17.23,17.08,17.12,1774276555000,17.21,17.21,40447,38198.5,1774276675000,17.09,17.09,3231,0.0,160
1774277000000,1774277000000,17.14,17.18,17.1,17.12,1774276940000,17.18,17.14,63256,54252.0,1774276995000,17.11,17.12,24865,15641.0,17.2,17.23,17.08,17.12,1774276555000,17.21,17.21,40447,38198.5,1774276675000,17.09,17.09,3231,0.0,161
1774277005000,1774277005000,17.11,17.18,17.1,17.13,1774276940000,17.18,17.14,63256,54252.0,1774276995000,17.11,17.12,24865,15641.0,17.2,17.23,17.08,17.13,1774276555000,17.21,17.21,40447,38198.5,1774276675000,17.09,17.09,3231,0.0,162
1774277010000,1774277010000,17.12,17.18,17.1,17.14,1774276940000,17.18,17.14,63256,54252.0,1774276995000,17.11,17.12,24865,15641.0,17.21,17.23,17.08,17.14,1774276555000,17.21,17.21,40447,38198.5,1774276675000,17.09,17.09,3231,0.0,163
1774277015000,1774277015000,17.17,17.18,17.1,17.16,1774276940000,17.18,17.14,63256,54252.0,1774276995000,17.11,17.12,24865,15641.0,17.21,17.23,17.08,17.16,1774276555000,17.21,17.21,40447,38198.5,1774276675000,17.09,17.09,3231,0.0,164
1774277020000,1774277020000,17.17,17.18,17.1,17.16,1774276940000,17.18,17.14,63256,54252.0,1774276995000,17.11,17.12,24865,15641.0,17.21,17.23,17.08,17.16,1774276555000,17.21,17.21,40447,38198.5,1774276675000,17.09,17.09,3231,0.0,165
1774277025000,1774277025000,17.17,17.18,17.1,17.16,1774277025000,17.16,17.16,11281,9161.5,1774276995000,17.11,17.12,24865,15641.0,17.21,17.23,17.08,17.16,1774276555000,17.21,17.21,40447,38198.5,1774276675000,17.09,17.09,3231,0.0,166
1774277030000,1774277030000,17.17,17.18,17.1,17.17,1774277025000,17.16,17.16,11281,7971.5,1774276995000,17.11,17.12,24865,15641.0,17.21,17.23,17.08,17.17,1774276555000,17.21,17.21,40447,38198.5,1774276675000,17.09,17.09,3231,0.0,167
1774277035000,1774277035000,17.17,17.18,17.1,17.16,1774277025000,17.16,17.16,11281,7971.5,1774276995000,17.11,17.12,24865,15641.0,17.21,17.23,17.08,17.16,1774276555000,17.21,17.21,40447,38198.5,1774276675000,17.09,17.09,3231,0.0,168
1774277040000,1774277040000,17.17,17.18,17.1,17.16,1774277025000,17.16,17.16,11281,7971.5,1774276995000,17.11,17.12,24865,15641.0,17.21,17.23,17.08,17.16,1774276555000,17.21,17.21,40447,38198.5,1774276675000,17.09,17.09,3231,0.0,169
1774277045000,1774277045000,17.17,17.18,17.1,17.16,1774277025000,17.16,17.16,11281,7971.5,1774276995000,17.11,17.12,24865,15641.0,17.21,17.23,17.08,17.16,1774276555000,17.21,17.21,40447,38198.5,1774276675000,17.09,17.09,3231,0.0,170
1774277050000,1774277050000,17.17,17.18,17.1,17.14,1774277025000,17.16,17.16,11281,7971.5,1774276995000,17.11,17.12,24865,15641.0,17.21,17.23,17.08,17.14,1774276555000,17.21,17.21,40447,38198.5,1774276675000,17.09,17.09,3231,0.0,171
1774277055000,1774277055000,17.17,17.18,17.1,17.16,1774277025000,17.16,17.16,11281,7971.5,1774276995000,17.11,17.12,24865,15641.0,17.21,17.23,17.08,17.16,1774276555000,17.21,17.21,40447,38198.5,1774276675000,17.09,17.09,3231,0.0,172
1774277060000,1774277060000,17.16,17.18,17.1,17.16,1774277025000,17.16,17.16,11281,7971.5,1774276995000,17.11,17.12,24865,15641.0,17.21,17.21,17.08,17.16,1774276570000,17.21,17.18,23562,15886.0,1774276675000,17.09,17.09,3231,0.0,173
1774277065000,1774277065000,17.16,17.18,17.1,17.16,1774277025000,17.16,17.16,11281,7971.5,1774276995000,17.11,17.12,24865,15641.0,17.21,17.21,17.08,17.16,1774276570000,17.21,17.18,23562,15886.0,1774276675000,17.09,17.09,3231,0.0,174
1774277070000,1774277070000,17.14,17.18,17.1,17.17,1774277025000,17.16,17.16,11281,7971.5,1774276995000,17.11,17.12,24865,15641.0,17.21,17.21,17.08,17.17,1774276570000,17.21,17.18,23562,15886.0,1774276675000,17.09,17.09,3231,0.0,175
1774277075000,1774277075000,17.14,17.18,17.1,17.16,1774277025000,17.16,17.16,11281,7971.5,1774276995000,17.11,17.12,24865,15641.0,17.21,17.21,17.08,17.16,1774276570000,17.21,17.18,23562,15886.0,1774276675000,17.09,17.09,3231,0.0,176
1774277080000,1774277080000,17.14,17.18,17.1,17.15,1774277025000,17.16,17.16,11281,7971.5,1774276995000,17.11,17.12,24865,15641.0,17.21,17.21,17.08,17.15,1774276570000,17.21,17.18,23562,15886.0,1774276675000,17.09,17.09,3231,0.0,177
1774277085000,1774277085000,17.14,17.18,17.1,17.15,1774277025000,17.16,17.16,11281,7971.5,1774276995000,17.11,17.12,24865,15641.0,17.16,17.18,17.08,17.15,1774277025000,17.16,17.16,11281,7971.5,1774276675000,17.09,17.09,3231,0.0,178
1774277090000,1774277090000,17.16,17.18,17.1,17.14,1774277025000,17.16,17.16,11281,7971.5,1774276995000,17.11,17.12,24865,15641.0,17.16,17.18,17.08,17.14,1774277025000,17.16,17.16,11281,7971.5,1774276675000,17.09,17.09,3231,0.0,179
1774277095000,1774277095000,17.16,17.18,17.1,17.15,1774277025000,17.16,17.16,11281,7971.5,1774276995000,17.11,17.12,24865,15641.0,17.16,17.18,17.08,17.15,1774277025000,17.16,17.16,11281,7971.5,1774276675000,17.09,17.09,3231,0.0,180
1774277100000,1774277100000,17.16,17.18,17.1,17.14,1774277025000,17.16,17.16,11281,7971.5,1774276995000,17.11,17.12,24865,15641.0,17.16,17.18,17.08,17.14,1774277025000,17.16,17.16,11281,7971.5,1774276675000,17.09,17.09,3231,0.0,181
1774277105000,1774277105000,17.16,17.18,17.1,17.14,1774277025000,17.16,17.16,11281,7971.5,1774276995000,17.11,17.12,24865,15641.0,17.16,17.18,17.08,17.14,1774277025000,17.16,17.16,11281,7971.5,1774276675000,17.09,17.09,3231,0.0,182
1774277110000,1774277110000,17.16,17.18,17.1,17.14,1774277025000,17.16,17.16,11281,7971.5,1774276995000,17.11,17.12,24865,15641.0,17.16,17.18,17.08,17.14,1774277025000,17.16,17.16,11281,7971.5,1774276675000,17.09,17.09,3231,0.0,183
1774277115000,1774277115000,17.16,17.18,17.1,17.14,1774277025000,17.16,17.16,11281,7971.5,1774276995000,17.11,17.12,24865,15641.0,17.16,17.18,17.08,17.14,1774277025000,17.16,17.16,11281,7971.5,1774276675000,17.09,17.09,3231,0.0,184
1774277120000,1774277120000,17.16,17.18,17.1,17.12,1774277025000,17.16,17.16,11281,7971.5,1774276995000,17.11,17.12,24865,15641.0,17.13,17.18,17.08,17.12,1774277025000,17.16,17.16,11281,7971.5,1774276675000,17.09,17.09,3231,0.0,185
1774277125000,1774277125000,17.16,17.18,17.1,17.12,1774277025000,17.16,17.16,11281,7971.5,1774276995000,17.11,17.12,24865,15641.0,17.13,17.18,17.08,17.12,1774277025000,17.16,17.16,11281,7971.5,1774276675000,17.09,17.09,3231,0.0,186
1774277130000,1774277130000,17.16,17.18,17.1,17.13,1774277025000,17.16,17.16,11281,7971.5,1774276995000,17.11,17.12,24865,15641.0,17.13,17.18,17.08,17.13,1774277025000,17.16,17.16,11281,7971.5,1774276675000,17.09,17.09,3231,0.0,187
1774277135000,1774277135000,17.18,17.18,17.1,17.11,1774277025000,17.16,17.16,11281,7971.5,1774277135000,17.12,17.11,15169,13107.5,17.14,17.18,17.08,17.11,1774277025000,17.16,17.16,11281,7971.5,1774276675000,17.09,17.09,3231,0.0,188
1774277140000,1774277140000,17.18,17.18,17.1,17.12,1774277025000,17.16,17.16,11281,7971.5,1774277140000,17.11,17.12,12361,4776.5,17.14,17.18,17.08,17.12,1774277025000,17.16,17.16,11281,7971.5,1774276675000,17.09,17.09,3231,0.0,189
1774277145000,1774277145000,17.18,17.18,17.1,17.13,1774277025000,17.16,17.16,11281,7971.5,1774277140000,17.11,17.12,12361,0.0,17.13,17.18,17.08,17.13,1774277025000,17.16,17.16,11281,7971.5,1774276675000,17.09,17.09,3231,0.0,190
1774277150000,1774277150000,17.18,17.18,17.1,17.12,1774277025000,17.16,17.16,11281,7971.5,1774277140000,17.11,17.12,12361,0.0,17.14,17.18,17.08,17.12,1774277025000,17.16,17.16,11281,7971.5,1774276675000,17.09,17.09,3231,0.0,191
1774277155000,1774277155000,17.18,17.18,17.1,17.13,1774277025000,17.16,17.16,11281,7971.5,1774277140000,17.11,17.12,12361,0.0,17.14,17.18,17.08,17.13,1774277025000,17.16,17.16,11281,7971.5,1774276675000,17.09,17.09,3231,0.0,192
1774277160000,1774277160000,17.14,17.18,17.1,17.12,1774277025000,17.16,17.16,11281,7971.5,1774277140000,17.11,17.12,12361,0.0,17.14,17.18,17.08,17.12,1774277025000,17.16,17.16,11281,7971.5,1774276675000,17.09,17.09,3231,0.0,193
1774277165000,1774277165000,17.14,17.18,17.1,17.13,1774277025000,17.16,17.16,11281,7971.5,1774277140000,17.11,17.12,12361,0.0,17.13,17.18,17.08,17.13,1774277025000,17.16,17.16,11281,7971.5,1774276675000,17.09,17.09,3231,0.0,194
1774277170000,1774277170000,17.13,17.18,17.1,17.13,1774277025000,17.16,17.16,11281,7971.5,1774277140000,17.11,17.12,12361,0.0,17.13,17.18,17.08,17.13,1774277025000,17.16,17.16,11281,7971.5,1774276675000,17.09,17.09,3231,0.0,195
1774277175000,1774277175000,17.13,17.18,17.1,17.13,1774277025000,17.16,17.16,11281,7971.5,1774277140000,17.11,17.12,12361,0.0,17.13,17.18,17.08,17.13,1774277025000,17.16,17.16,11281,7971.5,1774276675000,17.09,17.09,3231,0.0,196
1774277180000,1774277180000,17.13,17.18,17.1,17.13,1774277025000,17.16,17.16,11281,7971.5,1774277140000,17.11,17.12,12361,0.0,17.13,17.18,17.08,17.13,1774277025000,17.16,17.16,11281,7971.5,1774276675000,17.09,17.09,3231,0.0,197
1774277185000,1774277185000,17.12,17.18,17.1,17.14,1774277025000,17.16,17.16,11281,7971.5,1774277140000,17.11,17.12,12361,0.0,17.12,17.18,17.08,17.14,1774277025000,17.16,17.16,11281,7971.5,1774276675000,17.09,17.09,3231,0.0,198
1774277190000,1774277190000,17.12,17.18,17.1,17.14,1774277025000,17.16,17.16,11281,7971.5,1774277140000,17.11,17.12,12361,0.0,17.12,17.18,17.08,17.14,1774277025000,17.16,17.16,11281,7971.5,1774276675000,17.09,17.09,3231,0.0,199
1774277195000,1774277195000,17.11,17.18,17.1,17.16,1774277025000,17.16,17.16,11281,7971.5,1774277140000,17.11,17.12,12361,0.0,17.11,17.18,17.08,17.16,1774277025000,17.16,17.16,11281,7971.5,1774276675000,17.09,17.09,3231,0.0,200
1774277200000,1774277200000,17.11,17.18,17.1,17.18,1774277200000,17.16,17.18,15804,0.0,1774277140000,17.11,17.12,12361,0.0,17.11,17.18,17.08,17.18,1774277200000,17.16,17.18,15804,0.0,1774276675000,17.09,17.09,3231,0.0,201
1774277205000,1774277205000,17.1,17.19,17.1,17.19,1774277205000,17.18,17.19,24003,16101.0,1774277140000,17.11,17.12,12361,0.0,17.1,17.19,17.09,17.19,1774277205000,17.18,17.19,24003,16101.0,1774276700000,17.09,17.11,4092,0.0,202
1774277210000,1774277210000,17.12,17.21,17.1,17.2,1774277210000,17.2,17.2,35830,23828.5,1774277140000,17.11,17.12,12361,0.0,17.13,17.21,17.1,17.2,1774277210000,17.2,17.2,35830,23828.5,1774277140000,17.11,17.12,12361,0.0,203
1774277215000,1774277215000,17.12,17.21,17.1,17.2,1774277210000,17.2,17.2,35830,21332.5,1774277140000,17.11,17.12,12361,0.0,17.13,17.21,17.1,17.2,1774277210000,17.2,17.2,35830,21332.5,1774277140000,17.11,17.12,12361,0.0,204
1774277220000,1774277220000,17.11,17.23,17.1,17.22,1774277220000,17.2,17.22,33028,30532.0,1774277140000,17.11,17.12,12361,0.0,17.14,17.23,17.1,17.22,1774277220000,17.2,17.22,33028,30532.0,1774277140000,17.11,17.12,12361,0.0,205
1774277225000,1774277225000,17.14,17.23,17.1,17.22,1774277220000,17.2,17.22,33028,15779.5,1774277140000,17.11,17.12,12361,0.0,17.12,17.23,17.1,17.22,1774277220000,17.2,17.22,33028,15779.5,1774277140000,17.11,17.12,12361,0.0,206
1774277230000,1774277230000,17.15,17.23,17.1,17.23,1774277230000,17.23,17.23,7126,0.0,1774277140000,17.11,17.12,12361,0.0,17.12,17.23,17.1,17.23,1774277230000,17.23,17.23,7126,0.0,1774277140000,17.11,17.12,12361,0.0,207
1774277235000,1774277235000,17.15,17.23,17.1,17.21,1774277235000,17.23,17.21,15302,11739.0,1774277140000,17.11,17.12,12361,0.0,17.13,17.23,17.1,17.21,1774277235000,17.23,17.21,15302,11739.0,1774277140000,17.11,17.12,12361,0.0,208
1774277240000,1774277240000,17.15,17.23,17.1,17.21,1774277235000,17.23,17.21,15302,5493.5,1774277140000,17.11,17.12,12361,0.0,17.14,17.23,17.1,17.21,1774277235000,17.23,17.21,15302,5493.5,1774277140000,17.11,17.12,12361,0.0,209
1774277245000,1774277245000,17.15,17.23,17.1,17.21,1774277235000,17.23,17.21,15302,5493.5,1774277140000,17.11,17.12,12361,0.0,17.14,17.23,17.1,17.21,1774277235000,17.23,17.21,15302,5493.5,1774277140000,17.11,17.12,12361,0.0,210
1774277250000,1774277250000,17.15,17.23,17.1,17.2,1774277235000,17.23,17.21,15302,5493.5,1774277140000,17.11,17.12,12361,0.0,17.14,17.23,17.1,17.2,1774277235000,17.23,17.21,15302,5493.5,1774277140000,17.11,17.12,12361,0.0,211
1774277255000,1774277255000,17.15,17.23,17.1,17.21,1774277235000,17.23,17.21,15302,5493.5,1774277140000,17.11,17.12,12361,0.0,17.14,17.23,17.1,17.21,1774277235000,17.23,17.21,15302,5493.5,1774277140000,17.11,17.12,12361,0.0,212
1774277260000,1774277260000,17.15,17.23,17.1,17.21,1774277235000,17.23,17.21,15302,5493.5,1774277140000,17.11,17.12,12361,0.0,17.15,17.23,17.1,17.21,1774277235000,17.23,17.21,15302,5493.5,1774277140000,17.11,17.12,12361,0.0,213
1774277265000,1774277265000,17.15,17.23,17.1,17.2,1774277235000,17.23,17.21,15302,5493.5,1774277140000,17.11,17.12,12361,0.0,17.16,17.23,17.1,17.2,1774277235000,17.23,17.21,15302,5493.5,1774277140000,17.11,17.12,12361,0.0,214
1774277270000,1774277270000,17.15,17.23,17.1,17.21,1774277235000,17.23,17.21,15302,5493.5,1774277140000,17.11,17.12,12361,0.0,17.16,17.23,17.1,17.21,1774277235000,17.23,17.21,15302,5493.5,1774277140000,17.11,17.12,12361,0.0,215
1774277275000,1774277275000,17.15,17.23,17.1,17.21,1774277235000,17.23,17.21,15302,5493.5,1774277140000,17.11,17.12,12361,0.0,17.16,17.23,17.1,17.21,1774277235000,17.23,17.21,15302,5493.5,1774277140000,17.11,17.12,12361,0.0,216
1774277280000,1774277280000,17.15,17.23,17.1,17.19,1774277235000,17.23,17.21,15302,5493.5,1774277140000,17.11,17.12,12361,0.0,17.16,17.23,17.1,17.19,1774277235000,17.23,17.21,15302,5493.5,1774277140000,17.11,17.12,12361,0.0,217
1774277285000,1774277285000,17.15,17.23,17.1,17.19,1774277235000,17.23,17.21,15302,5493.5,1774277140000,17.11,17.12,12361,0.0,17.16,17.23,17.1,17.19,1774277235000,17.23,17.21,15302,5493.5,1774277140000,17.11,17.12,12361,0.0,218
1774277290000,1774277290000,17.15,17.23,17.1,17.19,1774277235000,17.23,17.21,15302,5493.5,1774277140000,17.11,17.12,12361,0.0,17.16,17.23,17.1,17.19,1774277235000,17.23,17.21,15302,5493.5,1774277140000,17.11,17.12,12361,0.0,219
1774277295000,1774277295000,17.15,17.23,17.1,17.19,1774277235000,17.23,17.21,15302,5493.5,1774277140000,17.11,17.12,12361,0.0,17.18,17.23,17.1,17.19,1774277235000,17.23,17.21,15302,5493.5,1774277140000,17.11,17.12,12361,0.0,220
1774277300000,1774277300000,17.15,17.23,17.1,17.19,1774277235000,17.23,17.21,15302,5493.5,1774277140000,17.11,17.12,12361,0.0,17.18,17.23,17.1,17.19,1774277235000,17.23,17.21,15302,5493.5,1774277140000,17.11,17.12,12361,0.0,221
1774277305000,1774277305000,17.15,17.23,17.1,17.19,1774277235000,17.23,17.21,15302,5493.5,1774277140000,17.11,17.12,12361,0.0,17.18,17.23,17.1,17.19,1774277235000,17.23,17.21,15302,5493.5,1774277140000,17.11,17.12,12361,0.0,222
1774277310000,1774277310000,17.15,17.23,17.1,17.19,1774277235000,17.23,17.21,15302,5493.5,1774277140000,17.11,17.12,12361,0.0,17.18,17.23,17.1,17.19,1774277235000,17.23,17.21,15302,5493.5,1774277140000,17.11,17.12,12361,0.0,223
1774277315000,1774277315000,17.15,17.23,17.1,17.18,1774277235000,17.23,17.21,15302,5493.5,1774277140000,17.11,17.12,12361,0.0,17.18,17.23,17.1,17.18,1774277235000,17.23,17.21,15302,5493.5,1774277140000,17.11,17.12,12361,0.0,224
1774277320000,1774277320000,17.15,17.23,17.1,17.19,1774277235000,17.23,17.21,15302,5493.5,1774277140000,17.11,17.12,12361,0.0,17.18,17.23,17.1,17.19,1774277235000,17.23,17.21,15302,5493.5,1774277140000,17.11,17.12,12361,0.0,225
1774277325000,1774277325000,17.15,17.23,17.1,17.16,1774277235000,17.23,17.21,15302,5493.5,1774277140000,17.11,17.12,12361,0.0,17.17,17.23,17.1,17.16,1774277235000,17.23,17.21,15302,5493.5,1774277140000,17.11,17.12,12361,0.0,226
1774277330000,1774277330000,17.15,17.23,17.1,17.16,1774277235000,17.23,17.21,15302,5493.5,1774277140000,17.11,17.12,12361,0.0,17.18,17.23,17.1,17.16,1774277235000,17.23,17.21,15302,5493.5,1774277140000,17.11,17.12,12361,0.0,227
1774277335000,1774277335000,17.16,17.23,17.1,17.16,1774277235000,17.23,17.21,15302,5493.5,1774277140000,17.11,17.12,12361,0.0,17.17,17.23,17.1,17.16,1774277235000,17.23,17.21,15302,5493.5,1774277140000,17.11,17.12,12361,0.0,228
1774277340000,1774277340000,17.16,17.23,17.1,17.16,1774277235000,17.23,17.21,15302,5493.5,1774277140000,17.11,17.12,12361,0.0,17.17,17.23,17.1,17.16,1774277235000,17.23,17.21,15302,5493.5,1774277140000,17.11,17.12,12361,0.0,229
1774277345000,1774277345000,17.16,17.23,17.1,17.14,1774277235000,17.23,17.21,15302,5493.5,1774277140000,17.11,17.12,12361,0.0,17.17,17.23,17.1,17.14,1774277235000,17.23,17.21,15302,5493.5,1774277140000,17.11,17.12,12361,0.0,230
1774277350000,1774277350000,17.16,17.23,17.1,17.14,1774277235000,17.23,17.21,15302,5493.5,1774277140000,17.11,17.12,12361,0.0,17.17,17.23,17.1,17.14,1774277235000,17.23,17.21,15302,5493.5,1774277140000,17.11,17.12,12361,0.0,231
1774277355000,1774277355000,17.16,17.23,17.1,17.14,1774277235000,17.23,17.21,15302,5493.5,1774277140000,17.11,17.12,12361,0.0,17.17,17.23,17.1,17.14,1774277235000,17.23,17.21,15302,5493.5,1774277140000,17.11,17.12,12361,0.0,232
1774277360000,1774277360000,17.14,17.23,17.1,17.15,1774277235000,17.23,17.21,15302,5493.5,1774277140000,17.11,17.12,12361,0.0,17.17,17.23,17.1,17.15,1774277235000,17.23,17.21,15302,5493.5,1774277140000,17.11,17.12,12361,0.0,233
1774277365000,1774277365000,17.16,17.23,17.1,17.16,1774277235000,17.23,17.21,15302,5493.5,1774277140000,17.11,17.12,12361,0.0,17.16,17.23,17.1,17.16,1774277235000,17.23,17.21,15302,5493.5,1774277140000,17.11,17.12,12361,0.0,234
1774277370000,1774277370000,17.16,17.23,17.1,17.14,1774277235000,17.23,17.21,15302,5493.5,1774277140000,17.11,17.12,12361,0.0,17.16,17.23,17.1,17.14,1774277235000,17.23,17.21,15302,5493.5,1774277140000,17.11,17.12,12361,0.0,235
1774277375000,1774277375000,17.16,17.23,17.1,17.14,1774277235000,17.23,17.21,15302,5493.5,1774277140000,17.11,17.12,12361,0.0,17.16,17.23,17.1,17.14,1774277235000,17.23,17.21,15302,5493.5,1774277140000,17.11,17.12,12361,0.0,236
1774277380000,1774277380000,17.17,17.23,17.1,17.14,1774277235000,17.23,17.21,15302,5493.5,1774277140000,17.11,17.12,12361,0.0,17.14,17.23,17.1,17.14,1774277235000,17.23,17.21,15302,5493.5,1774277140000,17.11,17.12,12361,0.0,237
1774277385000,1774277385000,17.15,17.23,17.1,17.15,1774277235000,17.23,17.21,15302,5493.5,1774277140000,17.11,17.12,12361,0.0,17.14,17.23,17.1,17.15,1774277235000,17.23,17.21,15302,5493.5,1774277140000,17.11,17.12,12361,0.0,238
1774277390000,1774277390000,17.14,17.23,17.1,17.15,1774277235000,17.23,17.21,15302,5493.5,1774277140000,17.11,17.12,12361,0.0,17.16,17.23,17.1,17.15,1774277235000,17.23,17.21,15302,5493.5,1774277140000,17.11,17.12,12361,0.0,239
1774277395000,1774277395000,17.14,17.23,17.1,17.16,1774277235000,17.23,17.21,15302,5493.5,1774277140000,17.11,17.12,12361,0.0,17.15,17.23,17.1,17.16,1774277235000,17.23,17.21,15302,5493.5,1774277140000,17.11,17.12,12361,0.0,240
1774277400000,1774277400000,17.14,17.23,17.1,17.16,1774277235000,17.23,17.21,15302,5493.5,1774277140000,17.11,17.12,12361,0.0,17.16,17.23,17.1,17.16,1774277235000,17.23,17.21,15302,5493.5,1774277140000,17.11,17.12,12361,0.0,241
1774277405000,1774277405000,17.14,17.23,17.1,17.14,1774277235000,17.23,17.21,15302,5493.5,1774277140000,17.11,17.12,12361,0.0,17.17,17.23,17.1,17.14,1774277235000,17.23,17.21,15302,5493.5,1774277140000,17.11,17.12,12361,0.0,242
1774277410000,1774277410000,17.14,17.23,17.1,17.14,1774277235000,17.23,17.21,15302,5493.5,1774277140000,17.11,17.12,12361,0.0,17.16,17.23,17.1,17.14,1774277235000,17.23,17.21,15302,5493.5,1774277140000,17.11,17.12,12361,0.0,243
1774277415000,1774277415000,17.14,17.23,17.1,17.14,1774277235000,17.23,17.21,15302,5493.5,1774277140000,17.11,17.12,12361,0.0,17.16,17.23,17.1,17.14,1774277235000,17.23,17.21,15302,5493.5,1774277140000,17.11,17.12,12361,0.0,244
1774277420000,1774277420000,17.14,17.23,17.1,17.14,1774277235000,17.23,17.21,15302,5493.5,1774277140000,17.11,17.12,12361,0.0,17.16,17.23,17.1,17.14,1774277235000,17.23,17.21,15302,5493.5,1774277140000,17.11,17.12,12361,0.0,245
1774277425000,1774277425000,17.14,17.23,17.1,17.14,1774277235000,17.23,17.21,15302,5493.5,1774277140000,17.11,17.12,12361,0.0,17.16,17.23,17.1,17.14,1774277235000,17.23,17.21,15302,5493.5,1774277140000,17.11,17.12,12361,0.0,246
1774277430000,1774277430000,17.14,17.23,17.1,17.13,1774277235000,17.23,17.21,15302,5493.5,1774277140000,17.11,17.12,12361,0.0,17.16,17.23,17.1,17.13,1774277235000,17.23,17.21,15302,5493.5,1774277140000,17.11,17.12,12361,0.0,247
1774277435000,1774277435000,17.14,17.23,17.1,17.13,1774277235000,17.23,17.21,15302,5493.5,1774277140000,17.11,17.12,12361,0.0,17.16,17.23,17.1,17.13,1774277235000,17.23,17.21,15302,5493.5,1774277140000,17.11,17.12,12361,0.0,248
1774277440000,1774277440000,17.14,17.23,17.1,17.12,1774277235000,17.23,17.21,15302,5493.5,1774277140000,17.11,17.12,12361,0.0,17.16,17.23,17.1,17.12,1774277235000,17.23,17.21,15302,5493.5,1774277140000,17.11,17.12,12361,0.0,249
1774277445000,1774277445000,17.14,17.23,17.1,17.13,1774277235000,17.23,17.21,15302,5493.5,1774277140000,17.11,17.12,12361,0.0,17.16,17.23,17.1,17.13,1774277235000,17.23,17.21,15302,5493.5,1774277140000,17.11,17.12,12361,0.0,250
1774277450000,1774277450000,17.14,17.23,17.1,17.11,1774277235000,17.23,17.21,15302,5493.5,1774277140000,17.11,17.12,12361,0.0,17.16,17.23,17.1,17.11,1774277235000,17.23,17.21,15302,5493.5,1774277140000,17.11,17.12,12361,0.0,251
1774277455000,1774277455000,17.14,17.23,17.1,17.12,1774277235000,17.23,17.21,15302,5493.5,1774277140000,17.11,17.12,12361,0.0,17.16,17.23,17.1,17.12,1774277235000,17.23,17.21,15302,5493.5,1774277140000,17.11,17.12,12361,0.0,252
1774277460000,1774277460000,17.14,17.23,17.1,17.13,1774277235000,17.23,17.21,15302,5493.5,1774277140000,17.11,17.12,12361,0.0,17.16,17.23,17.1,17.13,1774277235000,17.23,17.21,15302,5493.5,1774277140000,17.11,17.12,12361,0.0,253
1774277465000,1774277465000,17.14,17.23,17.1,17.12,1774277235000,17.23,17.21,15302,5493.5,1774277140000,17.11,17.12,12361,0.0,17.16,17.23,17.1,17.12,1774277235000,17.23,17.21,15302,5493.5,1774277140000,17.11,17.12,12361,0.0,254
1774277470000,1774277470000,17.14,17.23,17.1,17.11,1774277235000,17.23,17.21,15302,5493.5,1774277140000,17.11,17.12,12361,0.0,17.16,17.23,17.1,17.11,1774277235000,17.23,17.21,15302,5493.5,1774277140000,17.11,17.12,12361,0.0,255
1774277475000,1774277475000,17.14,17.23,17.1,17.13,1774277235000,17.23,17.21,15302,5493.5,1774277140000,17.11,17.12,12361,0.0,17.16,17.23,17.1,17.13,1774277235000,17.23,17.21,15302,5493.5,1774277140000,17.11,17.12,12361,0.0,256
1774277480000,1774277480000,17.13,17.23,17.1,17.12,1774277235000,17.23,17.21,15302,5493.5,1774277140000,17.11,17.12,12361,0.0,17.16,17.23,17.1,17.12,1774277235000,17.23,17.21,15302,5493.5,1774277140000,17.11,17.12,12361,0.0,257
1774277485000,1774277485000,17.13,17.23,17.1,17.12,1774277235000,17.23,17.21,15302,5493.5,1774277140000,17.11,17.12,12361,0.0,17.16,17.23,17.1,17.12,1774277235000,17.23,17.21,15302,5493.5,1774277140000,17.11,17.12,12361,0.0,258
1774277490000,1774277490000,17.13,17.23,17.1,17.13,1774277235000,17.23,17.21,15302,5493.5,1774277140000,17.11,17.12,12361,0.0,17.16,17.23,17.1,17.13,1774277235000,17.23,17.21,15302,5493.5,1774277140000,17.11,17.12,12361,0.0,259
1774277495000,1774277495000,17.13,17.23,17.1,17.14,1774277235000,17.23,17.21,15302,5493.5,1774277140000,17.11,17.12,12361,0.0,17.16,17.23,17.1,17.14,1774277235000,17.23,17.21,15302,5493.5,1774277140000,17.11,17.12,12361,0.0,260
1774277500000,1774277500000,17.13,17.23,17.1,17.14,1774277235000,17.23,17.21,15302,5493.5,1774277140000,17.11,17.12,12361,0.0,17.16,17.23,17.1,17.14,1774277235000,17.23,17.21,15302,5493.5,1774277140000,17.11,17.12,12361,0.0,261
1774277505000,1774277505000,17.13,17.23,17.1,17.14,1774277235000,17.23,17.21,15302,5493.5,1774277140000,17.11,17.12,12361,0.0,17.16,17.23,17.1,17.14,1774277235000,17.23,17.21,15302,5493.5,1774277140000,17.11,17.12,12361,0.0,262
1774277510000,1774277510000,17.12,17.23,17.1,17.13,1774277235000,17.23,17.21,15302,5493.5,1774277140000,17.11,17.12,12361,0.0,17.16,17.23,17.1,17.13,1774277235000,17.23,17.21,15302,5493.5,1774277140000,17.11,17.12,12361,0.0,263
1774277515000,1774277515000,17.12,17.23,17.1,17.13,1774277235000,17.23,17.21,15302,5493.5,1774277140000,17.11,17.12,12361,0.0,17.16,17.23,17.1,17.13,1774277235000,17.23,17.21,15302,5493.5,1774277140000,17.11,17.12,12361,0.0,264
1774277520000,1774277520000,17.11,17.23,17.1,17.12,1774277235000,17.23,17.21,15302,5493.5,1774277140000,17.11,17.12,12361,0.0,17.18,17.23,17.1,17.12,1774277235000,17.23,17.21,15302,5493.5,1774277140000,17.11,17.12,12361,0.0,265
1774277525000,1774277525000,17.12,17.23,17.11,17.12,1774277235000,17.23,17.21,15302,5493.5,1774277525000,17.12,17.12,7840,0.0,17.18,17.23,17.1,17.12,1774277235000,17.23,17.21,15302,5493.5,1774277140000,17.11,17.12,12361,0.0,266
1774277530000,1774277530000,17.12,17.23,17.11,17.12,1774277235000,17.23,17.21,15302,5493.5,1774277530000,17.12,17.12,1515,0.0,17.18,17.23,17.1,17.12,1774277235000,17.23,17.21,15302,5493.5,1774277140000,17.11,17.12,12361,0.0,267
1774277535000,1774277535000,17.12,17.23,17.11,17.13,1774277235000,17.23,17.21,15302,5493.5,1774277530000,17.12,17.12,1515,0.0,17.18,17.23,17.1,17.13,1774277235000,17.23,17.21,15302,5493.5,1774277140000,17.11,17.12,12361,0.0,268
1774277540000,1774277540000,17.12,17.23,17.11,17.13,1774277235000,17.23,17.21,15302,5493.5,1774277530000,17.12,17.12,1515,0.0,17.14,17.23,17.1,17.13,1774277235000,17.23,17.21,15302,5493.5,1774277140000,17.11,17.12,12361,0.0,269
1774277545000,1774277545000,17.12,17.23,17.11,17.13,1774277235000,17.23,17.21,15302,5493.5,1774277530000,17.12,17.12,1515,0.0,17.14,17.23,17.1,17.13,1774277235000,17.23,17.21,15302,5493.5,1774277140000,17.11,17.12,12361,0.0,270
1774277550000,1774277550000,17.13,17.23,17.11,17.14,1774277235000,17.23,17.21,15302,5493.5,1774277530000,17.12,17.12,1515,0.0,17.13,17.23,17.1,17.14,1774277235000,17.23,17.21,15302,5493.5,1774277140000,17.11,17.12,12361,0.0,271
1774277555000,1774277555000,17.13,17.23,17.11,17.14,1774277235000,17.23,17.21,15302,5493.5,1774277530000,17.12,17.12,1515,0.0,17.12,17.23,17.1,17.14,1774277235000,17.23,17.21,15302,5493.5,1774277140000,17.11,17.12,12361,0.0,272
1774277560000,1774277560000,17.14,17.23,17.11,17.14,1774277235000,17.23,17.21,15302,5493.5,1774277530000,17.12,17.12,1515,0.0,17.12,17.23,17.1,17.14,1774277235000,17.23,17.21,15302,5493.5,1774277140000,17.11,17.12,12361,0.0,273
1774277565000,1774277565000,17.14,17.23,17.11,17.15,1774277235000,17.23,17.21,15302,5493.5,1774277530000,17.12,17.12,1515,0.0,17.12,17.23,17.1,17.15,1774277235000,17.23,17.21,15302,5493.5,1774277140000,17.11,17.12,12361,0.0,274
1774277570000,1774277570000,17.14,17.23,17.11,17.14,1774277235000,17.23,17.21,15302,5493.5,1774277530000,17.12,17.12,1515,0.0,17.12,17.23,17.1,17.14,1774277235000,17.23,17.21,15302,5493.5,1774277140000,17.11,17.12,12361,0.0,275
1774277575000,1774277575000,17.14,17.23,17.11,17.16,1774277235000,17.23,17.21,15302,5493.5,1774277530000,17.12,17.12,1515,0.0,17.12,17.23,17.1,17.16,1774277235000,17.23,17.21,15302,5493.5,1774277140000,17.11,17.12,12361,0.0,276
1774277580000,1774277580000,17.16,17.23,17.11,17.18,1774277235000,17.23,17.21,15302,5493.5,1774277530000,17.12,17.12,1515,0.0,17.11,17.23,17.1,17.18,1774277235000,17.23,17.21,15302,5493.5,1774277140000,17.11,17.12,12361,0.0,277
1774277585000,1774277585000,17.18,17.23,17.11,17.19,1774277235000,17.23,17.21,15302,5493.5,1774277530000,17.12,17.12,1515,0.0,17.1,17.23,17.1,17.19,1774277235000,17.23,17.21,15302,5493.5,1774277140000,17.11,17.12,12361,0.0,278
1774277590000,1774277590000,17.18,17.23,17.11,17.19,1774277235000,17.23,17.21,15302,5493.5,1774277530000,17.12,17.12,1515,0.0,17.1,17.23,17.1,17.19,1774277235000,17.23,17.21,15302,5493.5,1774277140000,17.11,17.12,12361,0.0,279
1774277595000,1774277595000,17.2,17.23,17.11,17.19,1774277235000,17.23,17.21,15302,5493.5,1774277530000,17.12,17.12,1515,0.0,17.12,17.23,17.1,17.19,1774277235000,17.23,17.21,15302,5493.5,1774277140000,17.11,17.12,12361,0.0,280
1774277600000,1774277600000,17.2,17.23,17.11,17.19,1774277235000,17.23,17.21,15302,5493.5,1774277530000,17.12,17.12,1515,0.0,17.11,17.23,17.1,17.19,1774277235000,17.23,17.21,15302,5493.5,1774277140000,17.11,17.12,12361,0.0,281
1774277605000,1774277605000,17.2,17.23,17.11,17.18,1774277235000,17.23,17.21,15302,5493.5,1774277530000,17.12,17.12,1515,0.0,17.12,17.23,17.1,17.18,1774277235000,17.23,17.21,15302,5493.5,1774277140000,17.11,17.12,12361,0.0,282
1774277610000,1774277610000,17.2,17.23,17.11,17.18,1774277235000,17.23,17.21,15302,5493.5,1774277530000,17.12,17.12,1515,0.0,17.12,17.23,17.1,17.18,1774277235000,17.23,17.21,15302,5493.5,1774277140000,17.11,17.12,12361,0.0,283
1774277615000,1774277615000,17.2,17.23,17.11,17.16,1774277235000,17.23,17.21,15302,5493.5,1774277530000,17.12,17.12,1515,0.0,17.11,17.23,17.1,17.16,1774277235000,17.23,17.21,15302,5493.5,1774277140000,17.11,17.12,12361,0.0,284
1774277620000,1774277620000,17.2,17.23,17.11,17.16,1774277235000,17.23,17.21,15302,5493.5,1774277530000,17.12,17.12,1515,0.0,17.11,17.23,17.1,17.16,1774277235000,17.23,17.21,15302,5493.5,1774277140000,17.11,17.12,12361,0.0,285
1774277625000,1774277625000,17.2,17.23,17.11,17.16,1774277235000,17.23,17.21,15302,5493.5,1774277530000,17.12,17.12,1515,0.0,17.11,17.23,17.1,17.16,1774277235000,17.23,17.21,15302,5493.5,1774277140000,17.11,17.12,12361,0.0,286
1774277630000,1774277630000,17.2,17.23,17.11,17.16,1774277235000,17.23,17.21,15302,5493.5,1774277530000,17.12,17.12,1515,0.0,17.11,17.23,17.1,17.16,1774277235000,17.23,17.21,15302,5493.5,1774277140000,17.11,17.12,12361,0.0,287
1774277635000,1774277635000,17.22,17.23,17.11,17.16,1774277235000,17.23,17.21,15302,5493.5,1774277530000,17.12,17.12,1515,0.0,17.12,17.23,17.1,17.16,1774277235000,17.23,17.21,15302,5493.5,1774277140000,17.11,17.12,12361,0.0,288
1774277640000,1774277640000,17.22,17.23,17.11,17.17,1774277235000,17.23,17.21,15302,5493.5,1774277530000,17.12,17.12,1515,0.0,17.12,17.23,17.1,17.17,1774277235000,17.23,17.21,15302,5493.5,1774277140000,17.11,17.12,12361,0.0,289
1774277645000,1774277645000,17.22,17.23,17.11,17.17,1774277235000,17.23,17.21,15302,5493.5,1774277530000,17.12,17.12,1515,0.0,17.11,17.23,17.1,17.17,1774277235000,17.23,17.21,15302,5493.5,1774277140000,17.11,17.12,12361,0.0,290
1774277650000,1774277650000,17.22,17.23,17.11,17.16,1774277235000,17.23,17.21,15302,5493.5,1774277530000,17.12,17.12,1515,0.0,17.11,17.23,17.1,17.16,1774277235000,17.23,17.21,15302,5493.5,1774277140000,17.11,17.12,12361,0.0,291
1774277655000,1774277655000,17.22,17.23,17.11,17.17,1774277235000,17.23,17.21,15302,5493.5,1774277530000,17.12,17.12,1515,0.0,17.11,17.23,17.1,17.17,1774277235000,17.23,17.21,15302,5493.5,1774277140000,17.11,17.12,12361,0.0,292
1774277660000,1774277660000,17.22,17.23,17.11,17.16,1774277235000,17.23,17.21,15302,5493.5,1774277530000,17.12,17.12,1515,0.0,17.11,17.23,17.1,17.16,1774277235000,17.23,17.21,15302,5493.5,1774277140000,17.11,17.12,12361,0.0,293
1774277665000,1774277665000,17.22,17.23,17.11,17.16,1774277235000,17.23,17.21,15302,5493.5,1774277530000,17.12,17.12,1515,0.0,17.11,17.23,17.1,17.16,1774277235000,17.23,17.21,15302,5493.5,1774277140000,17.11,17.12,12361,0.0,294
1774277670000,1774277670000,17.22,17.23,17.11,17.16,1774277235000,17.23,17.21,15302,5493.5,1774277530000,17.12,17.12,1515,0.0,17.11,17.23,17.1,17.16,1774277235000,17.23,17.21,15302,5493.5,1774277140000,17.11,17.12,12361,0.0,295
1774277675000,1774277675000,17.23,17.23,17.11,17.18,1774277235000,17.23,17.21,15302,5493.5,1774277530000,17.12,17.12,1515,0.0,17.15,17.23,17.1,17.18,1774277235000,17.23,17.21,15302,5493.5,1774277140000,17.11,17.12,12361,0.0,296
1774277680000,1774277680000,17.23,17.23,17.11,17.17,1774277235000,17.23,17.21,15302,5493.5,1774277530000,17.12,17.12,1515,0.0,17.15,17.23,17.1,17.17,1774277235000,17.23,17.21,15302,5493.5,1774277140000,17.11,17.12,12361,0.0,297
1774277685000,1774277685000,17.23,17.23,17.11,17.18,1774277235000,17.23,17.21,15302,5493.5,1774277530000,17.12,17.12,1515,0.0,17.15,17.23,17.1,17.18,1774277235000,17.23,17.21,15302,5493.5,1774277140000,17.11,17.12,12361,0.0,298
1774277690000,1774277690000,17.21,17.22,17.11,17.17,1774277245000,17.21,17.21,19138,10423.5,1774277530000,17.12,17.12,1515,0.0,17.15,17.23,17.1,17.17,1774277235000,17.23,17.21,15302,5493.5,1774277140000,17.11,17.12,12361,0.0,299
1774277695000,1774277695000,17.21,17.22,17.11,17.16,1774277245000,17.21,17.21,19138,10423.5,1774277530000,17.12,17.12,1515,0.0,17.15,17.23,17.1,17.16,1774277235000,17.23,17.21,15302,5493.5,1774277140000,17.11,17.12,12361,0.0,300
1774277700000,1774277700000,17.21,17.22,17.11,17.18,1774277245000,17.21,17.21,19138,10423.5,1774277530000,17.12,17.12,1515,0.0,17.15,17.23,17.1,17.18,1774277235000,17.23,17.21,15302,5493.5,1774277140000,17.11,17.12,12361,0.0,301
1774277705000,1774277705000,17.21,17.22,17.11,17.18,1774277245000,17.21,17.21,19138,10423.5,1774277530000,17.12,17.12,1515,0.0,17.15,17.23,17.1,17.18,1774277235000,17.23,17.21,15302,5493.5,1774277140000,17.11,17.12,12361,0.0,302
1774277710000,1774277710000,17.21,17.22,17.11,17.18,1774277245000,17.21,17.21,19138,10423.5,1774277530000,17.12,17.12,1515,0.0,17.15,17.23,17.1,17.18,1774277235000,17.23,17.21,15302,5493.5,1774277140000,17.11,17.12,12361,0.0,303
1774277715000,1774277715000,17.21,17.22,17.11,17.18,1774277245000,17.21,17.21,19138,10423.5,1774277530000,17.12,17.12,1515,0.0,17.15,17.23,17.1,17.18,1774277235000,17.23,17.21,15302,5493.5,1774277140000,17.11,17.12,12361,0.0,304
1774277720000,1774277720000,17.21,17.22,17.11,17.19,1774277245000,17.21,17.21,19138,10423.5,1774277530000,17.12,17.12,1515,0.0,17.15,17.23,17.1,17.19,1774277235000,17.23,17.21,15302,5493.5,1774277140000,17.11,17.12,12361,0.0,305
1774277725000,1774277725000,17.2,17.21,17.11,17.21,1774277725000,17.2,17.21,5535,1207.5,1774277530000,17.12,17.12,1515,0.0,17.15,17.23,17.1,17.21,1774277235000,17.23,17.21,15302,5493.5,1774277140000,17.11,17.12,12361,0.0,306
1774277730000,1774277730000,17.21,17.21,17.11,17.21,1774277730000,17.21,17.21,454,0.0,1774277530000,17.12,17.12,1515,0.0,17.15,17.23,17.1,17.21,1774277235000,17.23,17.21,15302,5493.5,1774277140000,17.11,17.12,12361,0.0,307
1774277735000,1774277735000,17.21,17.22,17.11,17.21,1774277735000,17.21,17.21,18231,18004.0,1774277530000,17.12,17.12,1515,0.0,17.15,17.23,17.1,17.21,1774277235000,17.23,17.21,15302,5493.5,1774277140000,17.11,17.12,12361,0.0,308
1774277740000,1774277740000,17.2,17.22,17.11,17.21,1774277735000,17.21,17.21,18231,16053.5,1774277530000,17.12,17.12,1515,0.0,17.15,17.23,17.1,17.21,1774277235000,17.23,17.21,15302,5493.5,1774277140000,17.11,17.12,12361,0.0,309
1774277745000,1774277745000,17.2,17.22,17.11,17.19,1774277735000,17.21,17.21,18231,16053.5,1774277530000,17.12,17.12,1515,0.0,17.15,17.23,17.1,17.19,1774277235000,17.23,17.21,15302,5493.5,1774277140000,17.11,17.12,12361,0.0,310
1774277750000,1774277750000,17.18,17.22,17.11,17.19,1774277735000,17.21,17.21,18231,16053.5,1774277530000,17.12,17.12,1515,0.0,17.15,17.23,17.1,17.19,1774277235000,17.23,17.21,15302,5493.5,1774277140000,17.11,17.12,12361,0.0,311
1774277755000,1774277755000,17.18,17.22,17.11,17.19,1774277735000,17.21,17.21,18231,16053.5,1774277530000,17.12,17.12,1515,0.0,17.15,17.23,17.1,17.19,1774277235000,17.23,17.21,15302,5493.5,1774277140000,17.11,17.12,12361,0.0,312
1774277760000,1774277760000,17.19,17.22,17.11,17.19,1774277735000,17.21,17.21,18231,16053.5,1774277530000,17.12,17.12,1515,0.0,17.15,17.23,17.1,17.19,1774277235000,17.23,17.21,15302,5493.5,1774277140000,17.11,17.12,12361,0.0,313
1774277765000,1774277765000,17.18,17.22,17.11,17.2,1774277735000,17.21,17.21,18231,16053.5,1774277530000,17.12,17.12,1515,0.0,17.15,17.23,17.1,17.2,1774277235000,17.23,17.21,15302,5493.5,1774277140000,17.11,17.12,12361,0.0,314
1774277770000,1774277770000,17.18,17.22,17.11,17.19,1774277735000,17.21,17.21,18231,16053.5,1774277530000,17.12,17.12,1515,0.0,17.15,17.23,17.1,17.19,1774277235000,17.23,17.21,15302,5493.5,1774277140000,17.11,17.12,12361,0.0,315
1774277775000,1774277775000,17.16,17.22,17.11,17.2,1774277735000,17.21,17.21,18231,16053.5,1774277530000,17.12,17.12,1515,0.0,17.15,17.23,17.1,17.2,1774277235000,17.23,17.21,15302,5493.5,1774277140000,17.11,17.12,12361,0.0,316
1774277780000,1774277780000,17.16,17.22,17.11,17.19,1774277735000,17.21,17.21,18231,16053.5,1774277530000,17.12,17.12,1515,0.0,17.16,17.23,17.1,17.19,1774277235000,17.23,17.21,15302,5493.5,1774277140000,17.11,17.12,12361,0.0,317
1774277785000,1774277785000,17.16,17.22,17.11,17.19,1774277735000,17.21,17.21,18231,16053.5,1774277530000,17.12,17.12,1515,0.0,17.16,17.23,17.1,17.19,1774277235000,17.23,17.21,15302,5493.5,1774277140000,17.11,17.12,12361,0.0,318
1774277790000,1774277790000,17.16,17.22,17.11,17.19,1774277735000,17.21,17.21,18231,16053.5,1774277530000,17.12,17.12,1515,0.0,17.17,17.23,17.1,17.19,1774277235000,17.23,17.21,15302,5493.5,1774277140000,17.11,17.12,12361,0.0,319
1774277795000,1774277795000,17.16,17.22,17.11,17.2,1774277735000,17.21,17.21,18231,16053.5,1774277530000,17.12,17.12,1515,0.0,17.16,17.23,17.1,17.2,1774277235000,17.23,17.21,15302,5493.5,1774277140000,17.11,17.12,12361,0.0,320
1774277800000,1774277800000,17.14,17.22,17.11,17.19,1774277735000,17.21,17.21,18231,16053.5,1774277530000,17.12,17.12,1515,0.0,17.16,17.23,17.1,17.19,1774277235000,17.23,17.21,15302,5493.5,1774277140000,17.11,17.12,12361,0.0,321
1774277805000,1774277805000,17.14,17.22,17.11,17.19,1774277735000,17.21,17.21,18231,16053.5,1774277530000,17.12,17.12,1515,0.0,17.16,17.23,17.1,17.19,1774277235000,17.23,17.21,15302,5493.5,1774277140000,17.11,17.12,12361,0.0,322
1774277810000,1774277810000,17.14,17.22,17.11,17.2,1774277735000,17.21,17.21,18231,16053.5,1774277530000,17.12,17.12,1515,0.0,17.15,17.23,17.1,17.2,1774277235000,17.23,17.21,15302,5493.5,1774277140000,17.11,17.12,12361,0.0,323
1774277815000,1774277815000,17.15,17.22,17.11,17.2,1774277735000,17.21,17.21,18231,16053.5,1774277530000,17.12,17.12,1515,0.0,17.16,17.23,17.1,17.2,1774277235000,17.23,17.21,15302,5493.5,1774277140000,17.11,17.12,12361,0.0,324
1774277820000,1774277820000,17.14,17.22,17.11,17.2,1774277735000,17.21,17.21,18231,16053.5,1774277530000,17.12,17.12,1515,0.0,17.17,17.23,17.1,17.2,1774277235000,17.23,17.21,15302,5493.5,1774277140000,17.11,17.12,12361,0.0,325
1774277825000,1774277825000,17.14,17.22,17.11,17.19,1774277735000,17.21,17.21,18231,16053.5,1774277530000,17.12,17.12,1515,0.0,17.16,17.23,17.1,17.19,1774277235000,17.23,17.21,15302,5493.5,1774277140000,17.11,17.12,12361,0.0,326
1774277830000,1774277830000,17.14,17.22,17.11,17.19,1774277735000,17.21,17.21,18231,16053.5,1774277530000,17.12,17.12,1515,0.0,17.16,17.23,17.1,17.19,1774277235000,17.23,17.21,15302,5493.5,1774277140000,17.11,17.12,12361,0.0,327
1774277835000,1774277835000,17.14,17.22,17.11,17.18,1774277735000,17.21,17.21,18231,16053.5,1774277530000,17.12,17.12,1515,0.0,17.16,17.23,17.1,17.18,1774277235000,17.23,17.21,15302,5493.5,1774277140000,17.11,17.12,12361,0.0,328
1774277840000,1774277840000,17.14,17.22,17.11,17.19,1774277735000,17.21,17.21,18231,16053.5,1774277530000,17.12,17.12,1515,0.0,17.16,17.23,17.1,17.19,1774277235000,17.23,17.21,15302,5493.5,1774277140000,17.11,17.12,12361,0.0,329
1774277845000,1774277845000,17.14,17.22,17.11,17.18,1774277735000,17.21,17.21,18231,16053.5,1774277530000,17.12,17.12,1515,0.0,17.16,17.23,17.1,17.18,1774277235000,17.23,17.21,15302,5493.5,1774277140000,17.11,17.12,12361,0.0,330
1774277850000,1774277850000,17.14,17.22,17.11,17.19,1774277735000,17.21,17.21,18231,16053.5,1774277530000,17.12,17.12,1515,0.0,17.15,17.23,17.1,17.19,1774277235000,17.23,17.21,15302,5493.5,1774277140000,17.11,17.12,12361,0.0,331
1774277855000,1774277855000,17.14,17.22,17.11,17.17,1774277735000,17.21,17.21,18231,16053.5,1774277530000,17.12,17.12,1515,0.0,17.15,17.23,17.1,17.17,1774277235000,17.23,17.21,15302,5493.5,1774277140000,17.11,17.12,12361,0.0,332
1774277860000,1774277860000,17.14,17.22,17.11,17.18,1774277735000,17.21,17.21,18231,16053.5,1774277530000,17.12,17.12,1515,0.0,17.15,17.23,17.1,17.18,1774277235000,17.23,17.21,15302,5493.5,1774277140000,17.11,17.12,12361,0.0,333
1774277865000,1774277865000,17.15,17.22,17.11,17.18,1774277735000,17.21,17.21,18231,16053.5,1774277530000,17.12,17.12,1515,0.0,17.14,17.23,17.1,17.18,1774277235000,17.23,17.21,15302,5493.5,1774277140000,17.11,17.12,12361,0.0,334
1774277870000,1774277870000,17.15,17.22,17.11,17.18,1774277735000,17.21,17.21,18231,16053.5,1774277530000,17.12,17.12,1515,0.0,17.14,17.23,17.1,17.18,1774277235000,17.23,17.21,15302,5493.5,1774277140000,17.11,17.12,12361,0.0,335
1774277875000,1774277875000,17.15,17.22,17.11,17.18,1774277735000,17.21,17.21,18231,16053.5,1774277530000,17.12,17.12,1515,0.0,17.14,17.23,17.1,17.18,1774277235000,17.23,17.21,15302,5493.5,1774277140000,17.11,17.12,12361,0.0,336
1774277880000,1774277880000,17.15,17.22,17.11,17.18,1774277735000,17.21,17.21,18231,16053.5,1774277530000,17.12,17.12,1515,0.0,17.14,17.23,17.1,17.18,1774277235000,17.23,17.21,15302,5493.5,1774277140000,17.11,17.12,12361,0.0,337
1774277885000,1774277885000,17.15,17.22,17.11,17.18,1774277735000,17.21,17.21,18231,16053.5,1774277530000,17.12,17.12,1515,0.0,17.14,17.23,17.1,17.18,1774277235000,17.23,17.21,15302,5493.5,1774277140000,17.11,17.12,12361,0.0,338
1774277890000,1774277890000,17.16,17.22,17.11,17.19,1774277735000,17.21,17.21,18231,16053.5,1774277530000,17.12,17.12,1515,0.0,17.14,17.23,17.1,17.19,1774277235000,17.23,17.21,15302,5493.5,1774277140000,17.11,17.12,12361,0.0,339
1774277895000,1774277895000,17.16,17.22,17.11,17.19,1774277735000,17.21,17.21,18231,16053.5,1774277530000,17.12,17.12,1515,0.0,17.14,17.23,17.1,17.19,1774277235000,17.23,17.21,15302,5493.5,1774277140000,17.11,17.12,12361,0.0,340
1774277900000,1774277900000,17.16,17.22,17.11,17.2,1774277735000,17.21,17.21,18231,16053.5,1774277530000,17.12,17.12,1515,0.0,17.14,17.23,17.1,17.2,1774277235000,17.23,17.21,15302,5493.5,1774277140000,17.11,17.12,12361,0.0,341
1774277905000,1774277905000,17.16,17.22,17.11,17.2,1774277735000,17.21,17.21,18231,16053.5,1774277530000,17.12,17.12,1515,0.0,17.14,17.23,17.1,17.2,1774277235000,17.23,17.21,15302,5493.5,1774277140000,17.11,17.12,12361,0.0,342
1774277910000,1774277910000,17.14,17.22,17.11,17.21,1774277735000,17.21,17.21,18231,16053.5,1774277530000,17.12,17.12,1515,0.0,17.14,17.23,17.1,17.21,1774277235000,17.23,17.21,15302,5493.5,1774277140000,17.11,17.12,12361,0.0,343
1774277915000,1774277915000,17.13,17.23,17.11,17.21,1774277915000,17.21,17.21,44083,37204.5,1774277530000,17.12,17.12,1515,0.0,17.14,17.23,17.1,17.21,1774277915000,17.21,17.21,44083,37204.5,1774277140000,17.11,17.12,12361,0.0,344
1774277920000,1774277920000,17.13,17.23,17.11,17.21,1774277915000,17.21,17.21,44083,27154.5,1774277530000,17.12,17.12,1515,0.0,17.14,17.23,17.1,17.21,1774277915000,17.21,17.21,44083,27154.5,1774277140000,17.11,17.12,12361,0.0,345
1774277925000,1774277925000,17.13,17.23,17.11,17.2,1774277915000,17.21,17.21,44083,27154.5,1774277530000,17.12,17.12,1515,0.0,17.14,17.23,17.1,17.2,1774277915000,17.21,17.21,44083,27154.5,1774277140000,17.11,17.12,12361,0.0,346
1774277930000,1774277930000,17.12,17.23,17.11,17.22,1774277915000,17.21,17.21,44083,27154.5,1774277530000,17.12,17.12,1515,0.0,17.14,17.23,17.1,17.22,1774277915000,17.21,17.21,44083,27154.5,1774277140000,17.11,17.12,12361,0.0,347
1774277935000,1774277935000,17.12,17.23,17.11,17.21,1774277915000,17.21,17.21,44083,27154.5,1774277530000,17.12,17.12,1515,0.0,17.14,17.23,17.1,17.21,1774277915000,17.21,17.21,44083,27154.5,1774277140000,17.11,17.12,12361,0.0,348
1774277940000,1774277940000,17.12,17.23,17.11,17.21,1774277915000,17.21,17.21,44083,27154.5,1774277530000,17.12,17.12,1515,0.0,17.14,17.23,17.1,17.21,1774277915000,17.21,17.21,44083,27154.5,1774277140000,17.11,17.12,12361,0.0,349
1774277945000,1774277945000,17.11,17.23,17.11,17.21,1774277915000,17.21,17.21,44083,27154.5,1774277530000,17.12,17.12,1515,0.0,17.14,17.23,17.1,17.21,1774277915000,17.21,17.21,44083,27154.5,1774277140000,17.11,17.12,12361,0.0,350
1774277950000,1774277950000,17.11,17.23,17.11,17.21,1774277915000,17.21,17.21,44083,27154.5,1774277530000,17.12,17.12,1515,0.0,17.14,17.23,17.1,17.21,1774277915000,17.21,17.21,44083,27154.5,1774277140000,17.11,17.12,12361,0.0,351
1774277955000,1774277955000,17.13,17.24,17.11,17.23,1774277955000,17.21,17.23,18422,17376.5,1774277530000,17.12,17.12,1515,0.0,17.14,17.24,17.1,17.23,1774277955000,17.21,17.23,18422,17376.5,1774277140000,17.11,17.12,12361,0.0,352
1774277960000,1774277960000,17.13,17.24,17.11,17.24,1774277960000,17.24,17.24,6910,0.0,1774277530000,17.12,17.12,1515,0.0,17.13,17.24,17.1,17.24,1774277960000,17.24,17.24,6910,0.0,1774277140000,17.11,17.12,12361,0.0,353
1774277965000,1774277965000,17.13,17.25,17.12,17.23,1774277965000,17.23,17.23,102163,98708.0,1774277550000,17.13,17.14,16579,13211.0,17.12,17.25,17.11,17.23,1774277965000,17.23,17.23,102163,98708.0,1774277530000,17.12,17.12,1515,0.0,354
1774277970000,1774277970000,17.15,17.25,17.14,17.24,1774277970000,17.23,17.24,37408,0.0,1774277575000,17.14,17.16,4672,0.0,17.14,17.25,17.11,17.24,1774277970000,17.23,17.24,37408,0.0,1774277530000,17.12,17.12,1515,0.0,355
1774277975000,1774277975000,17.16,17.26,17.15,17.26,1774277975000,17.25,17.26,30000,11296.0,1774277635000,17.15,17.16,5949,0.0,17.16,17.26,17.11,17.26,1774277975000,17.25,17.26,30000,11296.0,1774277530000,17.12,17.12,1515,0.0,356
1774277980000,1774277980000,17.16,17.26,17.15,17.25,1774277980000,17.26,17.25,5752,0.0,1774277635000,17.15,17.16,5949,0.0,17.16,17.26,17.11,17.25,1774277980000,17.26,17.25,5752,0.0,1774277530000,17.12,17.12,1515,0.0,357
1774277985000,1774277985000,17.19,17.26,17.15,17.25,1774277980000,17.26,17.25,5752,0.0,1774277635000,17.15,17.16,5949,0.0,17.16,17.26,17.11,17.25,1774277980000,17.26,17.25,5752,0.0,1774277530000,17.12,17.12,1515,0.0,358
1774277990000,1774277990000,17.19,17.26,17.15,17.25,1774277980000,17.26,17.25,5752,0.0,1774277635000,17.15,17.16,5949,0.0,17.18,17.26,17.11,17.25,1774277980000,17.26,17.25,5752,0.0,1774277530000,17.12,17.12,1515,0.0,359
1774277995000,1774277995000,17.19,17.26,17.15,17.23,1774277980000,17.26,17.25,5752,0.0,1774277635000,17.15,17.16,5949,0.0,17.2,17.26,17.11,17.23,1774277980000,17.26,17.25,5752,0.0,1774277530000,17.12,17.12,1515,0.0,360
1774278000000,1774278000000,17.19,17.26,17.15,17.23,1774277980000,17.26,17.25,5752,0.0,1774277635000,17.15,17.16,5949,0.0,17.2,17.26,17.11,17.23,1774277980000,17.26,17.25,5752,0.0,1774277530000,17.12,17.12,1515,0.0,361
1774278005000,1774278005000,17.19,17.26,17.15,17.23,1774277980000,17.26,17.25,5752,0.0,1774277635000,17.15,17.16,5949,0.0,17.2,17.26,17.11,17.23,1774277980000,17.26,17.25,5752,0.0,1774277530000,17.12,17.12,1515,0.0,362
1774278010000,1774278010000,17.19,17.26,17.15,17.22,1774277980000,17.26,17.25,5752,0.0,1774277635000,17.15,17.16,5949,0.0,17.2,17.26,17.11,17.22,1774277980000,17.26,17.25,5752,0.0,1774277530000,17.12,17.12,1515,0.0,363
1774278015000,1774278015000,17.19,17.26,17.15,17.23,1774277980000,17.26,17.25,5752,0.0,1774277635000,17.15,17.16,5949,0.0,17.2,17.26,17.11,17.23,1774277980000,17.26,17.25,5752,0.0,1774277530000,17.12,17.12,1515,0.0,364
1774278020000,1774278020000,17.19,17.26,17.15,17.23,1774277980000,17.26,17.25,5752,0.0,1774277635000,17.15,17.16,5949,0.0,17.2,17.26,17.11,17.23,1774277980000,17.26,17.25,5752,0.0,1774277530000,17.12,17.12,1515,0.0,365
1774278025000,1774278025000,17.19,17.26,17.15,17.24,1774277980000,17.26,17.25,5752,0.0,1774277635000,17.15,17.16,5949,0.0,17.2,17.26,17.11,17.24,1774277980000,17.26,17.25,5752,0.0,1774277530000,17.12,17.12,1515,0.0,366
1774278030000,1774278030000,17.19,17.26,17.15,17.24,1774277980000,17.26,17.25,5752,0.0,1774277635000,17.15,17.16,5949,0.0,17.2,17.26,17.11,17.24,1774277980000,17.26,17.25,5752,0.0,1774277530000,17.12,17.12,1515,0.0,367
1774278035000,1774278035000,17.18,17.26,17.15,17.23,1774277980000,17.26,17.25,5752,0.0,1774277635000,17.15,17.16,5949,0.0,17.2,17.26,17.11,17.23,1774277980000,17.26,17.25,5752,0.0,1774277530000,17.12,17.12,1515,0.0,368
1774278040000,1774278040000,17.18,17.26,17.15,17.23,1774277980000,17.26,17.25,5752,0.0,1774277635000,17.15,17.16,5949,0.0,17.2,17.26,17.11,17.23,1774277980000,17.26,17.25,5752,0.0,1774277530000,17.12,17.12,1515,0.0,369
1774278045000,1774278045000,17.18,17.26,17.15,17.24,1774277980000,17.26,17.25,5752,0.0,1774277635000,17.15,17.16,5949,0.0,17.2,17.26,17.11,17.24,1774277980000,17.26,17.25,5752,0.0,1774277530000,17.12,17.12,1515,0.0,370
1774278050000,1774278050000,17.18,17.26,17.15,17.23,1774277980000,17.26,17.25,5752,0.0,1774277635000,17.15,17.16,5949,0.0,17.2,17.26,17.11,17.23,1774277980000,17.26,17.25,5752,0.0,1774277530000,17.12,17.12,1515,0.0,371
1774278055000,1774278055000,17.18,17.26,17.15,17.23,1774277980000,17.26,17.25,5752,0.0,1774277635000,17.15,17.16,5949,0.0,17.2,17.26,17.11,17.23,1774277980000,17.26,17.25,5752,0.0,1774277530000,17.12,17.12,1515,0.0,372
1774278060000,1774278060000,17.18,17.26,17.15,17.23,1774277980000,17.26,17.25,5752,0.0,1774277635000,17.15,17.16,5949,0.0,17.2,17.26,17.11,17.23,1774277980000,17.26,17.25,5752,0.0,1774277530000,17.12,17.12,1515,0.0,373
1774278065000,1774278065000,17.16,17.26,17.15,17.22,1774277980000,17.26,17.25,5752,0.0,1774277635000,17.15,17.16,5949,0.0,17.2,17.26,17.11,17.22,1774277980000,17.26,17.25,5752,0.0,1774277530000,17.12,17.12,1515,0.0,374
1774278070000,1774278070000,17.16,17.26,17.15,17.21,1774277980000,17.26,17.25,5752,0.0,1774277635000,17.15,17.16,5949,0.0,17.2,17.26,17.11,17.21,1774277980000,17.26,17.25,5752,0.0,1774277530000,17.12,17.12,1515,0.0,375
1774278075000,1774278075000,17.16,17.26,17.15,17.21,1774277980000,17.26,17.25,5752,0.0,1774277635000,17.15,17.16,5949,0.0,17.2,17.26,17.11,17.21,1774277980000,17.26,17.25,5752,0.0,1774277530000,17.12,17.12,1515,0.0,376
1774278080000,1774278080000,17.16,17.26,17.16,17.21,1774277980000,17.26,17.25,5752,0.0,1774277700000,17.17,17.18,3133,2029.5,17.22,17.26,17.11,17.21,1774277980000,17.26,17.25,5752,0.0,1774277530000,17.12,17.12,1515,0.0,377
1774278085000,1774278085000,17.16,17.26,17.16,17.23,1774277980000,17.26,17.25,5752,0.0,1774277700000,17.17,17.18,3133,2029.5,17.22,17.26,17.11,17.23,1774277980000,17.26,17.25,5752,0.0,1774277530000,17.12,17.12,1515,0.0,378
1774278090000,1774278090000,17.16,17.26,17.16,17.23,1774277980000,17.26,17.25,5752,0.0,1774277700000,17.17,17.18,3133,2029.5,17.22,17.26,17.11,17.23,1774277980000,17.26,17.25,5752,0.0,1774277530000,17.12,17.12,1515,0.0,379
1774278095000,1774278095000,17.16,17.26,17.16,17.22,1774277980000,17.26,17.25,5752,0.0,1774277700000,17.17,17.18,3133,2029.5,17.22,17.26,17.11,17.22,1774277980000,17.26,17.25,5752,0.0,1774277530000,17.12,17.12,1515,0.0,380
1774278100000,1774278100000,17.16,17.26,17.16,17.22,1774277980000,17.26,17.25,5752,0.0,1774277700000,17.17,17.18,3133,2029.5,17.22,17.26,17.11,17.22,1774277980000,17.26,17.25,5752,0.0,1774277530000,17.12,17.12,1515,0.0,381
1774278105000,1774278105000,17.17,17.26,17.16,17.21,1774277980000,17.26,17.25,5752,0.0,1774277700000,17.17,17.18,3133,2029.5,17.22,17.26,17.11,17.21,1774277980000,17.26,17.25,5752,0.0,1774277530000,17.12,17.12,1515,0.0,382
1774278110000,1774278110000,17.16,17.26,17.16,17.22,1774277980000,17.26,17.25,5752,0.0,1774277700000,17.17,17.18,3133,2029.5,17.22,17.26,17.11,17.22,1774277980000,17.26,17.25,5752,0.0,1774277530000,17.12,17.12,1515,0.0,383
1774278115000,1774278115000,17.16,17.26,17.16,17.23,1774277980000,17.26,17.25,5752,0.0,1774277700000,17.17,17.18,3133,2029.5,17.23,17.26,17.11,17.23,1774277980000,17.26,17.25,5752,0.0,1774277530000,17.12,17.12,1515,0.0,384
1774278120000,1774278120000,17.16,17.26,17.16,17.23,1774277980000,17.26,17.25,5752,0.0,1774277700000,17.17,17.18,3133,2029.5,17.23,17.26,17.11,17.23,1774277980000,17.26,17.25,5752,0.0,1774277530000,17.12,17.12,1515,0.0,385
1774278125000,1774278125000,17.16,17.26,17.16,17.23,1774277980000,17.26,17.25,5752,0.0,1774277700000,17.17,17.18,3133,2029.5,17.23,17.26,17.11,17.23,1774277980000,17.26,17.25,5752,0.0,1774277530000,17.12,17.12,1515,0.0,386
1774278130000,1774278130000,17.18,17.26,17.16,17.24,1774277980000,17.26,17.25,5752,0.0,1774277700000,17.17,17.18,3133,2029.5,17.21,17.26,17.11,17.24,1774277980000,17.26,17.25,5752,0.0,1774277530000,17.12,17.12,1515,0.0,387
1774278135000,1774278135000,17.16,17.26,17.16,17.25,1774277980000,17.26,17.25,5752,0.0,1774277700000,17.17,17.18,3133,2029.5,17.21,17.26,17.11,17.25,1774277980000,17.26,17.25,5752,0.0,1774277530000,17.12,17.12,1515,0.0,388
1774278140000,1774278140000,17.18,17.26,17.17,17.25,1774277980000,17.26,17.25,5752,0.0,1774277875000,17.18,17.18,11774,9233.0,17.21,17.26,17.11,17.25,1774277980000,17.26,17.25,5752,0.0,1774277530000,17.12,17.12,1515,0.0,389
1774278145000,1774278145000,17.18,17.26,17.17,17.25,1774277980000,17.26,17.25,5752,0.0,1774277875000,17.18,17.18,11774,9233.0,17.21,17.26,17.11,17.25,1774277980000,17.26,17.25,5752,0.0,1774277530000,17.12,17.12,1515,0.0,390
1774278150000,1774278150000,17.2,17.26,17.17,17.26,1774278150000,17.24,17.26,5950,1586.0,1774277875000,17.18,17.18,11774,9233.0,17.2,17.26,17.11,17.26,1774278150000,17.24,17.26,5950,1586.0,1774277530000,17.12,17.12,1515,0.0,391
1774278155000,1774278155000,17.21,17.27,17.17,17.26,1774278155000,17.26,17.26,20301,17326.0,1774277875000,17.18,17.18,11774,9233.0,17.21,17.27,17.11,17.26,1774278155000,17.26,17.26,20301,17326.0,1774277530000,17.12,17.12,1515,0.0,392
1774278160000,1774278160000,17.21,17.27,17.17,17.27,1774278160000,17.27,17.27,1289,0.0,1774277875000,17.18,17.18,11774,9233.0,17.21,17.27,17.11,17.27,1774278160000,17.27,17.27,1289,0.0,1774277530000,17.12,17.12,1515,0.0,393
1774278165000,1774278165000,17.2,17.29,17.17,17.29,1774278165000,17.27,17.29,42042,41397.5,1774277875000,17.18,17.18,11774,9233.0,17.18,17.29,17.11,17.29,1774278165000,17.27,17.29,42042,41397.5,1774277530000,17.12,17.12,1515,0.0,394
1774278170000,1774278170000,17.2,17.29,17.17,17.29,1774278170000,17.29,17.29,4390,0.0,1774277875000,17.18,17.18,11774,9233.0,17.18,17.29,17.11,17.29,1774278170000,17.29,17.29,4390,0.0,1774277530000,17.12,17.12,1515,0.0,395
1774278175000,1774278175000,17.2,17.3,17.17,17.3,1774278175000,17.29,17.3,11070,8875.0,1774277875000,17.18,17.18,11774,9233.0,17.16,17.3,17.11,17.3,1774278175000,17.29,17.3,11070,8875.0,1774277530000,17.12,17.12,1515,0.0,396
1774278180000,1774278180000,17.19,17.3,17.17,17.3,1774278180000,17.3,17.3,42186,36651.0,1774277875000,17.18,17.18,11774,9233.0,17.14,17.3,17.11,17.3,1774278180000,17.3,17.3,42186,36651.0,1774277530000,17.12,17.12,1515,0.0,397
1774278185000,1774278185000,17.2,17.3,17.17,17.29,1774278185000,17.3,17.29,14201,0.0,1774277875000,17.18,17.18,11774,9233.0,17.15,17.3,17.11,17.29,1774278185000,17.3,17.29,14201,0.0,1774277530000,17.12,17.12,1515,0.0,398
1774278190000,1774278190000,17.19,17.31,17.17,17.3,1774278190000,17.3,17.3,27786,20685.5,1774277875000,17.18,17.18,11774,9233.0,17.14,17.31,17.11,17.3,1774278190000,17.3,17.3,27786,20685.5,1774277530000,17.12,17.12,1515,0.0,399
1774278195000,1774278195000,17.18,17.31,17.17,17.29,1774278195000,17.3,17.29,13994,101.0,1774277875000,17.18,17.18,11774,9233.0,17.14,17.31,17.11,17.29,1774278195000,17.3,17.29,13994,101.0,1774277530000,17.12,17.12,1515,0.0,400
1774278200000,1774278200000,17.19,17.31,17.18,17.29,1774278195000,17.3,17.29,13994,0.0,1774277895000,17.19,17.19,5123,0.0,17.15,17.31,17.11,17.29,1774278195000,17.3,17.29,13994,0.0,1774277530000,17.12,17.12,1515,0.0,401
1774278205000,1774278205000,17.19,17.31,17.18,17.3,1774278195000,17.3,17.29,13994,0.0,1774277895000,17.19,17.19,5123,0.0,17.15,17.31,17.11,17.3,1774278195000,17.3,17.29,13994,0.0,1774277530000,17.12,17.12,1515,0.0,402
1774278210000,1774278210000,17.19,17.31,17.18,17.3,1774278195000,17.3,17.29,13994,0.0,1774277895000,17.19,17.19,5123,0.0,17.16,17.31,17.11,17.3,1774278195000,17.3,17.29,13994,0.0,1774277530000,17.12,17.12,1515,0.0,403
1774278215000,1774278215000,17.2,17.31,17.19,17.3,1774278195000,17.3,17.29,13994,0.0,1774277910000,17.2,17.21,13757,0.0,17.16,17.31,17.11,17.3,1774278195000,17.3,17.29,13994,0.0,1774277530000,17.12,17.12,1515,0.0,404
1774278220000,1774278220000,17.2,17.31,17.19,17.3,1774278220000,17.3,17.3,6211,4511.0,1774277910000,17.2,17.21,13757,0.0,17.16,17.31,17.11,17.3,1774278220000,17.3,17.3,6211,4511.0,1774277530000,17.12,17.12,1515,0.0,405
1774278225000,1774278225000,17.2,17.31,17.19,17.3,1774278225000,17.3,17.3,1950,0.0,1774277910000,17.2,17.21,13757,0.0,17.16,17.31,17.11,17.3,1774278225000,17.3,17.3,1950,0.0,1774277530000,17.12,17.12,1515,0.0,406
1774278230000,1774278230000,17.2,17.31,17.19,17.3,1774278230000,17.3,17.3,932,0.0,1774277910000,17.2,17.21,13757,0.0,17.16,17.31,17.11,17.3,1774278230000,17.3,17.3,932,0.0,1774277530000,17.12,17.12,1515,0.0,407
1774278235000,1774278235000,17.2,17.31,17.19,17.3,1774278235000,17.31,17.3,1478,1012.0,1774277910000,17.2,17.21,13757,0.0,17.16,17.31,17.11,17.3,1774278235000,17.31,17.3,1478,1012.0,1774277530000,17.12,17.12,1515,0.0,408
1774278240000,1774278240000,17.2,17.31,17.19,17.3,1774278240000,17.3,17.3,11788,11049.0,1774277910000,17.2,17.21,13757,0.0,17.14,17.31,17.11,17.3,1774278240000,17.3,17.3,11788,11049.0,1774277530000,17.12,17.12,1515,0.0,409
1774278245000,1774278245000,17.21,17.31,17.2,17.3,1774278245000,17.31,17.3,4851,0.0,1774277930000,17.21,17.22,14921,10585.0,17.14,17.31,17.11,17.3,1774278245000,17.31,17.3,4851,0.0,1774277530000,17.12,17.12,1515,0.0,410
1774278250000,1774278250000,17.21,17.31,17.2,17.29,1774278250000,17.3,17.29,16500,14074.5,1774277930000,17.21,17.22,14921,10585.0,17.13,17.31,17.11,17.29,1774278250000,17.3,17.29,16500,14074.5,1774277530000,17.12,17.12,1515,0.0,411
1774278255000,1774278255000,17.21,17.31,17.2,17.29,1774278250000,17.3,17.29,16500,4655.0,1774277930000,17.21,17.22,14921,10585.0,17.12,17.31,17.11,17.29,1774278250000,17.3,17.29,16500,4655.0,1774277530000,17.12,17.12,1515,0.0,412
1774278260000,1774278260000,17.2,17.31,17.2,17.3,1774278250000,17.3,17.29,16500,4655.0,1774277930000,17.21,17.22,14921,10585.0,17.11,17.31,17.11,17.3,1774278250000,17.3,17.29,16500,4655.0,1774277530000,17.12,17.12,1515,0.0,413
1774278265000,1774278265000,17.2,17.31,17.2,17.3,1774278250000,17.3,17.29,16500,4655.0,1774277930000,17.21,17.22,14921,10585.0,17.11,17.31,17.11,17.3,1774278250000,17.3,17.29,16500,4655.0,1774277530000,17.12,17.12,1515,0.0,414
1774278270000,1774278270000,17.2,17.31,17.2,17.3,1774278270000,17.3,17.3,6995,6042.0,1774277930000,17.21,17.22,14921,10585.0,17.11,17.31,17.11,17.3,1774278270000,17.3,17.3,6995,6042.0,1774277530000,17.12,17.12,1515,0.0,415
1774278275000,1774278275000,17.2,17.31,17.2,17.3,1774278275000,17.3,17.3,5669,2171.5,1774277930000,17.21,17.22,14921,10585.0,17.13,17.31,17.11,17.3,1774278275000,17.3,17.3,5669,2171.5,1774277530000,17.12,17.12,1515,0.0,416
1774278280000,1774278280000,17.21,17.31,17.2,17.3,1774278275000,17.3,17.3,5669,1347.5,1774277930000,17.21,17.22,14921,10585.0,17.13,17.31,17.11,17.3,1774278275000,17.3,17.3,5669,1347.5,1774277530000,17.12,17.12,1515,0.0,417
1774278285000,1774278285000,17.21,17.31,17.2,17.3,1774278285000,17.3,17.3,4345,3521.0,1774277930000,17.21,17.22,14921,10585.0,17.13,17.31,17.11,17.3,1774278285000,17.3,17.3,4345,3521.0,1774277530000,17.12,17.12,1515,0.0,418
1774278290000,1774278290000,17.21,17.31,17.2,17.3,1774278290000,17.3,17.3,5334,3161.5,1774277930000,17.21,17.22,14921,10585.0,17.13,17.31,17.11,17.3,1774278290000,17.3,17.3,5334,3161.5,1774277530000,17.12,17.12,1515,0.0,419
1774278295000,1774278295000,17.21,17.31,17.2,17.31,1774278295000,17.31,17.31,5750,3083.0,1774277930000,17.21,17.22,14921,10585.0,17.13,17.31,17.11,17.31,1774278295000,17.31,17.31,5750,3083.0,1774277530000,17.12,17.12,1515,0.0,420
1774278300000,1774278300000,17.23,17.32,17.21,17.32,1774278300000,17.3,17.32,135596,132721.0,1774278110000,17.22,17.22,3426,0.0,17.13,17.32,17.12,17.32,1774278300000,17.3,17.32,135596,132721.0,1774277550000,17.13,17.14,16579,13211.0,421
1774278305000,1774278305000,17.23,17.32,17.21,17.3,1774278300000,17.3,17.32,135596,121635.5,1774278110000,17.22,17.22,3426,0.0,17.13,17.32,17.12,17.3,1774278300000,17.3,17.32,135596,121635.5,1774277550000,17.13,17.14,16579,13211.0,422
1774278310000,1774278310000,17.23,17.32,17.21,17.3,1774278300000,17.3,17.32,135596,121635.5,1774278110000,17.22,17.22,3426,0.0,17.14,17.32,17.14,17.3,1774278300000,17.3,17.32,135596,121635.5,1774277575000,17.14,17.16,4672,0.0,423
1774278315000,1774278315000,17.25,17.32,17.21,17.3,1774278300000,17.3,17.32,135596,121635.5,1774278110000,17.22,17.22,3426,0.0,17.14,17.32,17.14,17.3,1774278300000,17.3,17.32,135596,121635.5,1774277575000,17.14,17.16,4672,0.0,424
1774278320000,1774278320000,17.25,17.32,17.21,17.3,1774278300000,17.3,17.32,135596,121635.5,1774278110000,17.22,17.22,3426,0.0,17.16,17.32,17.15,17.3,1774278300000,17.3,17.32,135596,121635.5,1774277635000,17.15,17.16,5949,0.0,425
1774278325000,1774278325000,17.25,17.32,17.21,17.3,1774278300000,17.3,17.32,135596,121635.5,1774278110000,17.22,17.22,3426,0.0,17.16,17.32,17.15,17.3,1774278300000,17.3,17.32,135596,121635.5,1774277635000,17.15,17.16,5949,0.0,426
1774278330000,1774278330000,17.25,17.32,17.21,17.29,1774278300000,17.3,17.32,135596,121635.5,1774278110000,17.22,17.22,3426,0.0,17.16,17.32,17.15,17.29,1774278300000,17.3,17.32,135596,121635.5,1774277635000,17.15,17.16,5949,0.0,427
1774278335000,1774278335000,17.26,17.32,17.21,17.29,1774278300000,17.3,17.32,135596,121635.5,1774278110000,17.22,17.22,3426,0.0,17.16,17.32,17.15,17.29,1774278300000,17.3,17.32,135596,121635.5,1774277635000,17.15,17.16,5949,0.0,428
1774278340000,1774278340000,17.25,17.32,17.21,17.28,1774278300000,17.3,17.32,135596,121635.5,1774278110000,17.22,17.22,3426,0.0,17.16,17.32,17.15,17.28,1774278300000,17.3,17.32,135596,121635.5,1774277635000,17.15,17.16,5949,0.0,429
1774278345000,1774278345000,17.25,17.32,17.21,17.28,1774278300000,17.3,17.32,135596,121635.5,1774278110000,17.22,17.22,3426,0.0,17.16,17.32,17.15,17.28,1774278300000,17.3,17.32,135596,121635.5,1774277635000,17.15,17.16,5949,0.0,430
1774278350000,1774278350000,17.25,17.32,17.21,17.29,1774278300000,17.3,17.32,135596,121635.5,1774278110000,17.22,17.22,3426,0.0,17.19,17.32,17.15,17.29,1774278300000,17.3,17.32,135596,121635.5,1774277635000,17.15,17.16,5949,0.0,431
1774278355000,1774278355000,17.25,17.32,17.21,17.29,1774278300000,17.3,17.32,135596,121635.5,1774278110000,17.22,17.22,3426,0.0,17.19,17.32,17.15,17.29,1774278300000,17.3,17.32,135596,121635.5,1774277635000,17.15,17.16,5949,0.0,432
1774278360000,1774278360000,17.25,17.32,17.21,17.3,1774278300000,17.3,17.32,135596,121635.5,1774278110000,17.22,17.22,3426,0.0,17.19,17.32,17.15,17.3,1774278300000,17.3,17.32,135596,121635.5,1774277635000,17.15,17.16,5949,0.0,433
1774278365000,1774278365000,17.22,17.32,17.21,17.3,1774278300000,17.3,17.32,135596,121635.5,1774278110000,17.22,17.22,3426,0.0,17.19,17.32,17.15,17.3,1774278300000,17.3,17.32,135596,121635.5,1774277635000,17.15,17.16,5949,0.0,434
1774278370000,1774278370000,17.22,17.32,17.21,17.3,1774278300000,17.3,17.32,135596,121635.5,1774278110000,17.22,17.22,3426,0.0,17.19,17.32,17.15,17.3,1774278300000,17.3,17.32,135596,121635.5,1774277635000,17.15,17.16,5949,0.0,435
1774278375000,1774278375000,17.22,17.32,17.21,17.3,1774278300000,17.3,17.32,135596,121635.5,1774278110000,17.22,17.22,3426,0.0,17.19,17.32,17.15,17.3,1774278300000,17.3,17.32,135596,121635.5,1774277635000,17.15,17.16,5949,0.0,436
1774278380000,1774278380000,17.23,17.32,17.21,17.3,1774278300000,17.3,17.32,135596,121635.5,1774278110000,17.22,17.22,3426,0.0,17.19,17.32,17.15,17.3,1774278300000,17.3,17.32,135596,121635.5,1774277635000,17.15,17.16,5949,0.0,437
1774278385000,1774278385000,17.24,17.32,17.21,17.28,1774278300000,17.3,17.32,135596,121635.5,1774278110000,17.22,17.22,3426,0.0,17.19,17.32,17.15,17.28,1774278300000,17.3,17.32,135596,121635.5,1774277635000,17.15,17.16,5949,0.0,438
1774278390000,1774278390000,17.23,17.32,17.21,17.29,1774278300000,17.3,17.32,135596,121635.5,1774278110000,17.22,17.22,3426,0.0,17.18,17.32,17.15,17.29,1774278300000,17.3,17.32,135596,121635.5,1774277635000,17.15,17.16,5949,0.0,439
1774278395000,1774278395000,17.23,17.32,17.21,17.29,1774278300000,17.3,17.32,135596,121635.5,1774278110000,17.22,17.22,3426,0.0,17.18,17.32,17.15,17.29,1774278300000,17.3,17.32,135596,121635.5,1774277635000,17.15,17.16,5949,0.0,440
1774278400000,1774278400000,17.23,17.32,17.21,17.28,1774278300000,17.3,17.32,135596,121635.5,1774278110000,17.22,17.22,3426,0.0,17.17,17.32,17.15,17.28,1774278300000,17.3,17.32,135596,121635.5,1774277635000,17.15,17.16,5949,0.0,441
1774278405000,1774278405000,17.23,17.32,17.21,17.29,1774278300000,17.3,17.32,135596,121635.5,1774278110000,17.22,17.22,3426,0.0,17.17,17.32,17.15,17.29,1774278300000,17.3,17.32,135596,121635.5,1774277635000,17.15,17.16,5949,0.0,442
1774278410000,1774278410000,17.22,17.32,17.21,17.28,1774278300000,17.3,17.32,135596,121635.5,1774278110000,17.22,17.22,3426,0.0,17.16,17.32,17.15,17.28,1774278300000,17.3,17.32,135596,121635.5,1774277635000,17.15,17.16,5949,0.0,443
1774278415000,1774278415000,17.21,17.32,17.21,17.29,1774278300000,17.3,17.32,135596,121635.5,1774278110000,17.22,17.22,3426,0.0,17.16,17.32,17.15,17.29,1774278300000,17.3,17.32,135596,121635.5,1774277635000,17.15,17.16,5949,0.0,444
1774278420000,1774278420000,17.21,17.32,17.21,17.28,1774278300000,17.3,17.32,135596,121635.5,1774278110000,17.22,17.22,3426,0.0,17.15,17.32,17.15,17.28,1774278300000,17.3,17.32,135596,121635.5,1774277635000,17.15,17.16,5949,0.0,445
1774278425000,1774278425000,17.21,17.32,17.21,17.28,1774278300000,17.3,17.32,135596,121635.5,1774278110000,17.22,17.22,3426,0.0,17.16,17.32,17.16,17.28,1774278300000,17.3,17.32,135596,121635.5,1774277700000,17.17,17.18,3133,2029.5,446
1774278430000,1774278430000,17.22,17.32,17.21,17.29,1774278300000,17.3,17.32,135596,121635.5,1774278110000,17.22,17.22,3426,0.0,17.16,17.32,17.16,17.29,1774278300000,17.3,17.32,135596,121635.5,1774277700000,17.17,17.18,3133,2029.5,447
1774278435000,1774278435000,17.23,17.32,17.22,17.29,1774278300000,17.3,17.32,135596,121635.5,1774278115000,17.23,17.23,9136,6945.5,17.16,17.32,17.16,17.29,1774278300000,17.3,17.32,135596,121635.5,1774277700000,17.17,17.18,3133,2029.5,448
1774278440000,1774278440000,17.23,17.32,17.22,17.3,1774278300000,17.3,17.32,135596,121635.5,1774278115000,17.23,17.23,9136,6945.5,17.16,17.32,17.16,17.3,1774278300000,17.3,17.32,135596,121635.5,1774277700000,17.17,17.18,3133,2029.5,449
1774278445000,1774278445000,17.23,17.32,17.23,17.3,1774278300000,17.3,17.32,135596,121635.5,1774278135000,17.24,17.25,4434,0.0,17.18,17.32,17.16,17.3,1774278300000,17.3,17.32,135596,121635.5,1774277700000,17.17,17.18,3133,2029.5,450
1774278450000,1774278450000,17.23,17.32,17.23,17.3,1774278300000,17.3,17.32,135596,121635.5,1774278135000,17.24,17.25,4434,0.0,17.18,17.32,17.16,17.3,1774278300000,17.3,17.32,135596,121635.5,1774277700000,17.17,17.18,3133,2029.5,451
1774278455000,1774278455000,17.25,17.32,17.24,17.31,1774278300000,17.3,17.32,135596,121635.5,1774278150000,17.24,17.26,5950,0.0,17.18,17.32,17.17,17.31,1774278300000,17.3,17.32,135596,121635.5,1774277875000,17.18,17.18,11774,9233.0,452
1774278460000,1774278460000,17.25,17.32,17.24,17.3,1774278300000,17.3,17.32,135596,121635.5,1774278150000,17.24,17.26,5950,0.0,17.18,17.32,17.17,17.3,1774278300000,17.3,17.32,135596,121635.5,1774277875000,17.18,17.18,11774,9233.0,453
1774278465000,1774278465000,17.25,17.32,17.24,17.3,1774278300000,17.3,17.32,135596,121635.5,1774278150000,17.24,17.26,5950,0.0,17.18,17.32,17.17,17.3,1774278300000,17.3,17.32,135596,121635.5,1774277875000,17.18,17.18,11774,9233.0,454
1774278470000,1774278470000,17.27,17.34,17.27,17.34,1774278470000,17.3,17.34,58685,55237.5,1774278425000,17.28,17.28,9533,5764.5,17.19,17.34,17.17,17.34,1774278470000,17.3,17.34,58685,55237.5,1774277875000,17.18,17.18,11774,9233.0,455
1774278475000,1774278475000,17.3,17.34,17.27,17.3,1774278475000,17.34,17.3,92714,63371.5,1774278425000,17.28,17.28,9533,5764.5,17.2,17.34,17.17,17.3,1774278475000,17.34,17.3,92714,63371.5,1774277875000,17.18,17.18,11774,9233.0,456
1774278480000,1774278480000,17.3,17.34,17.27,17.3,1774278475000,17.34,17.3,92714,62571.5,1774278425000,17.28,17.28,9533,5764.5,17.2,17.34,17.17,17.3,1774278475000,17.34,17.3,92714,62571.5,1774277875000,17.18,17.18,11774,9233.0,457
1774278485000,1774278485000,17.3,17.34,17.27,17.32,1774278475000,17.34,17.3,92714,62571.5,1774278425000,17.28,17.28,9533,5764.5,17.2,17.34,17.19,17.32,1774278475000,17.34,17.3,92714,62571.5,1774277910000,17.2,17.21,13757,0.0,458
1774278490000,1774278490000,17.3,17.34,17.27,17.32,1774278475000,17.34,17.3,92714,62571.5,1774278425000,17.28,17.28,9533,5764.5,17.2,17.34,17.19,17.32,1774278475000,17.34,17.3,92714,62571.5,1774277910000,17.2,17.21,13757,0.0,459
1774278495000,1774278495000,17.3,17.34,17.27,17.32,1774278475000,17.34,17.3,92714,62571.5,1774278425000,17.28,17.28,9533,5764.5,17.2,17.34,17.19,17.32,1774278475000,17.34,17.3,92714,62571.5,1774277910000,17.2,17.21,13757,0.0,460
1774278500000,1774278500000,17.31,17.34,17.27,17.32,1774278475000,17.34,17.3,92714,62571.5,1774278425000,17.28,17.28,9533,5764.5,17.2,17.34,17.19,17.32,1774278475000,17.34,17.3,92714,62571.5,1774277910000,17.2,17.21,13757,0.0,461
1774278505000,1774278505000,17.3,17.34,17.27,17.3,1774278475000,17.34,17.3,92714,62571.5,1774278425000,17.28,17.28,9533,5764.5,17.2,17.34,17.19,17.3,1774278475000,17.34,17.3,92714,62571.5,1774277910000,17.2,17.21,13757,0.0,462
1774278510000,1774278510000,17.31,17.34,17.27,17.29,1774278475000,17.34,17.3,92714,62571.5,1774278425000,17.28,17.28,9533,5764.5,17.21,17.34,17.2,17.29,1774278475000,17.34,17.3,92714,62571.5,1774277930000,17.21,17.22,14921,10585.0,463
1774278515000,1774278515000,17.29,17.34,17.27,17.31,1774278475000,17.34,17.3,92714,62571.5,1774278425000,17.28,17.28,9533,5764.5,17.21,17.34,17.2,17.31,1774278475000,17.34,17.3,92714,62571.5,1774277930000,17.21,17.22,14921,10585.0,464
1774278520000,1774278520000,17.29,17.34,17.27,17.3,1774278475000,17.34,17.3,92714,62571.5,1774278425000,17.28,17.28,9533,5764.5,17.21,17.34,17.2,17.3,1774278475000,17.34,17.3,92714,62571.5,1774277930000,17.21,17.22,14921,10585.0,465
1774278525000,1774278525000,17.29,17.34,17.27,17.3,1774278475000,17.34,17.3,92714,62571.5,1774278425000,17.28,17.28,9533,5764.5,17.21,17.34,17.2,17.3,1774278475000,17.34,17.3,92714,62571.5,1774277930000,17.21,17.22,14921,10585.0,466
1774278530000,1774278530000,17.3,17.34,17.27,17.31,1774278475000,17.34,17.3,92714,62571.5,1774278425000,17.28,17.28,9533,5764.5,17.2,17.34,17.2,17.31,1774278475000,17.34,17.3,92714,62571.5,1774277930000,17.21,17.22,14921,10585.0,467
1774278535000,1774278535000,17.3,17.34,17.27,17.31,1774278475000,17.34,17.3,92714,62571.5,1774278425000,17.28,17.28,9533,5764.5,17.2,17.34,17.2,17.31,1774278475000,17.34,17.3,92714,62571.5,1774277930000,17.21,17.22,14921,10585.0,468
1774278540000,1774278540000,17.3,17.34,17.27,17.31,1774278475000,17.34,17.3,92714,62571.5,1774278425000,17.28,17.28,9533,5764.5,17.21,17.34,17.2,17.31,1774278475000,17.34,17.3,92714,62571.5,1774277930000,17.21,17.22,14921,10585.0,469
1774278545000,1774278545000,17.31,17.34,17.27,17.32,1774278475000,17.34,17.3,92714,62571.5,1774278425000,17.28,17.28,9533,5764.5,17.21,17.34,17.2,17.32,1774278475000,17.34,17.3,92714,62571.5,1774277930000,17.21,17.22,14921,10585.0,470
1774278550000,1774278550000,17.3,17.34,17.27,17.32,1774278475000,17.34,17.3,92714,62571.5,1774278425000,17.28,17.28,9533,5764.5,17.21,17.34,17.2,17.32,1774278475000,17.34,17.3,92714,62571.5,1774277930000,17.21,17.22,14921,10585.0,471
1774278555000,1774278555000,17.3,17.34,17.27,17.33,1774278475000,17.34,17.3,92714,62571.5,1774278425000,17.28,17.28,9533,5764.5,17.21,17.34,17.21,17.33,1774278475000,17.34,17.3,92714,62571.5,1774278110000,17.22,17.22,3426,0.0,472
1774278560000,1774278560000,17.3,17.34,17.27,17.32,1774278475000,17.34,17.3,92714,62571.5,1774278425000,17.28,17.28,9533,5764.5,17.21,17.34,17.21,17.32,1774278475000,17.34,17.3,92714,62571.5,1774278110000,17.22,17.22,3426,0.0,473
1774278565000,1774278565000,17.3,17.34,17.27,17.32,1774278475000,17.34,17.3,92714,62571.5,1774278425000,17.28,17.28,9533,5764.5,17.21,17.34,17.21,17.32,1774278475000,17.34,17.3,92714,62571.5,1774278110000,17.22,17.22,3426,0.0,474
1774278570000,1774278570000,17.3,17.34,17.27,17.33,1774278475000,17.34,17.3,92714,62571.5,1774278425000,17.28,17.28,9533,5764.5,17.21,17.34,17.21,17.33,1774278475000,17.34,17.3,92714,62571.5,1774278110000,17.22,17.22,3426,0.0,475
1774278575000,1774278575000,17.3,17.34,17.27,17.33,1774278475000,17.34,17.3,92714,62571.5,1774278425000,17.28,17.28,9533,5764.5,17.21,17.34,17.21,17.33,1774278475000,17.34,17.3,92714,62571.5,1774278110000,17.22,17.22,3426,0.0,476
1774278580000,1774278580000,17.3,17.34,17.27,17.32,1774278475000,17.34,17.3,92714,62571.5,1774278425000,17.28,17.28,9533,5764.5,17.21,17.34,17.21,17.32,1774278475000,17.34,17.3,92714,62571.5,1774278110000,17.22,17.22,3426,0.0,477
1774278585000,1774278585000,17.3,17.34,17.27,17.33,1774278475000,17.34,17.3,92714,62571.5,1774278425000,17.28,17.28,9533,5764.5,17.24,17.34,17.21,17.33,1774278475000,17.34,17.3,92714,62571.5,1774278110000,17.22,17.22,3426,0.0,478
1774278590000,1774278590000,17.3,17.34,17.27,17.32,1774278475000,17.34,17.3,92714,62571.5,1774278425000,17.28,17.28,9533,5764.5,17.23,17.34,17.21,17.32,1774278475000,17.34,17.3,92714,62571.5,1774278110000,17.22,17.22,3426,0.0,479
1774278595000,1774278595000,17.3,17.34,17.27,17.32,1774278475000,17.34,17.3,92714,62571.5,1774278425000,17.28,17.28,9533,5764.5,17.23,17.34,17.21,17.32,1774278475000,17.34,17.3,92714,62571.5,1774278110000,17.22,17.22,3426,0.0,480
1774278600000,1774278600000,17.3,17.34,17.27,17.32,1774278475000,17.34,17.3,92714,62571.5,1774278425000,17.28,17.28,9533,5764.5,17.23,17.34,17.21,17.32,1774278475000,17.34,17.3,92714,62571.5,1774278110000,17.22,17.22,3426,0.0,481
1774278605000,1774278605000,17.3,17.34,17.27,17.32,1774278475000,17.34,17.3,92714,62571.5,1774278425000,17.28,17.28,9533,5764.5,17.23,17.34,17.21,17.32,1774278475000,17.34,17.3,92714,62571.5,1774278110000,17.22,17.22,3426,0.0,482
1774278610000,1774278610000,17.3,17.34,17.27,17.32,1774278475000,17.34,17.3,92714,62571.5,1774278425000,17.28,17.28,9533,5764.5,17.23,17.34,17.21,17.32,1774278475000,17.34,17.3,92714,62571.5,1774278110000,17.22,17.22,3426,0.0,483
1774278615000,1774278615000,17.3,17.34,17.27,17.34,1774278615000,17.33,17.34,20925,16591.0,1774278425000,17.28,17.28,9533,5764.5,17.23,17.34,17.21,17.34,1774278615000,17.33,17.34,20925,16591.0,1774278110000,17.22,17.22,3426,0.0,484
1774278620000,1774278620000,17.3,17.34,17.27,17.34,1774278620000,17.34,17.34,11480,1017.5,1774278425000,17.28,17.28,9533,5764.5,17.23,17.34,17.21,17.34,1774278620000,17.34,17.34,11480,1017.5,1774278110000,17.22,17.22,3426,0.0,485
1774278625000,1774278625000,17.3,17.34,17.27,17.34,1774278625000,17.34,17.34,1584,0.0,1774278425000,17.28,17.28,9533,5764.5,17.23,17.34,17.21,17.34,1774278625000,17.34,17.34,1584,0.0,1774278110000,17.22,17.22,3426,0.0,486
1774278630000,1774278630000,17.3,17.35,17.27,17.35,1774278630000,17.33,17.35,16398,15606.0,1774278425000,17.28,17.28,9533,5764.5,17.23,17.35,17.21,17.35,1774278630000,17.33,17.35,16398,15606.0,1774278110000,17.22,17.22,3426,0.0,487
1774278635000,1774278635000,17.3,17.36,17.27,17.34,1774278635000,17.35,17.34,75372,67173.0,1774278425000,17.28,17.28,9533,5764.5,17.25,17.36,17.21,17.34,1774278635000,17.35,17.34,75372,67173.0,1774278110000,17.22,17.22,3426,0.0,488
1774278640000,1774278640000,17.3,17.36,17.27,17.34,1774278635000,17.35,17.34,75372,62621.5,1774278425000,17.28,17.28,9533,5764.5,17.25,17.36,17.21,17.34,1774278635000,17.35,17.34,75372,62621.5,1774278110000,17.22,17.22,3426,0.0,489
1774278645000,1774278645000,17.29,17.36,17.27,17.36,1774278645000,17.35,17.36,11174,6622.5,1774278425000,17.28,17.28,9533,5764.5,17.25,17.36,17.21,17.36,1774278645000,17.35,17.36,11174,6622.5,1774278110000,17.22,17.22,3426,0.0,490
1774278650000,1774278650000,17.29,17.36,17.27,17.35,1774278650000,17.36,17.35,5720,133.0,1774278425000,17.28,17.28,9533,5764.5,17.25,17.36,17.21,17.35,1774278650000,17.36,17.35,5720,133.0,1774278110000,17.22,17.22,3426,0.0,491
1774278655000,1774278655000,17.3,17.36,17.27,17.34,1774278655000,17.35,17.34,12434,9574.0,1774278425000,17.28,17.28,9533,5764.5,17.25,17.36,17.21,17.34,1774278655000,17.35,17.34,12434,9574.0,1774278110000,17.22,17.22,3426,0.0,492
1774278660000,1774278660000,17.31,17.36,17.27,17.34,1774278655000,17.35,17.34,12434,3390.0,1774278425000,17.28,17.28,9533,5764.5,17.23,17.36,17.21,17.34,1774278655000,17.35,17.34,12434,3390.0,1774278110000,17.22,17.22,3426,0.0,493
1774278665000,1774278665000,17.31,17.36,17.27,17.34,1774278655000,17.35,17.34,12434,3390.0,1774278425000,17.28,17.28,9533,5764.5,17.23,17.36,17.21,17.34,1774278655000,17.35,17.34,12434,3390.0,1774278110000,17.22,17.22,3426,0.0,494
1774278670000,1774278670000,17.31,17.36,17.27,17.34,1774278655000,17.35,17.34,12434,3390.0,1774278425000,17.28,17.28,9533,5764.5,17.22,17.36,17.21,17.34,1774278655000,17.35,17.34,12434,3390.0,1774278110000,17.22,17.22,3426,0.0,495
1774278675000,1774278675000,17.29,17.36,17.27,17.33,1774278655000,17.35,17.34,12434,3390.0,1774278425000,17.28,17.28,9533,5764.5,17.23,17.36,17.21,17.33,1774278655000,17.35,17.34,12434,3390.0,1774278110000,17.22,17.22,3426,0.0,496
1774278680000,1774278680000,17.29,17.36,17.27,17.34,1774278655000,17.35,17.34,12434,3390.0,1774278425000,17.28,17.28,9533,5764.5,17.23,17.36,17.21,17.34,1774278655000,17.35,17.34,12434,3390.0,1774278110000,17.22,17.22,3426,0.0,497
1774278685000,1774278685000,17.3,17.36,17.27,17.34,1774278655000,17.35,17.34,12434,3390.0,1774278425000,17.28,17.28,9533,5764.5,17.23,17.36,17.21,17.34,1774278655000,17.35,17.34,12434,3390.0,1774278110000,17.22,17.22,3426,0.0,498
1774278690000,1774278690000,17.3,17.36,17.27,17.34,1774278655000,17.35,17.34,12434,3390.0,1774278425000,17.28,17.28,9533,5764.5,17.24,17.36,17.21,17.34,1774278655000,17.35,17.34,12434,3390.0,1774278110000,17.22,17.22,3426,0.0,499
1774278695000,1774278695000,17.28,17.36,17.27,17.33,1774278655000,17.35,17.34,12434,3390.0,1774278425000,17.28,17.28,9533,5764.5,17.23,17.36,17.21,17.33,1774278655000,17.35,17.34,12434,3390.0,1774278110000,17.22,17.22,3426,0.0,500
1774278700000,1774278700000,17.28,17.36,17.27,17.33,1774278655000,17.35,17.34,12434,3390.0,1774278425000,17.28,17.28,9533,5764.5,17.23,17.36,17.21,17.33,1774278655000,17.35,17.34,12434,3390.0,1774278110000,17.22,17.22,3426,0.0,501
1774278705000,1774278705000,17.28,17.36,17.27,17.35,1774278655000,17.35,17.34,12434,3390.0,1774278425000,17.28,17.28,9533,5764.5,17.23,17.36,17.21,17.35,1774278655000,17.35,17.34,12434,3390.0,1774278110000,17.22,17.22,3426,0.0,502
1774278710000,1774278710000,17.28,17.36,17.27,17.35,1774278655000,17.35,17.34,12434,3390.0,1774278425000,17.28,17.28,9533,5764.5,17.23,17.36,17.21,17.35,1774278655000,17.35,17.34,12434,3390.0,1774278110000,17.22,17.22,3426,0.0,503
1774278715000,1774278715000,17.28,17.36,17.27,17.35,1774278655000,17.35,17.34,12434,3390.0,1774278425000,17.28,17.28,9533,5764.5,17.23,17.36,17.21,17.35,1774278655000,17.35,17.34,12434,3390.0,1774278110000,17.22,17.22,3426,0.0,504
1774278720000,1774278720000,17.29,17.36,17.27,17.33,1774278655000,17.35,17.34,12434,3390.0,1774278425000,17.28,17.28,9533,5764.5,17.23,17.36,17.21,17.33,1774278655000,17.35,17.34,12434,3390.0,1774278110000,17.22,17.22,3426,0.0,505
1774278725000,1774278725000,17.29,17.36,17.27,17.33,1774278655000,17.35,17.34,12434,3390.0,1774278425000,17.28,17.28,9533,5764.5,17.23,17.36,17.21,17.33,1774278655000,17.35,17.34,12434,3390.0,1774278110000,17.22,17.22,3426,0.0,506
1774278730000,1774278730000,17.29,17.36,17.27,17.34,1774278655000,17.35,17.34,12434,3390.0,1774278425000,17.28,17.28,9533,5764.5,17.21,17.36,17.21,17.34,1774278655000,17.35,17.34,12434,3390.0,1774278110000,17.22,17.22,3426,0.0,507
1774278735000,1774278735000,17.28,17.36,17.27,17.33,1774278655000,17.35,17.34,12434,3390.0,1774278425000,17.28,17.28,9533,5764.5,17.21,17.36,17.21,17.33,1774278655000,17.35,17.34,12434,3390.0,1774278110000,17.22,17.22,3426,0.0,508
1774278740000,1774278740000,17.29,17.36,17.28,17.34,1774278655000,17.35,17.34,12434,3390.0,1774278435000,17.29,17.29,14989,10181.5,17.23,17.36,17.21,17.34,1774278655000,17.35,17.34,12434,3390.0,1774278110000,17.22,17.22,3426,0.0,509
1774278745000,1774278745000,17.29,17.36,17.28,17.34,1774278655000,17.35,17.34,12434,3390.0,1774278435000,17.29,17.29,14989,10181.5,17.23,17.36,17.21,17.34,1774278655000,17.35,17.34,12434,3390.0,1774278110000,17.22,17.22,3426,0.0,510
1774278750000,1774278750000,17.3,17.36,17.29,17.35,1774278655000,17.35,17.34,12434,3390.0,1774278530000,17.3,17.31,15209,9945.0,17.23,17.36,17.22,17.35,1774278655000,17.35,17.34,12434,3390.0,1774278115000,17.23,17.23,9136,6945.5,511
1774278755000,1774278755000,17.3,17.36,17.29,17.34,1774278655000,17.35,17.34,12434,3390.0,1774278530000,17.3,17.31,15209,9945.0,17.23,17.36,17.22,17.34,1774278655000,17.35,17.34,12434,3390.0,1774278115000,17.23,17.23,9136,6945.5,512
1774278760000,1774278760000,17.3,17.36,17.29,17.35,1774278655000,17.35,17.34,12434,3390.0,1774278530000,17.3,17.31,15209,9945.0,17.23,17.36,17.23,17.35,1774278655000,17.35,17.34,12434,3390.0,1774278135000,17.24,17.25,4434,0.0,513
1774278765000,1774278765000,17.3,17.36,17.29,17.35,1774278655000,17.35,17.34,12434,3390.0,1774278530000,17.3,17.31,15209,9945.0,17.23,17.36,17.23,17.35,1774278655000,17.35,17.34,12434,3390.0,1774278135000,17.24,17.25,4434,0.0,514
1774278770000,1774278770000,17.3,17.36,17.29,17.35,1774278770000,17.35,17.35,5365,4615.0,1774278530000,17.3,17.31,15209,9945.0,17.23,17.36,17.23,17.35,1774278770000,17.35,17.35,5365,4615.0,1774278135000,17.24,17.25,4434,0.0,515
1774278775000,1774278775000,17.3,17.36,17.29,17.35,1774278770000,17.35,17.35,5365,676.5,1774278530000,17.3,17.31,15209,9945.0,17.23,17.36,17.23,17.35,1774278770000,17.35,17.35,5365,676.5,1774278135000,17.24,17.25,4434,0.0,516
1774278780000,1774278780000,17.3,17.36,17.29,17.34,1774278770000,17.35,17.35,5365,676.5,1774278530000,17.3,17.31,15209,9945.0,17.25,17.36,17.24,17.34,1774278770000,17.35,17.35,5365,676.5,1774278150000,17.24,17.26,5950,0.0,517
1774278785000,1774278785000,17.3,17.36,17.29,17.33,1774278770000,17.35,17.35,5365,676.5,1774278530000,17.3,17.31,15209,9945.0,17.25,17.36,17.24,17.33,1774278770000,17.35,17.35,5365,676.5,1774278150000,17.24,17.26,5950,0.0,518
1774278790000,1774278790000,17.3,17.36,17.29,17.35,1774278770000,17.35,17.35,5365,676.5,1774278530000,17.3,17.31,15209,9945.0,17.25,17.36,17.24,17.35,1774278770000,17.35,17.35,5365,676.5,1774278150000,17.24,17.26,5950,0.0,519
1774278795000,1774278795000,17.3,17.36,17.29,17.35,1774278770000,17.35,17.35,5365,676.5,1774278530000,17.3,17.31,15209,9945.0,17.24,17.36,17.24,17.35,1774278770000,17.35,17.35,5365,676.5,1774278150000,17.24,17.26,5950,0.0,520
1774278800000,1774278800000,17.3,17.36,17.29,17.35,1774278770000,17.35,17.35,5365,676.5,1774278530000,17.3,17.31,15209,9945.0,17.26,17.36,17.25,17.35,1774278770000,17.35,17.35,5365,676.5,1774278155000,17.26,17.26,20301,16681.5,521
1774278805000,1774278805000,17.3,17.36,17.29,17.35,1774278770000,17.35,17.35,5365,676.5,1774278530000,17.3,17.31,15209,9945.0,17.26,17.36,17.25,17.35,1774278770000,17.35,17.35,5365,676.5,1774278155000,17.26,17.26,20301,16681.5,522
1774278810000,1774278810000,17.3,17.36,17.29,17.35,1774278770000,17.35,17.35,5365,676.5,1774278530000,17.3,17.31,15209,9945.0,17.26,17.36,17.25,17.35,1774278770000,17.35,17.35,5365,676.5,1774278155000,17.26,17.26,20301,16681.5,523
1774278815000,1774278815000,17.3,17.36,17.29,17.35,1774278770000,17.35,17.35,5365,676.5,1774278530000,17.3,17.31,15209,9945.0,17.26,17.36,17.25,17.35,1774278770000,17.35,17.35,5365,676.5,1774278155000,17.26,17.26,20301,16681.5,524
1774278820000,1774278820000,17.3,17.36,17.29,17.35,1774278770000,17.35,17.35,5365,676.5,1774278530000,17.3,17.31,15209,9945.0,17.26,17.36,17.25,17.35,1774278770000,17.35,17.35,5365,676.5,1774278155000,17.26,17.26,20301,16681.5,525
1774278825000,1774278825000,17.3,17.36,17.29,17.34,1774278770000,17.35,17.35,5365,676.5,1774278530000,17.3,17.31,15209,9945.0,17.26,17.36,17.25,17.34,1774278770000,17.35,17.35,5365,676.5,1774278155000,17.26,17.26,20301,16681.5,526
1774278830000,1774278830000,17.3,17.36,17.29,17.35,1774278770000,17.35,17.35,5365,676.5,1774278530000,17.3,17.31,15209,9945.0,17.26,17.36,17.25,17.35,1774278770000,17.35,17.35,5365,676.5,1774278155000,17.26,17.26,20301,16681.5,527
1774278835000,1774278835000,17.3,17.36,17.29,17.35,1774278770000,17.35,17.35,5365,676.5,1774278530000,17.3,17.31,15209,9945.0,17.26,17.36,17.25,17.35,1774278770000,17.35,17.35,5365,676.5,1774278155000,17.26,17.26,20301,16681.5,528
1774278840000,1774278840000,17.3,17.36,17.29,17.34,1774278770000,17.35,17.35,5365,676.5,1774278530000,17.3,17.31,15209,9945.0,17.27,17.36,17.27,17.34,1774278770000,17.35,17.35,5365,676.5,1774278425000,17.28,17.28,9533,5764.5,529
1774278845000,1774278845000,17.3,17.36,17.29,17.36,1774278845000,17.35,17.36,3971,0.0,1774278530000,17.3,17.31,15209,9945.0,17.27,17.36,17.27,17.36,1774278845000,17.35,17.36,3971,0.0,1774278425000,17.28,17.28,9533,5764.5,530
1774278850000,1774278850000,17.3,17.36,17.29,17.36,1774278850000,17.35,17.36,4200,2214.5,1774278530000,17.3,17.31,15209,9945.0,17.27,17.36,17.27,17.36,1774278850000,17.35,17.36,4200,2214.5,1774278425000,17.28,17.28,9533,5764.5,531
1774278855000,1774278855000,17.3,17.36,17.29,17.36,1774278855000,17.36,17.36,7026,4926.0,1774278530000,17.3,17.31,15209,9945.0,17.27,17.36,17.27,17.36,1774278855000,17.36,17.36,7026,4926.0,1774278425000,17.28,17.28,9533,5764.5,532
1774278860000,1774278860000,17.34,17.36,17.29,17.35,1774278860000,17.36,17.35,7922,4409.0,1774278530000,17.3,17.31,15209,9945.0,17.27,17.36,17.27,17.35,1774278860000,17.36,17.35,7922,4409.0,1774278425000,17.28,17.28,9533,5764.5,533
1774278865000,1774278865000,17.34,17.36,17.29,17.35,1774278860000,17.36,17.35,7922,606.5,1774278530000,17.3,17.31,15209,9945.0,17.27,17.36,17.27,17.35,1774278860000,17.36,17.35,7922,606.5,1774278425000,17.28,17.28,9533,5764.5,534
1774278870000,1774278870000,17.34,17.36,17.29,17.35,1774278860000,17.36,17.35,7922,606.5,1774278530000,17.3,17.31,15209,9945.0,17.27,17.36,17.27,17.35,1774278860000,17.36,17.35,7922,606.5,1774278425000,17.28,17.28,9533,5764.5,535
1774278875000,1774278875000,17.34,17.36,17.29,17.36,1774278875000,17.35,17.36,10718,9712.5,1774278530000,17.3,17.31,15209,9945.0,17.29,17.36,17.27,17.36,1774278875000,17.35,17.36,10718,9712.5,1774278425000,17.28,17.28,9533,5764.5,536
1774278880000,1774278880000,17.34,17.36,17.29,17.36,1774278880000,17.36,17.36,9100,3741.0,1774278530000,17.3,17.31,15209,9945.0,17.3,17.36,17.27,17.36,1774278880000,17.36,17.36,9100,3741.0,1774278425000,17.28,17.28,9533,5764.5,537
1774278885000,1774278885000,17.34,17.36,17.29,17.36,1774278885000,17.36,17.36,1367,0.0,1774278530000,17.3,17.31,15209,9945.0,17.3,17.36,17.27,17.36,1774278885000,17.36,17.36,1367,0.0,1774278425000,17.28,17.28,9533,5764.5,538
1774278890000,1774278890000,17.34,17.36,17.29,17.36,1774278890000,17.35,17.36,1934,1250.5,1774278530000,17.3,17.31,15209,9945.0,17.3,17.36,17.27,17.36,1774278890000,17.35,17.36,1934,1250.5,1774278425000,17.28,17.28,9533,5764.5,539
1774278895000,1774278895000,17.34,17.36,17.29,17.36,1774278895000,17.35,17.36,810,0.0,1774278530000,17.3,17.31,15209,9945.0,17.3,17.36,17.27,17.36,1774278895000,17.35,17.36,810,0.0,1774278425000,17.28,17.28,9533,5764.5,540
1774278900000,1774278900000,17.34,17.36,17.29,17.36,1774278900000,17.35,17.36,20027,19622.0,1774278530000,17.3,17.31,15209,9945.0,17.3,17.36,17.27,17.36,1774278900000,17.35,17.36,20027,19622.0,1774278425000,17.28,17.28,9533,5764.5,541
1774278905000,1774278905000,17.34,17.36,17.29,17.35,1774278900000,17.35,17.36,20027,19244.5,1774278530000,17.3,17.31,15209,9945.0,17.3,17.36,17.27,17.35,1774278900000,17.35,17.36,20027,19244.5,1774278425000,17.28,17.28,9533,5764.5,542
1774278910000,1774278910000,17.34,17.36,17.29,17.35,1774278900000,17.35,17.36,20027,19244.5,1774278530000,17.3,17.31,15209,9945.0,17.3,17.36,17.27,17.35,1774278900000,17.35,17.36,20027,19244.5,1774278425000,17.28,17.28,9533,5764.5,543
1774278915000,1774278915000,17.34,17.36,17.29,17.35,1774278900000,17.35,17.36,20027,19244.5,1774278530000,17.3,17.31,15209,9945.0,17.3,17.36,17.27,17.35,1774278900000,17.35,17.36,20027,19244.5,1774278425000,17.28,17.28,9533,5764.5,544
1774278920000,1774278920000,17.34,17.36,17.29,17.34,1774278900000,17.35,17.36,20027,19244.5,1774278530000,17.3,17.31,15209,9945.0,17.3,17.36,17.27,17.34,1774278900000,17.35,17.36,20027,19244.5,1774278425000,17.28,17.28,9533,5764.5,545
1774278925000,1774278925000,17.3,17.36,17.29,17.33,1774278900000,17.35,17.36,20027,19244.5,1774278530000,17.3,17.31,15209,9945.0,17.3,17.36,17.27,17.33,1774278900000,17.35,17.36,20027,19244.5,1774278425000,17.28,17.28,9533,5764.5,546
1774278930000,1774278930000,17.3,17.36,17.29,17.33,1774278900000,17.35,17.36,20027,19244.5,1774278530000,17.3,17.31,15209,9945.0,17.3,17.36,17.27,17.33,1774278900000,17.35,17.36,20027,19244.5,1774278425000,17.28,17.28,9533,5764.5,547
1774278935000,1774278935000,17.3,17.36,17.29,17.34,1774278900000,17.35,17.36,20027,19244.5,1774278530000,17.3,17.31,15209,9945.0,17.3,17.36,17.27,17.34,1774278900000,17.35,17.36,20027,19244.5,1774278425000,17.28,17.28,9533,5764.5,548
1774278940000,1774278940000,17.3,17.36,17.29,17.35,1774278900000,17.35,17.36,20027,19244.5,1774278530000,17.3,17.31,15209,9945.0,17.3,17.36,17.27,17.35,1774278900000,17.35,17.36,20027,19244.5,1774278425000,17.28,17.28,9533,5764.5,549
1774278945000,1774278945000,17.3,17.36,17.29,17.34,1774278900000,17.35,17.36,20027,19244.5,1774278530000,17.3,17.31,15209,9945.0,17.3,17.36,17.27,17.34,1774278900000,17.35,17.36,20027,19244.5,1774278425000,17.28,17.28,9533,5764.5,550
1774278950000,1774278950000,17.3,17.36,17.29,17.35,1774278900000,17.35,17.36,20027,19244.5,1774278530000,17.3,17.31,15209,9945.0,17.3,17.36,17.27,17.35,1774278900000,17.35,17.36,20027,19244.5,1774278425000,17.28,17.28,9533,5764.5,551
1774278955000,1774278955000,17.3,17.36,17.29,17.35,1774278900000,17.35,17.36,20027,19244.5,1774278530000,17.3,17.31,15209,9945.0,17.3,17.36,17.27,17.35,1774278900000,17.35,17.36,20027,19244.5,1774278425000,17.28,17.28,9533,5764.5,552
1774278960000,1774278960000,17.3,17.36,17.29,17.35,1774278900000,17.35,17.36,20027,19244.5,1774278530000,17.3,17.31,15209,9945.0,17.3,17.36,17.27,17.35,1774278900000,17.35,17.36,20027,19244.5,1774278425000,17.28,17.28,9533,5764.5,553
1774278965000,1774278965000,17.3,17.36,17.29,17.35,1774278900000,17.35,17.36,20027,19244.5,1774278530000,17.3,17.31,15209,9945.0,17.29,17.36,17.27,17.35,1774278900000,17.35,17.36,20027,19244.5,1774278425000,17.28,17.28,9533,5764.5,554
1774278970000,1774278970000,17.3,17.36,17.29,17.35,1774278900000,17.35,17.36,20027,19244.5,1774278530000,17.3,17.31,15209,9945.0,17.29,17.36,17.27,17.35,1774278900000,17.35,17.36,20027,19244.5,1774278425000,17.28,17.28,9533,5764.5,555
1774278975000,1774278975000,17.3,17.36,17.29,17.35,1774278900000,17.35,17.36,20027,19244.5,1774278530000,17.3,17.31,15209,9945.0,17.29,17.36,17.27,17.35,1774278900000,17.35,17.36,20027,19244.5,1774278425000,17.28,17.28,9533,5764.5,556
1774278980000,1774278980000,17.3,17.36,17.29,17.34,1774278900000,17.35,17.36,20027,19244.5,1774278530000,17.3,17.31,15209,9945.0,17.29,17.36,17.27,17.34,1774278900000,17.35,17.36,20027,19244.5,1774278425000,17.28,17.28,9533,5764.5,557
1774278985000,1774278985000,17.3,17.36,17.29,17.34,1774278900000,17.35,17.36,20027,19244.5,1774278530000,17.3,17.31,15209,9945.0,17.29,17.36,17.27,17.34,1774278900000,17.35,17.36,20027,19244.5,1774278425000,17.28,17.28,9533,5764.5,558
1774278990000,1774278990000,17.3,17.36,17.3,17.33,1774278900000,17.35,17.36,20027,19244.5,1774278540000,17.3,17.31,7537,0.0,17.3,17.36,17.27,17.33,1774278900000,17.35,17.36,20027,19244.5,1774278425000,17.28,17.28,9533,5764.5,559
1774278995000,1774278995000,17.3,17.36,17.3,17.32,1774278900000,17.35,17.36,20027,19244.5,1774278540000,17.3,17.31,7537,0.0,17.3,17.36,17.27,17.32,1774278900000,17.35,17.36,20027,19244.5,1774278425000,17.28,17.28,9533,5764.5,560
1774279000000,1774279000000,17.32,17.36,17.31,17.32,1774278900000,17.35,17.36,20027,19244.5,1774279000000,17.32,17.32,8896,7816.0,17.3,17.36,17.27,17.32,1774278900000,17.35,17.36,20027,19244.5,1774278425000,17.28,17.28,9533,5764.5,561
1774279005000,1774279005000,17.32,17.36,17.3,17.32,1774278900000,17.35,17.36,20027,19244.5,1774279005000,17.32,17.32,17906,13458.0,17.3,17.36,17.27,17.32,1774278900000,17.35,17.36,20027,19244.5,1774278425000,17.28,17.28,9533,5764.5,562
1774279010000,1774279010000,17.33,17.36,17.3,17.31,1774278900000,17.35,17.36,20027,19244.5,1774279005000,17.32,17.32,17906,11706.5,17.3,17.36,17.27,17.31,1774278900000,17.35,17.36,20027,19244.5,1774278425000,17.28,17.28,9533,5764.5,563
1774279015000,1774279015000,17.33,17.36,17.3,17.32,1774278900000,17.35,17.36,20027,19244.5,1774279005000,17.32,17.32,17906,11706.5,17.3,17.36,17.27,17.32,1774278900000,17.35,17.36,20027,19244.5,1774278425000,17.28,17.28,9533,5764.5,564
1774279020000,1774279020000,17.33,17.36,17.3,17.32,1774278900000,17.35,17.36,20027,19244.5,1774279005000,17.32,17.32,17906,11706.5,17.3,17.36,17.27,17.32,1774278900000,17.35,17.36,20027,19244.5,1774278425000,17.28,17.28,9533,5764.5,565
1774279025000,1774279025000,17.33,17.36,17.29,17.3,1774278900000,17.35,17.36,20027,19244.5,1774279025000,17.31,17.3,16292,15787.0,17.3,17.36,17.27,17.3,1774278900000,17.35,17.36,20027,19244.5,1774278425000,17.28,17.28,9533,5764.5,566
1774279030000,1774279030000,17.33,17.36,17.29,17.3,1774278900000,17.35,17.36,20027,19244.5,1774279030000,17.3,17.3,4210,0.0,17.3,17.36,17.27,17.3,1774278900000,17.35,17.36,20027,19244.5,1774278425000,17.28,17.28,9533,5764.5,567
1774279035000,1774279035000,17.33,17.36,17.29,17.3,1774278900000,17.35,17.36,20027,19244.5,1774279035000,17.29,17.3,21336,19231.0,17.3,17.36,17.27,17.3,1774278900000,17.35,17.36,20027,19244.5,1774278425000,17.28,17.28,9533,5764.5,568
1774279040000,1774279040000,17.32,17.36,17.29,17.3,1774278900000,17.35,17.36,20027,19244.5,1774279035000,17.29,17.3,21336,18131.0,17.3,17.36,17.27,17.3,1774278900000,17.35,17.36,20027,19244.5,1774278425000,17.28,17.28,9533,5764.5,569
1774279045000,1774279045000,17.32,17.36,17.29,17.3,1774278900000,17.35,17.36,20027,19244.5,1774279035000,17.29,17.3,21336,18131.0,17.3,17.36,17.27,17.3,1774278900000,17.35,17.36,20027,19244.5,1774278425000,17.28,17.28,9533,5764.5,570
1774279050000,1774279050000,17.33,17.36,17.29,17.29,1774278900000,17.35,17.36,20027,19244.5,1774279050000,17.3,17.29,16173,15108.0,17.3,17.36,17.27,17.29,1774278900000,17.35,17.36,20027,19244.5,1774278425000,17.28,17.28,9533,5764.5,571
1774279055000,1774279055000,17.33,17.36,17.28,17.29,1774278900000,17.35,17.36,20027,19244.5,1774279055000,17.29,17.29,1758,0.0,17.3,17.36,17.27,17.29,1774278900000,17.35,17.36,20027,19244.5,1774278425000,17.28,17.28,9533,5764.5,572
1774279060000,1774279060000,17.33,17.36,17.28,17.29,1774278900000,17.35,17.36,20027,19244.5,1774279060000,17.28,17.29,4032,3153.0,17.3,17.36,17.27,17.29,1774278900000,17.35,17.36,20027,19244.5,1774278425000,17.28,17.28,9533,5764.5,573
1774279065000,1774279065000,17.33,17.36,17.28,17.3,1774278900000,17.35,17.36,20027,19244.5,1774279065000,17.29,17.3,7802,5786.0,17.3,17.36,17.27,17.3,1774278900000,17.35,17.36,20027,19244.5,1774278425000,17.28,17.28,9533,5764.5,574
1774279070000,1774279070000,17.34,17.36,17.28,17.29,1774278900000,17.35,17.36,20027,19244.5,1774279065000,17.29,17.3,7802,2659.0,17.3,17.36,17.27,17.29,1774278900000,17.35,17.36,20027,19244.5,1774278425000,17.28,17.28,9533,5764.5,575
1774279075000,1774279075000,17.34,17.36,17.28,17.3,1774278900000,17.35,17.36,20027,19244.5,1774279065000,17.29,17.3,7802,2659.0,17.3,17.36,17.27,17.3,1774278900000,17.35,17.36,20027,19244.5,1774278425000,17.28,17.28,9533,5764.5,576
1774279080000,1774279080000,17.34,17.36,17.28,17.28,1774278900000,17.35,17.36,20027,19244.5,1774279080000,17.29,17.28,5980,5635.5,17.3,17.36,17.27,17.28,1774278900000,17.35,17.36,20027,19244.5,1774278425000,17.28,17.28,9533,5764.5,577
1774279085000,1774279085000,17.35,17.36,17.28,17.28,1774278900000,17.35,17.36,20027,19244.5,1774279085000,17.28,17.28,22067,19077.0,17.3,17.36,17.27,17.28,1774278900000,17.35,17.36,20027,19244.5,1774278425000,17.28,17.28,9533,5764.5,578
1774279090000,1774279090000,17.35,17.36,17.27,17.28,1774278900000,17.35,17.36,20027,19244.5,1774279090000,17.29,17.28,1427,0.0,17.3,17.36,17.27,17.28,1774278900000,17.35,17.36,20027,19244.5,1774279090000,17.29,17.28,1427,0.0,579
1774279095000,1774279095000,17.35,17.36,17.27,17.27,1774278900000,17.35,17.36,20027,19244.5,1774279095000,17.28,17.27,6729,6015.5,17.3,17.36,17.27,17.27,1774278900000,17.35,17.36,20027,19244.5,1774279095000,17.28,17.27,6729,6015.5,580
1774279100000,1774279100000,17.35,17.36,17.24,17.25,1774278900000,17.35,17.36,20027,19244.5,1774279100000,17.27,17.25,25801,22436.5,17.31,17.36,17.24,17.25,1774278900000,17.35,17.36,20027,19244.5,1774279100000,17.27,17.25,25801,22436.5,581
1774279105000,1774279105000,17.35,17.36,17.23,17.23,1774278900000,17.35,17.36,20027,19244.5,1774279105000,17.25,17.23,18995,6094.5,17.3,17.36,17.23,17.23,1774278900000,17.35,17.36,20027,19244.5,1774279105000,17.25,17.23,18995,6094.5,582
1774279110000,1774279110000,17.35,17.36,17.23,17.24,1774278900000,17.35,17.36,20027,19244.5,1774279110000,17.23,17.24,10266,768.5,17.3,17.36,17.23,17.24,1774278900000,17.35,17.36,20027,19244.5,1774279110000,17.23,17.24,10266,768.5,583
1774279115000,1774279115000,17.35,17.36,17.23,17.25,1774278900000,17.35,17.36,20027,19244.5,1774279110000,17.23,17.24,10266,0.0,17.3,17.36,17.23,17.25,1774278900000,17.35,17.36,20027,19244.5,1774279110000,17.23,17.24,10266,0.0,584
1774279120000,1774279120000,17.35,17.36,17.23,17.24,1774278900000,17.35,17.36,20027,19244.5,1774279110000,17.23,17.24,10266,0.0,17.3,17.36,17.23,17.24,1774278900000,17.35,17.36,20027,19244.5,1774279110000,17.23,17.24,10266,0.0,585
1774279125000,1774279125000,17.35,17.36,17.23,17.23,1774278900000,17.35,17.36,20027,19244.5,1774279125000,17.23,17.23,10240,7452.0,17.29,17.36,17.23,17.23,1774278900000,17.35,17.36,20027,19244.5,1774279125000,17.23,17.23,10240,7452.0,586
1774279130000,1774279130000,17.36,17.36,17.23,17.23,1774278900000,17.35,17.36,20027,19244.5,1774279130000,17.23,17.23,2505,0.0,17.29,17.36,17.23,17.23,1774278900000,17.35,17.36,20027,19244.5,1774279130000,17.23,17.23,2505,0.0,587
1774279135000,1774279135000,17.35,17.36,17.23,17.25,1774278900000,17.35,17.36,20027,19244.5,1774279135000,17.23,17.25,4733,3480.5,17.29,17.36,17.23,17.25,1774278900000,17.35,17.36,20027,19244.5,1774279135000,17.23,17.25,4733,3480.5,588
1774279140000,1774279140000,17.34,17.36,17.23,17.26,1774278900000,17.35,17.36,20027,19244.5,1774279135000,17.23,17.25,4733,0.0,17.31,17.36,17.23,17.26,1774278900000,17.35,17.36,20027,19244.5,1774279135000,17.23,17.25,4733,0.0,589
1774279145000,1774279145000,17.34,17.36,17.23,17.25,1774278900000,17.35,17.36,20027,19244.5,1774279135000,17.23,17.25,4733,0.0,17.29,17.36,17.23,17.25,1774278900000,17.35,17.36,20027,19244.5,1774279135000,17.23,17.25,4733,0.0,590
1774279150000,1774279150000,17.32,17.36,17.23,17.25,1774278900000,17.35,17.36,20027,19244.5,1774279135000,17.23,17.25,4733,0.0,17.28,17.36,17.23,17.25,1774278900000,17.35,17.36,20027,19244.5,1774279135000,17.23,17.25,4733,0.0,591
1774279155000,1774279155000,17.34,17.36,17.23,17.25,1774278900000,17.35,17.36,20027,19244.5,1774279135000,17.23,17.25,4733,0.0,17.28,17.36,17.23,17.25,1774278900000,17.35,17.36,20027,19244.5,1774279135000,17.23,17.25,4733,0.0,592
1774279160000,1774279160000,17.34,17.36,17.23,17.25,1774278900000,17.35,17.36,20027,19244.5,1774279135000,17.23,17.25,4733,0.0,17.28,17.36,17.23,17.25,1774278900000,17.35,17.36,20027,19244.5,1774279135000,17.23,17.25,4733,0.0,593
1774279165000,1774279165000,17.34,17.36,17.23,17.25,1774278900000,17.35,17.36,20027,19244.5,1774279135000,17.23,17.25,4733,0.0,17.28,17.36,17.23,17.25,1774278900000,17.35,17.36,20027,19244.5,1774279135000,17.23,17.25,4733,0.0,594
1774279170000,1774279170000,17.35,17.36,17.23,17.23,1774278900000,17.35,17.36,20027,19244.5,1774279170000,17.25,17.23,3950,3080.0,17.28,17.36,17.23,17.23,1774278900000,17.35,17.36,20027,19244.5,1774279170000,17.25,17.23,3950,3080.0,595
1774279175000,1774279175000,17.35,17.36,17.23,17.24,1774278900000,17.35,17.36,20027,19244.5,1774279175000,17.24,17.24,5911,3936.0,17.28,17.36,17.23,17.24,1774278900000,17.35,17.36,20027,19244.5,1774279175000,17.24,17.24,5911,3936.0,596
1774279180000,1774279180000,17.35,17.36,17.23,17.24,1774278900000,17.35,17.36,20027,19244.5,1774279175000,17.24,17.24,5911,3376.0,17.28,17.36,17.23,17.24,1774278900000,17.35,17.36,20027,19244.5,1774279175000,17.24,17.24,5911,3376.0,597
1774279185000,1774279185000,17.35,17.36,17.23,17.24,1774278900000,17.35,17.36,20027,19244.5,1774279175000,17.24,17.24,5911,3376.0,17.29,17.36,17.23,17.24,1774278900000,17.35,17.36,20027,19244.5,1774279175000,17.24,17.24,5911,3376.0,598
1774279190000,1774279190000,17.33,17.36,17.23,17.23,1774278900000,17.35,17.36,20027,19244.5,1774279190000,17.24,17.23,9576,5627.0,17.29,17.36,17.23,17.23,1774278900000,17.35,17.36,20027,19244.5,1774279190000,17.24,17.23,9576,5627.0,599
1774279195000,1774279195000,17.34,17.36,17.23,17.24,1774278900000,17.35,17.36,20027,19244.5,1774279195000,17.23,17.24,8730,3942.0,17.28,17.36,17.23,17.24,1774278900000,17.35,17.36,20027,19244.5,1774279195000,17.23,17.24,8730,3942.0,600
1774279200000,1774279200000,17.33,17.36,17.22,17.23,1774278900000,17.35,17.36,20027,19244.5,1774279200000,17.23,17.23,3438,0.0,17.28,17.36,17.22,17.23,1774278900000,17.35,17.36,20027,19244.5,1774279200000,17.23,17.23,3438,0.0,601
1774279205000,1774279205000,17.34,17.36,17.22,17.23,1774278900000,17.35,17.36,20027,19244.5,1774279205000,17.23,17.23,12365,10646.0,17.29,17.36,17.22,17.23,1774278900000,17.35,17.36,20027,19244.5,1774279205000,17.23,17.23,12365,10646.0,602
1774279210000,1774279210000,17.35,17.36,17.22,17.23,1774278900000,17.35,17.36,20027,19244.5,1774279210000,17.23,17.23,20895,14712.5,17.3,17.36,17.22,17.23,1774278900000,17.35,17.36,20027,19244.5,1774279210000,17.23,17.23,20895,14712.5,603
1774279215000,1774279215000,17.35,17.36,17.22,17.23,1774278900000,17.35,17.36,20027,19244.5,1774279210000,17.23,17.23,20895,14411.0,17.3,17.36,17.22,17.23,1774278900000,17.35,17.36,20027,19244.5,1774279210000,17.23,17.23,20895,14411.0,604
1774279220000,1774279220000,17.34,17.36,17.22,17.26,1774278900000,17.35,17.36,20027,19244.5,1774279210000,17.23,17.23,20895,14411.0,17.3,17.36,17.22,17.26,1774278900000,17.35,17.36,20027,19244.5,1774279210000,17.23,17.23,20895,14411.0,605
1774279225000,1774279225000,17.35,17.36,17.22,17.26,1774278900000,17.35,17.36,20027,19244.5,1774279210000,17.23,17.23,20895,14411.0,17.31,17.36,17.22,17.26,1774278900000,17.35,17.36,20027,19244.5,1774279210000,17.23,17.23,20895,14411.0,606
1774279230000,1774279230000,17.35,17.36,17.22,17.28,1774278900000,17.35,17.36,20027,19244.5,1774279210000,17.23,17.23,20895,14411.0,17.31,17.36,17.22,17.28,1774278900000,17.35,17.36,20027,19244.5,1774279210000,17.23,17.23,20895,14411.0,607
1774279235000,1774279235000,17.34,17.36,17.22,17.27,1774278900000,17.35,17.36,20027,19244.5,1774279210000,17.23,17.23,20895,14411.0,17.3,17.36,17.22,17.27,1774278900000,17.35,17.36,20027,19244.5,1774279210000,17.23,17.23,20895,14411.0,608
1774279240000,1774279240000,17.35,17.36,17.22,17.26,1774278900000,17.35,17.36,20027,19244.5,1774279210000,17.23,17.23,20895,14411.0,17.3,17.36,17.22,17.26,1774278900000,17.35,17.36,20027,19244.5,1774279210000,17.23,17.23,20895,14411.0,609
1774279245000,1774279245000,17.35,17.36,17.22,17.26,1774278900000,17.35,17.36,20027,19244.5,1774279210000,17.23,17.23,20895,14411.0,17.3,17.36,17.22,17.26,1774278900000,17.35,17.36,20027,19244.5,1774279210000,17.23,17.23,20895,14411.0,610
1774279250000,1774279250000,17.35,17.36,17.22,17.26,1774278900000,17.35,17.36,20027,19244.5,1774279210000,17.23,17.23,20895,14411.0,17.3,17.36,17.22,17.26,1774278900000,17.35,17.36,20027,19244.5,1774279210000,17.23,17.23,20895,14411.0,611
1774279255000,1774279255000,17.35,17.36,17.22,17.26,1774278900000,17.35,17.36,20027,19244.5,1774279210000,17.23,17.23,20895,14411.0,17.3,17.36,17.22,17.26,1774278900000,17.35,17.36,20027,19244.5,1774279210000,17.23,17.23,20895,14411.0,612
1774279260000,1774279260000,17.36,17.36,17.22,17.25,1774278900000,17.35,17.36,20027,19244.5,1774279210000,17.23,17.23,20895,14411.0,17.3,17.36,17.22,17.25,1774278900000,17.35,17.36,20027,19244.5,1774279210000,17.23,17.23,20895,14411.0,613
1774279265000,1774279265000,17.36,17.36,17.22,17.26,1774278900000,17.35,17.36,20027,19244.5,1774279210000,17.23,17.23,20895,14411.0,17.3,17.36,17.22,17.26,1774278900000,17.35,17.36,20027,19244.5,1774279210000,17.23,17.23,20895,14411.0,614
1774279270000,1774279270000,17.35,17.36,17.22,17.28,1774278900000,17.35,17.36,20027,19244.5,1774279210000,17.23,17.23,20895,14411.0,17.34,17.36,17.22,17.28,1774278900000,17.35,17.36,20027,19244.5,1774279210000,17.23,17.23,20895,14411.0,615
1774279275000,1774279275000,17.35,17.35,17.22,17.32,1774278980000,17.35,17.34,10296,0.0,1774279210000,17.23,17.23,20895,14411.0,17.34,17.36,17.22,17.32,1774278900000,17.35,17.36,20027,19244.5,1774279210000,17.23,17.23,20895,14411.0,616
1774279280000,1774279280000,17.35,17.35,17.22,17.32,1774278980000,17.35,17.34,10296,0.0,1774279210000,17.23,17.23,20895,14411.0,17.34,17.36,17.22,17.32,1774278900000,17.35,17.36,20027,19244.5,1774279210000,17.23,17.23,20895,14411.0,617
1774279285000,1774279285000,17.35,17.35,17.22,17.32,1774278980000,17.35,17.34,10296,0.0,1774279210000,17.23,17.23,20895,14411.0,17.34,17.36,17.22,17.32,1774278900000,17.35,17.36,20027,19244.5,1774279210000,17.23,17.23,20895,14411.0,618
1774279290000,1774279290000,17.34,17.35,17.22,17.32,1774278980000,17.35,17.34,10296,0.0,1774279210000,17.23,17.23,20895,14411.0,17.3,17.36,17.22,17.32,1774278900000,17.35,17.36,20027,19244.5,1774279210000,17.23,17.23,20895,14411.0,619
1774279295000,1774279295000,17.34,17.35,17.22,17.32,1774278980000,17.35,17.34,10296,0.0,1774279210000,17.23,17.23,20895,14411.0,17.3,17.36,17.22,17.32,1774278900000,17.35,17.36,20027,19244.5,1774279210000,17.23,17.23,20895,14411.0,620
1774279300000,1774279300000,17.35,17.35,17.22,17.32,1774278980000,17.35,17.34,10296,0.0,1774279210000,17.23,17.23,20895,14411.0,17.3,17.36,17.22,17.32,1774278900000,17.35,17.36,20027,19244.5,1774279210000,17.23,17.23,20895,14411.0,621
1774279305000,1774279305000,17.34,17.35,17.22,17.32,1774278980000,17.35,17.34,10296,0.0,1774279210000,17.23,17.23,20895,14411.0,17.3,17.36,17.22,17.32,1774278900000,17.35,17.36,20027,19244.5,1774279210000,17.23,17.23,20895,14411.0,622
1774279310000,1774279310000,17.35,17.35,17.22,17.32,1774278980000,17.35,17.34,10296,0.0,1774279210000,17.23,17.23,20895,14411.0,17.3,17.36,17.22,17.32,1774278900000,17.35,17.36,20027,19244.5,1774279210000,17.23,17.23,20895,14411.0,623
1774279315000,1774279315000,17.35,17.35,17.22,17.34,1774278980000,17.35,17.34,10296,0.0,1774279210000,17.23,17.23,20895,14411.0,17.3,17.36,17.22,17.34,1774278900000,17.35,17.36,20027,19244.5,1774279210000,17.23,17.23,20895,14411.0,624
1774279320000,1774279320000,17.35,17.35,17.22,17.34,1774279320000,17.34,17.34,12656,8915.0,1774279210000,17.23,17.23,20895,14411.0,17.32,17.36,17.22,17.34,1774278900000,17.35,17.36,20027,19244.5,1774279210000,17.23,17.23,20895,14411.0,625
1774279325000,1774279325000,17.35,17.35,17.22,17.35,1774279325000,17.34,17.35,25362,19034.0,1774279210000,17.23,17.23,20895,14411.0,17.3,17.36,17.22,17.35,1774278900000,17.35,17.36,20027,19244.5,1774279210000,17.23,17.23,20895,14411.0,626
1774279330000,1774279330000,17.35,17.35,17.22,17.35,1774279330000,17.35,17.35,5029,0.0,1774279210000,17.23,17.23,20895,14411.0,17.3,17.36,17.22,17.35,1774278900000,17.35,17.36,20027,19244.5,1774279210000,17.23,17.23,20895,14411.0,627
1774279335000,1774279335000,17.35,17.35,17.22,17.34,1774279335000,17.35,17.34,6368,3853.5,1774279210000,17.23,17.23,20895,14411.0,17.3,17.36,17.22,17.34,1774278900000,17.35,17.36,20027,19244.5,1774279210000,17.23,17.23,20895,14411.0,628
1774279340000,1774279340000,17.35,17.35,17.22,17.35,1774279340000,17.35,17.35,2530,0.0,1774279210000,17.23,17.23,20895,14411.0,17.3,17.36,17.22,17.35,1774278900000,17.35,17.36,20027,19244.5,1774279210000,17.23,17.23,20895,14411.0,629
1774279345000,1774279345000,17.35,17.35,17.22,17.34,1774279345000,17.35,17.34,8665,7400.0,1774279210000,17.23,17.23,20895,14411.0,17.3,17.36,17.22,17.34,1774278900000,17.35,17.36,20027,19244.5,1774279210000,17.23,17.23,20895,14411.0,630
1774279350000,1774279350000,17.34,17.35,17.22,17.34,1774279345000,17.35,17.34,8665,2272.0,1774279210000,17.23,17.23,20895,14411.0,17.3,17.36,17.22,17.34,1774278900000,17.35,17.36,20027,19244.5,1774279210000,17.23,17.23,20895,14411.0,631
1774279355000,1774279355000,17.34,17.35,17.22,17.35,1774279355000,17.34,17.35,4591,0.0,1774279210000,17.23,17.23,20895,14411.0,17.3,17.36,17.22,17.35,1774278900000,17.35,17.36,20027,19244.5,1774279210000,17.23,17.23,20895,14411.0,632
1774279360000,1774279360000,17.32,17.37,17.22,17.35,1774279360000,17.35,17.35,42355,40059.5,1774279210000,17.23,17.23,20895,14411.0,17.32,17.37,17.22,17.35,1774279360000,17.35,17.35,42355,40059.5,1774279210000,17.23,17.23,20895,14411.0,633
1774279365000,1774279365000,17.32,17.37,17.22,17.36,1774279360000,17.35,17.35,42355,37245.0,1774279210000,17.23,17.23,20895,14411.0,17.33,17.37,17.22,17.36,1774279360000,17.35,17.35,42355,37245.0,1774279210000,17.23,17.23,20895,14411.0,634
1774279370000,1774279370000,17.31,17.37,17.22,17.36,1774279360000,17.35,17.35,42355,37245.0,1774279210000,17.23,17.23,20895,14411.0,17.32,17.37,17.22,17.36,1774279360000,17.35,17.35,42355,37245.0,1774279210000,17.23,17.23,20895,14411.0,635
1774279375000,1774279375000,17.31,17.37,17.22,17.36,1774279375000,17.37,17.36,2869,0.0,1774279210000,17.23,17.23,20895,14411.0,17.32,17.37,17.22,17.36,1774279375000,17.37,17.36,2869,0.0,1774279210000,17.23,17.23,20895,14411.0,636
1774279380000,1774279380000,17.29,17.38,17.22,17.37,1774279380000,17.37,17.37,28271,26836.5,1774279210000,17.23,17.23,20895,14411.0,17.32,17.38,17.22,17.37,1774279380000,17.37,17.37,28271,26836.5,1774279210000,17.23,17.23,20895,14411.0,637
1774279385000,1774279385000,17.3,17.38,17.22,17.36,1774279380000,17.37,17.37,28271,22554.5,1774279210000,17.23,17.23,20895,14411.0,17.32,17.38,17.22,17.36,1774279380000,17.37,17.37,28271,22554.5,1774279210000,17.23,17.23,20895,14411.0,638
1774279390000,1774279390000,17.3,17.38,17.22,17.36,1774279380000,17.37,17.37,28271,22554.5,1774279210000,17.23,17.23,20895,14411.0,17.31,17.38,17.22,17.36,1774279380000,17.37,17.37,28271,22554.5,1774279210000,17.23,17.23,20895,14411.0,639
1774279395000,1774279395000,17.28,17.38,17.22,17.36,1774279380000,17.37,17.37,28271,22554.5,1774279210000,17.23,17.23,20895,14411.0,17.33,17.38,17.22,17.36,1774279380000,17.37,17.37,28271,22554.5,1774279210000,17.23,17.23,20895,14411.0,640
1774279400000,1774279400000,17.29,17.38,17.22,17.37,1774279380000,17.37,17.37,28271,22554.5,1774279210000,17.23,17.23,20895,14411.0,17.33,17.38,17.22,17.37,1774279380000,17.37,17.37,28271,22554.5,1774279210000,17.23,17.23,20895,14411.0,641
1774279405000,1774279405000,17.29,17.38,17.22,17.36,1774279380000,17.37,17.37,28271,22554.5,1774279210000,17.23,17.23,20895,14411.0,17.33,17.38,17.22,17.36,1774279380000,17.37,17.37,28271,22554.5,1774279210000,17.23,17.23,20895,14411.0,642
1774279410000,1774279410000,17.29,17.38,17.22,17.37,1774279380000,17.37,17.37,28271,22554.5,1774279210000,17.23,17.23,20895,14411.0,17.33,17.38,17.22,17.37,1774279380000,17.37,17.37,28271,22554.5,1774279210000,17.23,17.23,20895,14411.0,643
1774279415000,1774279415000,17.29,17.38,17.22,17.37,1774279415000,17.37,17.37,6779,4685.5,1774279210000,17.23,17.23,20895,14411.0,17.34,17.38,17.22,17.37,1774279415000,17.37,17.37,6779,4685.5,1774279210000,17.23,17.23,20895,14411.0,644
1774279420000,1774279420000,17.28,17.38,17.22,17.38,1774279420000,17.37,17.38,7900,4510.5,1774279210000,17.23,17.23,20895,14411.0,17.33,17.38,17.22,17.38,1774279420000,17.37,17.38,7900,4510.5,1774279210000,17.23,17.23,20895,14411.0,645
1774279425000,1774279425000,17.28,17.39,17.22,17.39,1774279425000,17.38,17.39,23539,19589.0,1774279210000,17.23,17.23,20895,14411.0,17.35,17.39,17.22,17.39,1774279425000,17.38,17.39,23539,19589.0,1774279210000,17.23,17.23,20895,14411.0,646
1774279430000,1774279430000,17.25,17.41,17.22,17.41,1774279430000,17.39,17.41,110838,99068.5,1774279210000,17.23,17.23,20895,14411.0,17.34,17.41,17.22,17.41,1774279430000,17.39,17.41,110838,99068.5,1774279210000,17.23,17.23,20895,14411.0,647
1774279435000,1774279435000,17.25,17.41,17.22,17.39,1774279435000,17.41,17.39,22383,0.0,1774279210000,17.23,17.23,20895,14411.0,17.34,17.41,17.22,17.39,1774279435000,17.41,17.39,22383,0.0,1774279210000,17.23,17.23,20895,14411.0,648
1774279440000,1774279440000,17.25,17.41,17.22,17.39,1774279435000,17.41,17.39,22383,0.0,1774279210000,17.23,17.23,20895,14411.0,17.34,17.41,17.22,17.39,1774279435000,17.41,17.39,22383,0.0,1774279210000,17.23,17.23,20895,14411.0,649
1774279445000,1774279445000,17.25,17.41,17.22,17.39,1774279435000,17.41,17.39,22383,0.0,1774279210000,17.23,17.23,20895,14411.0,17.32,17.41,17.22,17.39,1774279435000,17.41,17.39,22383,0.0,1774279210000,17.23,17.23,20895,14411.0,650
1774279450000,1774279450000,17.25,17.41,17.22,17.39,1774279435000,17.41,17.39,22383,0.0,1774279210000,17.23,17.23,20895,14411.0,17.34,17.41,17.22,17.39,1774279435000,17.41,17.39,22383,0.0,1774279210000,17.23,17.23,20895,14411.0,651
1774279455000,1774279455000,17.25,17.41,17.22,17.39,1774279435000,17.41,17.39,22383,0.0,1774279210000,17.23,17.23,20895,14411.0,17.34,17.41,17.22,17.39,1774279435000,17.41,17.39,22383,0.0,1774279210000,17.23,17.23,20895,14411.0,652
1774279460000,1774279460000,17.25,17.41,17.22,17.38,1774279435000,17.41,17.39,22383,0.0,1774279210000,17.23,17.23,20895,14411.0,17.35,17.41,17.22,17.38,1774279435000,17.41,17.39,22383,0.0,1774279210000,17.23,17.23,20895,14411.0,653
1774279465000,1774279465000,17.24,17.41,17.22,17.38,1774279435000,17.41,17.39,22383,0.0,1774279210000,17.23,17.23,20895,14411.0,17.35,17.41,17.22,17.38,1774279435000,17.41,17.39,22383,0.0,1774279210000,17.23,17.23,20895,14411.0,654
1774279470000,1774279470000,17.24,17.41,17.22,17.39,1774279435000,17.41,17.39,22383,0.0,1774279210000,17.23,17.23,20895,14411.0,17.35,17.41,17.22,17.39,1774279435000,17.41,17.39,22383,0.0,1774279210000,17.23,17.23,20895,14411.0,655
1774279475000,1774279475000,17.24,17.41,17.22,17.39,1774279435000,17.41,17.39,22383,0.0,1774279210000,17.23,17.23,20895,14411.0,17.35,17.41,17.22,17.39,1774279435000,17.41,17.39,22383,0.0,1774279210000,17.23,17.23,20895,14411.0,656
1774279480000,1774279480000,17.24,17.41,17.22,17.39,1774279435000,17.41,17.39,22383,0.0,1774279210000,17.23,17.23,20895,14411.0,17.33,17.41,17.22,17.39,1774279435000,17.41,17.39,22383,0.0,1774279210000,17.23,17.23,20895,14411.0,657
1774279485000,1774279485000,17.23,17.41,17.22,17.4,1774279435000,17.41,17.39,22383,0.0,1774279210000,17.23,17.23,20895,14411.0,17.34,17.41,17.22,17.4,1774279435000,17.41,17.39,22383,0.0,1774279210000,17.23,17.23,20895,14411.0,658
1774279490000,1774279490000,17.23,17.41,17.22,17.39,1774279435000,17.41,17.39,22383,0.0,1774279210000,17.23,17.23,20895,14411.0,17.34,17.41,17.22,17.39,1774279435000,17.41,17.39,22383,0.0,1774279210000,17.23,17.23,20895,14411.0,659
1774279495000,1774279495000,17.23,17.41,17.22,17.39,1774279435000,17.41,17.39,22383,0.0,1774279210000,17.23,17.23,20895,14411.0,17.34,17.41,17.22,17.39,1774279435000,17.41,17.39,22383,0.0,1774279210000,17.23,17.23,20895,14411.0,660
1774279500000,1774279500000,17.23,17.41,17.22,17.38,1774279435000,17.41,17.39,22383,0.0,1774279210000,17.23,17.23,20895,14411.0,17.33,17.41,17.22,17.38,1774279435000,17.41,17.39,22383,0.0,1774279210000,17.23,17.23,20895,14411.0,661
1774279505000,1774279505000,17.23,17.41,17.22,17.38,1774279435000,17.41,17.39,22383,0.0,1774279210000,17.23,17.23,20895,14411.0,17.33,17.41,17.22,17.38,1774279435000,17.41,17.39,22383,0.0,1774279210000,17.23,17.23,20895,14411.0,662
1774279510000,1774279510000,17.23,17.41,17.22,17.37,1774279435000,17.41,17.39,22383,0.0,1774279210000,17.23,17.23,20895,14411.0,17.34,17.41,17.22,17.37,1774279435000,17.41,17.39,22383,0.0,1774279210000,17.23,17.23,20895,14411.0,663
1774279515000,1774279515000,17.23,17.41,17.22,17.38,1774279435000,17.41,17.39,22383,0.0,1774279210000,17.23,17.23,20895,14411.0,17.34,17.41,17.22,17.38,1774279435000,17.41,17.39,22383,0.0,1774279210000,17.23,17.23,20895,14411.0,664
1774279520000,1774279520000,17.23,17.41,17.22,17.38,1774279435000,17.41,17.39,22383,0.0,1774279210000,17.23,17.23,20895,14411.0,17.34,17.41,17.22,17.38,1774279435000,17.41,17.39,22383,0.0,1774279210000,17.23,17.23,20895,14411.0,665
1774279525000,1774279525000,17.23,17.41,17.22,17.38,1774279435000,17.41,17.39,22383,0.0,1774279210000,17.23,17.23,20895,14411.0,17.35,17.41,17.22,17.38,1774279435000,17.41,17.39,22383,0.0,1774279210000,17.23,17.23,20895,14411.0,666
1774279530000,1774279530000,17.24,17.41,17.23,17.39,1774279435000,17.41,17.39,22383,0.0,1774279220000,17.24,17.26,15615,8920.0,17.34,17.41,17.22,17.39,1774279435000,17.41,17.39,22383,0.0,1774279210000,17.23,17.23,20895,14411.0,667
1774279535000,1774279535000,17.26,17.41,17.24,17.38,1774279435000,17.41,17.39,22383,0.0,1774279260000,17.25,17.25,9243,8243.5,17.34,17.41,17.22,17.38,1774279435000,17.41,17.39,22383,0.0,1774279210000,17.23,17.23,20895,14411.0,668
1774279540000,1774279540000,17.26,17.41,17.24,17.39,1774279435000,17.41,17.39,22383,0.0,1774279260000,17.25,17.25,9243,8243.5,17.34,17.41,17.22,17.39,1774279435000,17.41,17.39,22383,0.0,1774279210000,17.23,17.23,20895,14411.0,669
1774279545000,1774279545000,17.26,17.41,17.24,17.39,1774279435000,17.41,17.39,22383,0.0,1774279260000,17.25,17.25,9243,8243.5,17.34,17.41,17.22,17.39,1774279435000,17.41,17.39,22383,0.0,1774279210000,17.23,17.23,20895,14411.0,670
1774279550000,1774279550000,17.26,17.41,17.24,17.39,1774279435000,17.41,17.39,22383,0.0,1774279260000,17.25,17.25,9243,8243.5,17.35,17.41,17.22,17.39,1774279435000,17.41,17.39,22383,0.0,1774279210000,17.23,17.23,20895,14411.0,671
1774279555000,1774279555000,17.26,17.41,17.24,17.37,1774279435000,17.41,17.39,22383,0.0,1774279260000,17.25,17.25,9243,8243.5,17.35,17.41,17.22,17.37,1774279435000,17.41,17.39,22383,0.0,1774279210000,17.23,17.23,20895,14411.0,672
1774279560000,1774279560000,17.27,17.41,17.24,17.38,1774279435000,17.41,17.39,22383,0.0,1774279260000,17.25,17.25,9243,8243.5,17.34,17.41,17.22,17.38,1774279435000,17.41,17.39,22383,0.0,1774279210000,17.23,17.23,20895,14411.0,673
1774279565000,1774279565000,17.26,17.41,17.24,17.38,1774279435000,17.41,17.39,22383,0.0,1774279260000,17.25,17.25,9243,8243.5,17.34,17.41,17.22,17.38,1774279435000,17.41,17.39,22383,0.0,1774279210000,17.23,17.23,20895,14411.0,674
1774279570000,1774279570000,17.26,17.41,17.24,17.37,1774279435000,17.41,17.39,22383,0.0,1774279260000,17.25,17.25,9243,8243.5,17.35,17.41,17.22,17.37,1774279435000,17.41,17.39,22383,0.0,1774279210000,17.23,17.23,20895,14411.0,675
1774279575000,1774279575000,17.26,17.41,17.24,17.37,1774279435000,17.41,17.39,22383,0.0,1774279260000,17.25,17.25,9243,8243.5,17.35,17.41,17.22,17.37,1774279435000,17.41,17.39,22383,0.0,1774279210000,17.23,17.23,20895,14411.0,676
1774279580000,1774279580000,17.26,17.41,17.24,17.37,1774279435000,17.41,17.39,22383,0.0,1774279260000,17.25,17.25,9243,8243.5,17.35,17.41,17.22,17.37,1774279435000,17.41,17.39,22383,0.0,1774279210000,17.23,17.23,20895,14411.0,677
1774279585000,1774279585000,17.26,17.41,17.24,17.36,1774279435000,17.41,17.39,22383,0.0,1774279260000,17.25,17.25,9243,8243.5,17.35,17.41,17.22,17.36,1774279435000,17.41,17.39,22383,0.0,1774279210000,17.23,17.23,20895,14411.0,678
1774279590000,1774279590000,17.26,17.41,17.24,17.36,1774279435000,17.41,17.39,22383,0.0,1774279260000,17.25,17.25,9243,8243.5,17.35,17.41,17.22,17.36,1774279435000,17.41,17.39,22383,0.0,1774279210000,17.23,17.23,20895,14411.0,679
1774279595000,1774279595000,17.26,17.41,17.24,17.35,1774279435000,17.41,17.39,22383,0.0,1774279260000,17.25,17.25,9243,8243.5,17.35,17.41,17.22,17.35,1774279435000,17.41,17.39,22383,0.0,1774279210000,17.23,17.23,20895,14411.0,680
1774279600000,1774279600000,17.25,17.41,17.24,17.34,1774279435000,17.41,17.39,22383,0.0,1774279260000,17.25,17.25,9243,8243.5,17.35,17.41,17.22,17.34,1774279435000,17.41,17.39,22383,0.0,1774279210000,17.23,17.23,20895,14411.0,681
1774279605000,1774279605000,17.25,17.41,17.24,17.34,1774279435000,17.41,17.39,22383,0.0,1774279260000,17.25,17.25,9243,8243.5,17.35,17.41,17.22,17.34,1774279435000,17.41,17.39,22383,0.0,1774279210000,17.23,17.23,20895,14411.0,682
1774279610000,1774279610000,17.25,17.41,17.24,17.34,1774279435000,17.41,17.39,22383,0.0,1774279260000,17.25,17.25,9243,8243.5,17.36,17.41,17.22,17.34,1774279435000,17.41,17.39,22383,0.0,1774279210000,17.23,17.23,20895,14411.0,683
1774279615000,1774279615000,17.26,17.41,17.25,17.34,1774279435000,17.41,17.39,22383,0.0,1774279270000,17.26,17.28,14678,0.0,17.35,17.41,17.22,17.34,1774279435000,17.41,17.39,22383,0.0,1774279210000,17.23,17.23,20895,14411.0,684
1774279620000,1774279620000,17.28,17.41,17.27,17.34,1774279435000,17.41,17.39,22383,0.0,1774279275000,17.28,17.32,60425,52236.0,17.35,17.41,17.22,17.34,1774279435000,17.41,17.39,22383,0.0,1774279210000,17.23,17.23,20895,14411.0,685
1774279625000,1774279625000,17.28,17.41,17.27,17.35,1774279435000,17.41,17.39,22383,0.0,1774279275000,17.28,17.32,60425,52236.0,17.35,17.41,17.22,17.35,1774279435000,17.41,17.39,22383,0.0,1774279210000,17.23,17.23,20895,14411.0,686
1774279630000,1774279630000,17.28,17.41,17.27,17.36,1774279435000,17.41,17.39,22383,0.0,1774279275000,17.28,17.32,60425,52236.0,17.35,17.41,17.22,17.36,1774279435000,17.41,17.39,22383,0.0,1774279210000,17.23,17.23,20895,14411.0,687
1774279635000,1774279635000,17.28,17.41,17.27,17.35,1774279435000,17.41,17.39,22383,0.0,1774279275000,17.28,17.32,60425,52236.0,17.35,17.41,17.22,17.35,1774279435000,17.41,17.39,22383,0.0,1774279210000,17.23,17.23,20895,14411.0,688
1774279640000,1774279640000,17.28,17.41,17.27,17.35,1774279435000,17.41,17.39,22383,0.0,1774279275000,17.28,17.32,60425,52236.0,17.35,17.41,17.22,17.35,1774279435000,17.41,17.39,22383,0.0,1774279210000,17.23,17.23,20895,14411.0,689
1774279645000,1774279645000,17.28,17.41,17.27,17.35,1774279435000,17.41,17.39,22383,0.0,1774279275000,17.28,17.32,60425,52236.0,17.35,17.41,17.22,17.35,1774279435000,17.41,17.39,22383,0.0,1774279210000,17.23,17.23,20895,14411.0,690
1774279650000,1774279650000,17.28,17.41,17.27,17.36,1774279435000,17.41,17.39,22383,0.0,1774279275000,17.28,17.32,60425,52236.0,17.35,17.41,17.22,17.36,1774279435000,17.41,17.39,22383,0.0,1774279210000,17.23,17.23,20895,14411.0,691
1774279655000,1774279655000,17.28,17.41,17.27,17.36,1774279435000,17.41,17.39,22383,0.0,1774279275000,17.28,17.32,60425,52236.0,17.35,17.41,17.22,17.36,1774279435000,17.41,17.39,22383,0.0,1774279210000,17.23,17.23,20895,14411.0,692
1774279660000,1774279660000,17.32,17.41,17.3,17.35,1774279435000,17.41,17.39,22383,0.0,1774279290000,17.32,17.32,50289,43256.0,17.35,17.41,17.22,17.35,1774279435000,17.41,17.39,22383,0.0,1774279210000,17.23,17.23,20895,14411.0,693
1774279665000,1774279665000,17.32,17.41,17.3,17.34,1774279435000,17.41,17.39,22383,0.0,1774279290000,17.32,17.32,50289,43256.0,17.35,17.41,17.22,17.34,1774279435000,17.41,17.39,22383,0.0,1774279210000,17.23,17.23,20895,14411.0,694
1774279670000,1774279670000,17.32,17.41,17.3,17.33,1774279435000,17.41,17.39,22383,0.0,1774279290000,17.32,17.32,50289,43256.0,17.35,17.41,17.22,17.33,1774279435000,17.41,17.39,22383,0.0,1774279210000,17.23,17.23,20895,14411.0,695
1774279675000,1774279675000,17.32,17.41,17.3,17.34,1774279435000,17.41,17.39,22383,0.0,1774279290000,17.32,17.32,50289,43256.0,17.35,17.41,17.22,17.34,1774279435000,17.41,17.39,22383,0.0,1774279210000,17.23,17.23,20895,14411.0,696
1774279680000,1774279680000,17.32,17.41,17.3,17.34,1774279435000,17.41,17.39,22383,0.0,1774279290000,17.32,17.32,50289,43256.0,17.35,17.41,17.22,17.34,1774279435000,17.41,17.39,22383,0.0,1774279210000,17.23,17.23,20895,14411.0,697
1774279685000,1774279685000,17.32,17.41,17.3,17.34,1774279435000,17.41,17.39,22383,0.0,1774279290000,17.32,17.32,50289,43256.0,17.34,17.41,17.22,17.34,1774279435000,17.41,17.39,22383,0.0,1774279210000,17.23,17.23,20895,14411.0,698
1774279690000,1774279690000,17.32,17.41,17.3,17.33,1774279435000,17.41,17.39,22383,0.0,1774279290000,17.32,17.32,50289,43256.0,17.34,17.41,17.22,17.33,1774279435000,17.41,17.39,22383,0.0,1774279210000,17.23,17.23,20895,14411.0,699
1774279695000,1774279695000,17.32,17.41,17.3,17.34,1774279435000,17.41,17.39,22383,0.0,1774279290000,17.32,17.32,50289,43256.0,17.34,17.41,17.22,17.34,1774279435000,17.41,17.39,22383,0.0,1774279210000,17.23,17.23,20895,14411.0,700
1774279700000,1774279700000,17.32,17.41,17.3,17.34,1774279435000,17.41,17.39,22383,0.0,1774279290000,17.32,17.32,50289,43256.0,17.34,17.41,17.22,17.34,1774279435000,17.41,17.39,22383,0.0,1774279210000,17.23,17.23,20895,14411.0,701
1774279705000,1774279705000,17.31,17.41,17.31,17.34,1774279435000,17.41,17.39,22383,0.0,1774279305000,17.32,17.32,2801,0.0,17.34,17.41,17.22,17.34,1774279435000,17.41,17.39,22383,0.0,1774279210000,17.23,17.23,20895,14411.0,702
1774279710000,1774279710000,17.32,17.41,17.31,17.34,1774279435000,17.41,17.39,22383,0.0,1774279305000,17.32,17.32,2801,0.0,17.35,17.41,17.22,17.34,1774279435000,17.41,17.39,22383,0.0,1774279210000,17.23,17.23,20895,14411.0,703
1774279715000,1774279715000,17.32,17.41,17.31,17.35,1774279435000,17.41,17.39,22383,0.0,1774279305000,17.32,17.32,2801,0.0,17.34,17.41,17.22,17.35,1774279435000,17.41,17.39,22383,0.0,1774279210000,17.23,17.23,20895,14411.0,704
1774279720000,1774279720000,17.32,17.41,17.31,17.35,1774279435000,17.41,17.39,22383,0.0,1774279305000,17.32,17.32,2801,0.0,17.34,17.41,17.22,17.35,1774279435000,17.41,17.39,22383,0.0,1774279210000,17.23,17.23,20895,14411.0,705
1774279725000,1774279725000,17.32,17.41,17.32,17.35,1774279435000,17.41,17.39,22383,0.0,1774279315000,17.33,17.34,7482,0.0,17.35,17.41,17.22,17.35,1774279435000,17.41,17.39,22383,0.0,1774279210000,17.23,17.23,20895,14411.0,706
1774279730000,1774279730000,17.33,17.41,17.32,17.34,1774279435000,17.41,17.39,22383,0.0,1774279315000,17.33,17.34,7482,0.0,17.35,17.41,17.22,17.34,1774279435000,17.41,17.39,22383,0.0,1774279210000,17.23,17.23,20895,14411.0,707
1774279735000,1774279735000,17.33,17.41,17.32,17.33,1774279435000,17.41,17.39,22383,0.0,1774279315000,17.33,17.34,7482,0.0,17.35,17.41,17.22,17.33,1774279435000,17.41,17.39,22383,0.0,1774279210000,17.23,17.23,20895,14411.0,708
1774279740000,1774279740000,17.33,17.41,17.32,17.33,1774279435000,17.41,17.39,22383,0.0,1774279315000,17.33,17.34,7482,0.0,17.35,17.41,17.22,17.33,1774279435000,17.41,17.39,22383,0.0,1774279210000,17.23,17.23,20895,14411.0,709
1774279745000,1774279745000,17.34,17.41,17.33,17.34,1774279435000,17.41,17.39,22383,0.0,1774279745000,17.34,17.34,6957,6732.0,17.35,17.41,17.22,17.34,1774279435000,17.41,17.39,22383,0.0,1774279210000,17.23,17.23,20895,14411.0,710
1774279750000,1774279750000,17.34,17.41,17.33,17.35,1774279435000,17.41,17.39,22383,0.0,1774279745000,17.34,17.34,6957,1750.0,17.35,17.41,17.22,17.35,1774279435000,17.41,17.39,22383,0.0,1774279210000,17.23,17.23,20895,14411.0,711
1774279755000,1774279755000,17.34,17.41,17.33,17.36,1774279435000,17.41,17.39,22383,0.0,1774279745000,17.34,17.34,6957,1750.0,17.35,17.41,17.22,17.36,1774279435000,17.41,17.39,22383,0.0,1774279210000,17.23,17.23,20895,14411.0,712
1774279760000,1774279760000,17.34,17.41,17.33,17.35,1774279435000,17.41,17.39,22383,0.0,1774279745000,17.34,17.34,6957,1750.0,17.35,17.41,17.22,17.35,1774279435000,17.41,17.39,22383,0.0,1774279210000,17.23,17.23,20895,14411.0,713
1774279765000,1774279765000,17.35,17.41,17.33,17.34,1774279435000,17.41,17.39,22383,0.0,1774279765000,17.35,17.34,5738,3508.5,17.35,17.41,17.22,17.34,1774279435000,17.41,17.39,22383,0.0,1774279210000,17.23,17.23,20895,14411.0,714
1774279770000,1774279770000,17.35,17.41,17.33,17.34,1774279435000,17.41,17.39,22383,0.0,1774279770000,17.33,17.34,3900,1031.0,17.35,17.41,17.22,17.34,1774279435000,17.41,17.39,22383,0.0,1774279210000,17.23,17.23,20895,14411.0,715
1774279775000,1774279775000,17.35,17.41,17.32,17.32,1774279435000,17.41,17.39,22383,0.0,1774279775000,17.34,17.32,4564,2614.0,17.35,17.41,17.22,17.32,1774279435000,17.41,17.39,22383,0.0,1774279210000,17.23,17.23,20895,14411.0,716
1774279780000,1774279780000,17.35,17.41,17.32,17.32,1774279435000,17.41,17.39,22383,0.0,1774279780000,17.32,17.32,1030,0.0,17.35,17.41,17.22,17.32,1774279435000,17.41,17.39,22383,0.0,1774279210000,17.23,17.23,20895,14411.0,717
1774279785000,1774279785000,17.35,17.41,17.32,17.34,1774279435000,17.41,17.39,22383,0.0,1774279785000,17.32,17.34,7700,7185.0,17.35,17.41,17.22,17.34,1774279435000,17.41,17.39,22383,0.0,1774279210000,17.23,17.23,20895,14411.0,718
1774279790000,1774279790000,17.35,17.41,17.32,17.34,1774279435000,17.41,17.39,22383,0.0,1774279785000,17.32,17.34,7700,7110.0,17.35,17.41,17.22,17.34,1774279435000,17.41,17.39,22383,0.0,1774279210000,17.23,17.23,20895,14411.0,719
1774279795000,1774279795000,17.35,17.41,17.32,17.34,1774279435000,17.41,17.39,22383,0.0,1774279785000,17.32,17.34,7700,7110.0,17.35,17.41,17.22,17.34,1774279435000,17.41,17.39,22383,0.0,1774279210000,17.23,17.23,20895,14411.0,720
1774279800000,1774279800000,17.34,17.41,17.32,17.35,1774279435000,17.41,17.39,22383,0.0,1774279785000,17.32,17.34,7700,7110.0,17.35,17.41,17.22,17.35,1774279435000,17.41,17.39,22383,0.0,1774279210000,17.23,17.23,20895,14411.0,721
1774279805000,1774279805000,17.34,17.41,17.32,17.35,1774279435000,17.41,17.39,22383,0.0,1774279785000,17.32,17.34,7700,7110.0,17.34,17.41,17.22,17.35,1774279435000,17.41,17.39,22383,0.0,1774279210000,17.23,17.23,20895,14411.0,722
1774279810000,1774279810000,17.35,17.41,17.32,17.36,1774279435000,17.41,17.39,22383,0.0,1774279785000,17.32,17.34,7700,7110.0,17.34,17.41,17.22,17.36,1774279435000,17.41,17.39,22383,0.0,1774279210000,17.23,17.23,20895,14411.0,723
1774279815000,1774279815000,17.35,17.41,17.32,17.36,1774279435000,17.41,17.39,22383,0.0,1774279785000,17.32,17.34,7700,7110.0,17.34,17.41,17.22,17.36,1774279435000,17.41,17.39,22383,0.0,1774279210000,17.23,17.23,20895,14411.0,724
1774279820000,1774279820000,17.35,17.41,17.32,17.36,1774279435000,17.41,17.39,22383,0.0,1774279785000,17.32,17.34,7700,7110.0,17.32,17.41,17.22,17.36,1774279435000,17.41,17.39,22383,0.0,1774279210000,17.23,17.23,20895,14411.0,725
1774279825000,1774279825000,17.35,17.41,17.32,17.36,1774279435000,17.41,17.39,22383,0.0,1774279785000,17.32,17.34,7700,7110.0,17.32,17.41,17.22,17.36,1774279435000,17.41,17.39,22383,0.0,1774279210000,17.23,17.23,20895,14411.0,726
1774279830000,1774279830000,17.36,17.41,17.32,17.36,1774279435000,17.41,17.39,22383,0.0,1774279785000,17.32,17.34,7700,7110.0,17.31,17.41,17.22,17.36,1774279435000,17.41,17.39,22383,0.0,1774279210000,17.23,17.23,20895,14411.0,727
1774279835000,1774279835000,17.37,17.41,17.32,17.36,1774279435000,17.41,17.39,22383,0.0,1774279785000,17.32,17.34,7700,7110.0,17.31,17.41,17.22,17.36,1774279435000,17.41,17.39,22383,0.0,1774279210000,17.23,17.23,20895,14411.0,728
1774279840000,1774279840000,17.37,17.41,17.32,17.35,1774279435000,17.41,17.39,22383,0.0,1774279785000,17.32,17.34,7700,7110.0,17.3,17.41,17.22,17.35,1774279435000,17.41,17.39,22383,0.0,1774279210000,17.23,17.23,20895,14411.0,729
1774279845000,1774279845000,17.37,17.41,17.32,17.36,1774279435000,17.41,17.39,22383,0.0,1774279785000,17.32,17.34,7700,7110.0,17.3,17.41,17.22,17.36,1774279435000,17.41,17.39,22383,0.0,1774279210000,17.23,17.23,20895,14411.0,730
1774279850000,1774279850000,17.36,17.41,17.32,17.35,1774279435000,17.41,17.39,22383,0.0,1774279785000,17.32,17.34,7700,7110.0,17.28,17.41,17.22,17.35,1774279435000,17.41,17.39,22383,0.0,1774279210000,17.23,17.23,20895,14411.0,731
1774279855000,1774279855000,17.36,17.41,17.32,17.35,1774279435000,17.41,17.39,22383,0.0,1774279785000,17.32,17.34,7700,7110.0,17.29,17.41,17.22,17.35,1774279435000,17.41,17.39,22383,0.0,1774279210000,17.23,17.23,20895,14411.0,732
1774279860000,1774279860000,17.36,17.41,17.32,17.34,1774279435000,17.41,17.39,22383,0.0,1774279785000,17.32,17.34,7700,7110.0,17.29,17.41,17.22,17.34,1774279435000,17.41,17.39,22383,0.0,1774279210000,17.23,17.23,20895,14411.0,733
1774279865000,1774279865000,17.37,17.41,17.32,17.34,1774279435000,17.41,17.39,22383,0.0,1774279785000,17.32,17.34,7700,7110.0,17.29,17.41,17.22,17.34,1774279435000,17.41,17.39,22383,0.0,1774279210000,17.23,17.23,20895,14411.0,734
1774279870000,1774279870000,17.37,17.41,17.32,17.35,1774279435000,17.41,17.39,22383,0.0,1774279785000,17.32,17.34,7700,7110.0,17.29,17.41,17.22,17.35,1774279435000,17.41,17.39,22383,0.0,1774279210000,17.23,17.23,20895,14411.0,735
1774279875000,1774279875000,17.37,17.41,17.32,17.35,1774279435000,17.41,17.39,22383,0.0,1774279785000,17.32,17.34,7700,7110.0,17.29,17.41,17.22,17.35,1774279435000,17.41,17.39,22383,0.0,1774279210000,17.23,17.23,20895,14411.0,736
1774279880000,1774279880000,17.37,17.41,17.32,17.35,1774279435000,17.41,17.39,22383,0.0,1774279785000,17.32,17.34,7700,7110.0,17.29,17.41,17.22,17.35,1774279435000,17.41,17.39,22383,0.0,1774279210000,17.23,17.23,20895,14411.0,737
1774279885000,1774279885000,17.37,17.41,17.32,17.34,1774279435000,17.41,17.39,22383,0.0,1774279785000,17.32,17.34,7700,7110.0,17.28,17.41,17.22,17.34,1774279435000,17.41,17.39,22383,0.0,1774279210000,17.23,17.23,20895,14411.0,738
1774279890000,1774279890000,17.38,17.41,17.32,17.34,1774279435000,17.41,17.39,22383,0.0,1774279785000,17.32,17.34,7700,7110.0,17.28,17.41,17.22,17.34,1774279435000,17.41,17.39,22383,0.0,1774279210000,17.23,17.23,20895,14411.0,739
1774279895000,1774279895000,17.38,17.41,17.32,17.33,1774279435000,17.41,17.39,22383,0.0,1774279785000,17.32,17.34,7700,7110.0,17.29,17.41,17.22,17.33,1774279435000,17.41,17.39,22383,0.0,1774279210000,17.23,17.23,20895,14411.0,740
1774279900000,1774279900000,17.39,17.41,17.32,17.34,1774279435000,17.41,17.39,22383,0.0,1774279785000,17.32,17.34,7700,7110.0,17.27,17.41,17.22,17.34,1774279435000,17.41,17.39,22383,0.0,1774279210000,17.23,17.23,20895,14411.0,741
1774279905000,1774279905000,17.39,17.41,17.32,17.34,1774279435000,17.41,17.39,22383,0.0,1774279785000,17.32,17.34,7700,7110.0,17.25,17.41,17.22,17.34,1774279435000,17.41,17.39,22383,0.0,1774279210000,17.23,17.23,20895,14411.0,742
1774279910000,1774279910000,17.39,17.41,17.32,17.34,1774279435000,17.41,17.39,22383,0.0,1774279785000,17.32,17.34,7700,7110.0,17.25,17.41,17.22,17.34,1774279435000,17.41,17.39,22383,0.0,1774279210000,17.23,17.23,20895,14411.0,743
1774279915000,1774279915000,17.39,17.41,17.32,17.34,1774279435000,17.41,17.39,22383,0.0,1774279785000,17.32,17.34,7700,7110.0,17.25,17.41,17.22,17.34,1774279435000,17.41,17.39,22383,0.0,1774279210000,17.23,17.23,20895,14411.0,744
1774279920000,1774279920000,17.39,17.41,17.32,17.35,1774279435000,17.41,17.39,22383,0.0,1774279785000,17.32,17.34,7700,7110.0,17.23,17.41,17.22,17.35,1774279435000,17.41,17.39,22383,0.0,1774279210000,17.23,17.23,20895,14411.0,745
1774279925000,1774279925000,17.39,17.41,17.32,17.35,1774279435000,17.41,17.39,22383,0.0,1774279785000,17.32,17.34,7700,7110.0,17.25,17.41,17.22,17.35,1774279435000,17.41,17.39,22383,0.0,1774279210000,17.23,17.23,20895,14411.0,746
1774279930000,1774279930000,17.39,17.41,17.32,17.34,1774279435000,17.41,17.39,22383,0.0,1774279785000,17.32,17.34,7700,7110.0,17.25,17.41,17.22,17.34,1774279435000,17.41,17.39,22383,0.0,1774279210000,17.23,17.23,20895,14411.0,747
1774279935000,1774279935000,17.39,17.41,17.32,17.34,1774279435000,17.41,17.39,22383,0.0,1774279785000,17.32,17.34,7700,7110.0,17.25,17.41,17.22,17.34,1774279435000,17.41,17.39,22383,0.0,1774279210000,17.23,17.23,20895,14411.0,748
1774279940000,1774279940000,17.39,17.41,17.32,17.35,1774279435000,17.41,17.39,22383,0.0,1774279785000,17.32,17.34,7700,7110.0,17.23,17.41,17.22,17.35,1774279435000,17.41,17.39,22383,0.0,1774279210000,17.23,17.23,20895,14411.0,749
1774279945000,1774279945000,17.39,17.41,17.32,17.35,1774279435000,17.41,17.39,22383,0.0,1774279785000,17.32,17.34,7700,7110.0,17.23,17.41,17.22,17.35,1774279435000,17.41,17.39,22383,0.0,1774279210000,17.23,17.23,20895,14411.0,750
1774279950000,1774279950000,17.39,17.41,17.32,17.34,1774279435000,17.41,17.39,22383,0.0,1774279785000,17.32,17.34,7700,7110.0,17.23,17.41,17.22,17.34,1774279435000,17.41,17.39,22383,0.0,1774279210000,17.23,17.23,20895,14411.0,751
1774279955000,1774279955000,17.39,17.41,17.32,17.35,1774279435000,17.41,17.39,22383,0.0,1774279785000,17.32,17.34,7700,7110.0,17.23,17.41,17.22,17.35,1774279435000,17.41,17.39,22383,0.0,1774279210000,17.23,17.23,20895,14411.0,752
1774279960000,1774279960000,17.39,17.41,17.32,17.34,1774279435000,17.41,17.39,22383,0.0,1774279785000,17.32,17.34,7700,7110.0,17.23,17.41,17.22,17.34,1774279435000,17.41,17.39,22383,0.0,1774279210000,17.23,17.23,20895,14411.0,753
1774279965000,1774279965000,17.39,17.41,17.32,17.35,1774279435000,17.41,17.39,22383,0.0,1774279785000,17.32,17.34,7700,7110.0,17.25,17.41,17.22,17.35,1774279435000,17.41,17.39,22383,0.0,1774279210000,17.23,17.23,20895,14411.0,754
1774279970000,1774279970000,17.39,17.41,17.32,17.36,1774279435000,17.41,17.39,22383,0.0,1774279785000,17.32,17.34,7700,7110.0,17.25,17.41,17.22,17.36,1774279435000,17.41,17.39,22383,0.0,1774279210000,17.23,17.23,20895,14411.0,755
1774279975000,1774279975000,17.41,17.41,17.32,17.36,1774279435000,17.41,17.39,22383,0.0,1774279785000,17.32,17.34,7700,7110.0,17.26,17.41,17.22,17.36,1774279435000,17.41,17.39,22383,0.0,1774279210000,17.23,17.23,20895,14411.0,756
1774279980000,1774279980000,17.41,17.41,17.32,17.36,1774279435000,17.41,17.39,22383,0.0,1774279785000,17.32,17.34,7700,7110.0,17.26,17.41,17.22,17.36,1774279435000,17.41,17.39,22383,0.0,1774279210000,17.23,17.23,20895,14411.0,757
1774279985000,1774279985000,17.41,17.41,17.32,17.36,1774279435000,17.41,17.39,22383,0.0,1774279785000,17.32,17.34,7700,7110.0,17.26,17.41,17.22,17.36,1774279435000,17.41,17.39,22383,0.0,1774279210000,17.23,17.23,20895,14411.0,758
1774279990000,1774279990000,17.39,17.4,17.32,17.35,1774279495000,17.39,17.39,2648,0.0,1774279785000,17.32,17.34,7700,7110.0,17.25,17.41,17.22,17.35,1774279435000,17.41,17.39,22383,0.0,1774279210000,17.23,17.23,20895,14411.0,759
1774279995000,1774279995000,17.39,17.4,17.32,17.35,1774279495000,17.39,17.39,2648,0.0,1774279785000,17.32,17.34,7700,7110.0,17.25,17.41,17.22,17.35,1774279435000,17.41,17.39,22383,0.0,1774279210000,17.23,17.23,20895,14411.0,760
1774280000000,1774280000000,17.39,17.4,17.32,17.35,1774279495000,17.39,17.39,2648,0.0,1774279785000,17.32,17.34,7700,7110.0,17.25,17.41,17.22,17.35,1774279435000,17.41,17.39,22383,0.0,1774279210000,17.23,17.23,20895,14411.0,761
1774280005000,1774280005000,17.39,17.4,17.32,17.35,1774279495000,17.39,17.39,2648,0.0,1774279785000,17.32,17.34,7700,7110.0,17.25,17.41,17.22,17.35,1774279435000,17.41,17.39,22383,0.0,1774279210000,17.23,17.23,20895,14411.0,762
1774280010000,1774280010000,17.39,17.4,17.32,17.34,1774279495000,17.39,17.39,2648,0.0,1774279785000,17.32,17.34,7700,7110.0,17.25,17.41,17.22,17.34,1774279435000,17.41,17.39,22383,0.0,1774279210000,17.23,17.23,20895,14411.0,763
1774280015000,1774280015000,17.38,17.39,17.32,17.34,1774279550000,17.39,17.39,5027,805.0,1774279785000,17.32,17.34,7700,7110.0,17.23,17.41,17.22,17.34,1774279435000,17.41,17.39,22383,0.0,1774279210000,17.23,17.23,20895,14411.0,764
1774280020000,1774280020000,17.37,17.39,17.32,17.34,1774279550000,17.39,17.39,5027,805.0,1774279785000,17.32,17.34,7700,7110.0,17.23,17.41,17.22,17.34,1774279435000,17.41,17.39,22383,0.0,1774279210000,17.23,17.23,20895,14411.0,765
1774280025000,1774280025000,17.38,17.39,17.32,17.35,1774279550000,17.39,17.39,5027,805.0,1774279785000,17.32,17.34,7700,7110.0,17.23,17.41,17.22,17.35,1774279435000,17.41,17.39,22383,0.0,1774279210000,17.23,17.23,20895,14411.0,766
1774280030000,1774280030000,17.38,17.39,17.32,17.35,1774279550000,17.39,17.39,5027,805.0,1774279785000,17.32,17.34,7700,7110.0,17.23,17.41,17.22,17.35,1774279435000,17.41,17.39,22383,0.0,1774279210000,17.23,17.23,20895,14411.0,767
1774280035000,1774280035000,17.38,17.39,17.32,17.35,1774279550000,17.39,17.39,5027,805.0,1774279785000,17.32,17.34,7700,7110.0,17.23,17.41,17.22,17.35,1774279435000,17.41,17.39,22383,0.0,1774279210000,17.23,17.23,20895,14411.0,768
1774280040000,1774280040000,17.38,17.39,17.32,17.36,1774279550000,17.39,17.39,5027,805.0,1774279785000,17.32,17.34,7700,7110.0,17.23,17.41,17.22,17.36,1774279435000,17.41,17.39,22383,0.0,1774279210000,17.23,17.23,20895,14411.0,769
1774280045000,1774280045000,17.38,17.39,17.32,17.35,1774279550000,17.39,17.39,5027,805.0,1774279785000,17.32,17.34,7700,7110.0,17.24,17.41,17.23,17.35,1774279435000,17.41,17.39,22383,0.0,1774279220000,17.24,17.26,15615,8920.0,770
1774280050000,1774280050000,17.38,17.39,17.32,17.34,1774279550000,17.39,17.39,5027,805.0,1774279785000,17.32,17.34,7700,7110.0,17.24,17.41,17.23,17.34,1774279435000,17.41,17.39,22383,0.0,1774279220000,17.24,17.26,15615,8920.0,771
1774280055000,1774280055000,17.39,17.39,17.32,17.35,1774279550000,17.39,17.39,5027,805.0,1774279785000,17.32,17.34,7700,7110.0,17.26,17.41,17.24,17.35,1774279435000,17.41,17.39,22383,0.0,1774279260000,17.25,17.25,9243,8243.5,772
1774280060000,1774280060000,17.39,17.39,17.32,17.34,1774279550000,17.39,17.39,5027,805.0,1774279785000,17.32,17.34,7700,7110.0,17.26,17.41,17.24,17.34,1774279435000,17.41,17.39,22383,0.0,1774279260000,17.25,17.25,9243,8243.5,773
1774280065000,1774280065000,17.37,17.38,17.32,17.34,1774279580000,17.38,17.37,6840,5922.0,1774279785000,17.32,17.34,7700,7110.0,17.26,17.41,17.24,17.34,1774279435000,17.41,17.39,22383,0.0,1774279260000,17.25,17.25,9243,8243.5,774
1774280070000,1774280070000,17.38,17.38,17.32,17.35,1774279580000,17.38,17.37,6840,5922.0,1774279785000,17.32,17.34,7700,7110.0,17.26,17.41,17.24,17.35,1774279435000,17.41,17.39,22383,0.0,1774279260000,17.25,17.25,9243,8243.5,775
1774280075000,1774280075000,17.38,17.38,17.32,17.35,1774279580000,17.38,17.37,6840,5922.0,1774279785000,17.32,17.34,7700,7110.0,17.26,17.41,17.24,17.35,1774279435000,17.41,17.39,22383,0.0,1774279260000,17.25,17.25,9243,8243.5,776
1774280080000,1774280080000,17.38,17.38,17.32,17.34,1774279580000,17.38,17.37,6840,5922.0,1774279785000,17.32,17.34,7700,7110.0,17.26,17.41,17.24,17.34,1774279435000,17.41,17.39,22383,0.0,1774279260000,17.25,17.25,9243,8243.5,777
1774280085000,1774280085000,17.36,17.37,17.32,17.34,1774279975000,17.36,17.36,16604,14343.5,1774279785000,17.32,17.34,7700,7110.0,17.26,17.41,17.24,17.34,1774279435000,17.41,17.39,22383,0.0,1774279260000,17.25,17.25,9243,8243.5,778
1774280090000,1774280090000,17.36,17.37,17.32,17.35,1774279975000,17.36,17.36,16604,14343.5,1774279785000,17.32,17.34,7700,7110.0,17.26,17.41,17.24,17.35,1774279435000,17.41,17.39,22383,0.0,1774279260000,17.25,17.25,9243,8243.5,779
1774280095000,1774280095000,17.35,17.37,17.32,17.35,1774279975000,17.36,17.36,16604,14343.5,1774279785000,17.32,17.34,7700,7110.0,17.26,17.41,17.24,17.35,1774279435000,17.41,17.39,22383,0.0,1774279260000,17.25,17.25,9243,8243.5,780
1774280100000,1774280100000,17.35,17.37,17.32,17.35,1774279975000,17.36,17.36,16604,14343.5,1774279785000,17.32,17.34,7700,7110.0,17.26,17.41,17.24,17.35,1774279435000,17.41,17.39,22383,0.0,1774279260000,17.25,17.25,9243,8243.5,781
1774280105000,1774280105000,17.34,17.37,17.32,17.35,1774279975000,17.36,17.36,16604,14343.5,1774279785000,17.32,17.34,7700,7110.0,17.25,17.41,17.25,17.35,1774279435000,17.41,17.39,22383,0.0,1774279270000,17.26,17.28,14678,0.0,782
1774280110000,1774280110000,17.34,17.37,17.32,17.35,1774279975000,17.36,17.36,16604,14343.5,1774279785000,17.32,17.34,7700,7110.0,17.25,17.41,17.25,17.35,1774279435000,17.41,17.39,22383,0.0,1774279270000,17.26,17.28,14678,0.0,783
1774280115000,1774280115000,17.34,17.37,17.32,17.34,1774279975000,17.36,17.36,16604,14343.5,1774279785000,17.32,17.34,7700,7110.0,17.26,17.41,17.25,17.34,1774279435000,17.41,17.39,22383,0.0,1774279270000,17.26,17.28,14678,0.0,784
1774280120000,1774280120000,17.34,17.37,17.32,17.33,1774279975000,17.36,17.36,16604,14343.5,1774280120000,17.33,17.33,3986,401.5,17.26,17.41,17.25,17.33,1774279435000,17.41,17.39,22383,0.0,1774279270000,17.26,17.28,14678,0.0,785
1774280125000,1774280125000,17.34,17.37,17.31,17.32,1774279975000,17.36,17.36,16604,14343.5,1774280125000,17.32,17.32,8718,6725.0,17.28,17.41,17.27,17.32,1774279435000,17.41,17.39,22383,0.0,1774279275000,17.28,17.32,60425,52236.0,786
1774280130000,1774280130000,17.34,17.37,17.31,17.32,1774279975000,17.36,17.36,16604,14343.5,1774280130000,17.32,17.32,7650,3291.0,17.28,17.41,17.27,17.32,1774279435000,17.41,17.39,22383,0.0,1774279275000,17.28,17.32,60425,52236.0,787
1774280135000,1774280135000,17.34,17.37,17.31,17.33,1774279975000,17.36,17.36,16604,14343.5,1774280135000,17.32,17.33,4900,1075.0,17.28,17.41,17.27,17.33,1774279435000,17.41,17.39,22383,0.0,1774279275000,17.28,17.32,60425,52236.0,788
1774280140000,1774280140000,17.34,17.37,17.31,17.33,1774279975000,17.36,17.36,16604,14343.5,1774280135000,17.32,17.33,4900,0.0,17.28,17.41,17.27,17.33,1774279435000,17.41,17.39,22383,0.0,1774279275000,17.28,17.32,60425,52236.0,789
1774280145000,1774280145000,17.34,17.37,17.31,17.32,1774279975000,17.36,17.36,16604,14343.5,1774280135000,17.32,17.33,4900,0.0,17.28,17.41,17.27,17.32,1774279435000,17.41,17.39,22383,0.0,1774279275000,17.28,17.32,60425,52236.0,790
1774280150000,1774280150000,17.35,17.37,17.31,17.33,1774279975000,17.36,17.36,16604,14343.5,1774280135000,17.32,17.33,4900,0.0,17.28,17.41,17.27,17.33,1774279435000,17.41,17.39,22383,0.0,1774279275000,17.28,17.32,60425,52236.0,791
1774280155000,1774280155000,17.35,17.37,17.31,17.32,1774279975000,17.36,17.36,16604,14343.5,1774280155000,17.32,17.32,21536,19061.0,17.28,17.41,17.27,17.32,1774279435000,17.41,17.39,22383,0.0,1774279275000,17.28,17.32,60425,52236.0,792
1774280160000,1774280160000,17.33,17.37,17.3,17.3,1774279975000,17.36,17.36,16604,14343.5,1774280160000,17.32,17.3,17694,6926.0,17.32,17.41,17.3,17.3,1774279435000,17.41,17.39,22383,0.0,1774280160000,17.32,17.3,17694,6926.0,793
1774280165000,1774280165000,17.33,17.37,17.3,17.3,1774279975000,17.36,17.36,16604,14343.5,1774280165000,17.3,17.3,637,0.0,17.32,17.41,17.3,17.3,1774279435000,17.41,17.39,22383,0.0,1774280165000,17.3,17.3,637,0.0,794
1774280170000,1774280170000,17.33,17.37,17.3,17.32,1774279975000,17.36,17.36,16604,14343.5,1774280165000,17.3,17.3,637,0.0,17.32,17.41,17.3,17.32,1774279435000,17.41,17.39,22383,0.0,1774280165000,17.3,17.3,637,0.0,795
1774280175000,1774280175000,17.33,17.37,17.3,17.31,1774279975000,17.36,17.36,16604,14343.5,1774280165000,17.3,17.3,637,0.0,17.32,17.41,17.3,17.31,1774279435000,17.41,17.39,22383,0.0,1774280165000,17.3,17.3,637,0.0,796
1774280180000,1774280180000,17.34,17.37,17.3,17.32,1774279975000,17.36,17.36,16604,14343.5,1774280165000,17.3,17.3,637,0.0,17.32,17.41,17.3,17.32,1774279435000,17.41,17.39,22383,0.0,1774280165000,17.3,17.3,637,0.0,797
1774280185000,1774280185000,17.34,17.37,17.3,17.32,1774279975000,17.36,17.36,16604,14343.5,1774280165000,17.3,17.3,637,0.0,17.32,17.41,17.3,17.32,1774279435000,17.41,17.39,22383,0.0,1774280165000,17.3,17.3,637,0.0,798
1774280190000,1774280190000,17.34,17.37,17.3,17.32,1774279975000,17.36,17.36,16604,14343.5,1774280165000,17.3,17.3,637,0.0,17.32,17.41,17.3,17.32,1774279435000,17.41,17.39,22383,0.0,1774280165000,17.3,17.3,637,0.0,799
1774280195000,1774280195000,17.33,17.37,17.3,17.32,1774279975000,17.36,17.36,16604,14343.5,1774280165000,17.3,17.3,637,0.0,17.31,17.41,17.3,17.32,1774279435000,17.41,17.39,22383,0.0,1774280165000,17.3,17.3,637,0.0,800
1774280200000,1774280200000,17.35,17.37,17.3,17.32,1774279975000,17.36,17.36,16604,14343.5,1774280165000,17.3,17.3,637,0.0,17.31,17.41,17.3,17.32,1774279435000,17.41,17.39,22383,0.0,1774280165000,17.3,17.3,637,0.0,801
1774280205000,1774280205000,17.35,17.37,17.3,17.3,1774279975000,17.36,17.36,16604,14343.5,1774280205000,17.32,17.3,17038,14978.0,17.32,17.41,17.3,17.3,1774279435000,17.41,17.39,22383,0.0,1774280205000,17.32,17.3,17038,14978.0,802
1774280210000,1774280210000,17.34,17.37,17.3,17.32,1774279975000,17.36,17.36,16604,14343.5,1774280210000,17.3,17.32,72500,63981.0,17.34,17.41,17.3,17.32,1774279435000,17.41,17.39,22383,0.0,1774280210000,17.3,17.32,72500,63981.0,803
1774280215000,1774280215000,17.35,17.37,17.3,17.32,1774279975000,17.36,17.36,16604,14343.5,1774280210000,17.3,17.32,72500,51040.5,17.35,17.41,17.3,17.32,1774279435000,17.41,17.39,22383,0.0,1774280210000,17.3,17.32,72500,51040.5,804
1774280220000,1774280220000,17.35,17.37,17.3,17.32,1774279975000,17.36,17.36,16604,14343.5,1774280210000,17.3,17.32,72500,51040.5,17.35,17.41,17.3,17.32,1774279435000,17.41,17.39,22383,0.0,1774280210000,17.3,17.32,72500,51040.5,805
1774280225000,1774280225000,17.36,17.37,17.3,17.34,1774279975000,17.36,17.36,16604,14343.5,1774280210000,17.3,17.32,72500,51040.5,17.35,17.41,17.3,17.34,1774279435000,17.41,17.39,22383,0.0,1774280210000,17.3,17.32,72500,51040.5,806
1774280230000,1774280230000,17.35,17.37,17.3,17.35,1774279975000,17.36,17.36,16604,14343.5,1774280210000,17.3,17.32,72500,51040.5,17.37,17.41,17.3,17.35,1774279435000,17.41,17.39,22383,0.0,1774280210000,17.3,17.32,72500,51040.5,807
1774280235000,1774280235000,17.35,17.37,17.3,17.34,1774279975000,17.36,17.36,16604,14343.5,1774280210000,17.3,17.32,72500,51040.5,17.37,17.41,17.3,17.34,1774279435000,17.41,17.39,22383,0.0,1774280210000,17.3,17.32,72500,51040.5,808
1774280240000,1774280240000,17.35,17.37,17.3,17.33,1774279975000,17.36,17.36,16604,14343.5,1774280210000,17.3,17.32,72500,51040.5,17.37,17.41,17.3,17.33,1774279435000,17.41,17.39,22383,0.0,1774280210000,17.3,17.32,72500,51040.5,809
1774280245000,1774280245000,17.35,17.37,17.3,17.34,1774279975000,17.36,17.36,16604,14343.5,1774280210000,17.3,17.32,72500,51040.5,17.37,17.41,17.3,17.34,1774279435000,17.41,17.39,22383,0.0,1774280210000,17.3,17.32,72500,51040.5,810
1774280250000,1774280250000,17.35,17.37,17.3,17.32,1774279975000,17.36,17.36,16604,14343.5,1774280210000,17.3,17.32,72500,51040.5,17.37,17.41,17.3,17.32,1774279435000,17.41,17.39,22383,0.0,1774280210000,17.3,17.32,72500,51040.5,811
1774280255000,1774280255000,17.35,17.37,17.3,17.32,1774279975000,17.36,17.36,16604,14343.5,1774280210000,17.3,17.32,72500,51040.5,17.37,17.41,17.3,17.32,1774279435000,17.41,17.39,22383,0.0,1774280210000,17.3,17.32,72500,51040.5,812
1774280260000,1774280260000,17.36,17.37,17.3,17.32,1774279975000,17.36,17.36,16604,14343.5,1774280210000,17.3,17.32,72500,51040.5,17.37,17.41,17.3,17.32,1774279435000,17.41,17.39,22383,0.0,1774280210000,17.3,17.32,72500,51040.5,813
1774280265000,1774280265000,17.36,17.37,17.3,17.32,1774279975000,17.36,17.36,16604,14343.5,1774280210000,17.3,17.32,72500,51040.5,17.36,17.41,17.3,17.32,1774279435000,17.41,17.39,22383,0.0,1774280210000,17.3,17.32,72500,51040.5,814
1774280270000,1774280270000,17.35,17.37,17.3,17.31,1774279975000,17.36,17.36,16604,14343.5,1774280210000,17.3,17.32,72500,51040.5,17.36,17.41,17.3,17.31,1774279435000,17.41,17.39,22383,0.0,1774280210000,17.3,17.32,72500,51040.5,815
1774280275000,1774280275000,17.34,17.37,17.3,17.31,1774279975000,17.36,17.36,16604,14343.5,1774280275000,17.32,17.31,23642,21629.0,17.37,17.41,17.3,17.31,1774279435000,17.41,17.39,22383,0.0,1774280275000,17.32,17.31,23642,21629.0,816
1774280280000,1774280280000,17.34,17.37,17.3,17.32,1774279975000,17.36,17.36,16604,14343.5,1774280280000,17.31,17.32,22859,11038.0,17.38,17.41,17.3,17.32,1774279435000,17.41,17.39,22383,0.0,1774280280000,17.31,17.32,22859,11038.0,817
1774280285000,1774280285000,17.34,17.37,17.3,17.3,1774279975000,17.36,17.36,16604,14343.5,1774280285000,17.31,17.3,10198,0.0,17.39,17.41,17.3,17.3,1774279435000,17.41,17.39,22383,0.0,1774280285000,17.31,17.3,10198,0.0,818
1774280290000,1774280290000,17.34,17.37,17.3,17.32,1774279975000,17.36,17.36,16604,14343.5,1774280290000,17.3,17.32,2980,0.0,17.39,17.41,17.3,17.32,1774279435000,17.41,17.39,22383,0.0,1774280290000,17.3,17.32,2980,0.0,819
1774280295000,1774280295000,17.34,17.37,17.3,17.32,1774279975000,17.36,17.36,16604,14343.5,1774280290000,17.3,17.32,2980,0.0,17.39,17.41,17.3,17.32,1774279435000,17.41,17.39,22383,0.0,1774280290000,17.3,17.32,2980,0.0,820
1774280300000,1774280300000,17.34,17.37,17.3,17.3,1774279975000,17.36,17.36,16604,14343.5,1774280300000,17.31,17.3,38175,33124.0,17.39,17.41,17.3,17.3,1774279435000,17.41,17.39,22383,0.0,1774280300000,17.31,17.3,38175,33124.0,821
1774280305000,1774280305000,17.34,17.37,17.3,17.3,1774279975000,17.36,17.36,16604,14343.5,1774280305000,17.31,17.3,3172,0.0,17.39,17.41,17.3,17.3,1774279435000,17.41,17.39,22383,0.0,1774280305000,17.31,17.3,3172,0.0,822
1774280310000,1774280310000,17.34,17.37,17.3,17.3,1774279975000,17.36,17.36,16604,14343.5,1774280310000,17.3,17.3,7619,6033.0,17.39,17.41,17.3,17.3,1774279435000,17.41,17.39,22383,0.0,1774280310000,17.3,17.3,7619,6033.0,823
1774280315000,1774280315000,17.35,17.36,17.29,17.3,1774280040000,17.35,17.36,4274,0.0,1774280315000,17.3,17.3,95828,92018.5,17.39,17.4,17.29,17.3,1774279495000,17.39,17.39,2648,0.0,1774280315000,17.3,17.3,95828,92018.5,824
1774280320000,1774280320000,17.35,17.36,17.27,17.28,1774280040000,17.35,17.36,4274,0.0,1774280320000,17.3,17.28,53663,5749.0,17.38,17.39,17.27,17.28,1774279550000,17.39,17.39,5027,805.0,1774280320000,17.3,17.28,53663,5749.0,825
1774280325000,1774280325000,17.35,17.35,17.26,17.27,1774280235000,17.35,17.34,4400,0.0,1774280325000,17.28,17.27,7511,0.0,17.38,17.39,17.26,17.27,1774279550000,17.39,17.39,5027,805.0,1774280325000,17.28,17.27,7511,0.0,826
1774280330000,1774280330000,17.35,17.35,17.24,17.24,1774280235000,17.35,17.34,4400,0.0,1774280330000,17.27,17.24,23686,19930.5,17.39,17.39,17.24,17.24,1774279550000,17.39,17.39,5027,805.0,1774280330000,17.27,17.24,23686,19930.5,827
1774280335000,1774280335000,17.35,17.35,17.23,17.23,1774280235000,17.35,17.34,4400,0.0,1774280335000,17.24,17.23,24657,12814.0,17.38,17.38,17.23,17.23,1774279580000,17.38,17.37,6840,5922.0,1774280335000,17.24,17.23,24657,12814.0,828
1774280340000,1774280340000,17.35,17.35,17.22,17.22,1774280235000,17.35,17.34,4400,0.0,1774280340000,17.23,17.22,15922,3593.5,17.36,17.37,17.22,17.22,1774279975000,17.36,17.36,16604,14343.5,1774280340000,17.23,17.22,15922,3593.5,829
1774280345000,1774280345000,17.35,17.35,17.21,17.22,1774280235000,17.35,17.34,4400,0.0,1774280345000,17.23,17.22,7363,0.0,17.35,17.37,17.21,17.22,1774279975000,17.36,17.36,16604,14343.5,1774280345000,17.23,17.22,7363,0.0,830
1774280350000,1774280350000,17.35,17.35,17.2,17.2,1774280235000,17.35,17.34,4400,0.0,1774280350000,17.21,17.2,5151,1469.5,17.35,17.37,17.2,17.2,1774279975000,17.36,17.36,16604,14343.5,1774280350000,17.21,17.2,5151,1469.5,831
1774280355000,1774280355000,17.35,17.35,17.2,17.21,1774280235000,17.35,17.34,4400,0.0,1774280355000,17.21,17.21,6981,4405.5,17.34,17.37,17.2,17.21,1774279975000,17.36,17.36,16604,14343.5,1774280355000,17.21,17.21,6981,4405.5,832
1774280360000,1774280360000,17.35,17.35,17.2,17.23,1774280235000,17.35,17.34,4400,0.0,1774280355000,17.21,17.21,6981,1955.5,17.34,17.37,17.2,17.23,1774279975000,17.36,17.36,16604,14343.5,1774280355000,17.21,17.21,6981,1955.5,833
1774280365000,1774280365000,17.32,17.35,17.2,17.24,1774280235000,17.35,17.34,4400,0.0,1774280355000,17.21,17.21,6981,1955.5,17.34,17.37,17.2,17.24,1774279975000,17.36,17.36,16604,14343.5,1774280355000,17.21,17.21,6981,1955.5,834
1774280370000,1774280370000,17.32,17.35,17.2,17.24,1774280235000,17.35,17.34,4400,0.0,1774280355000,17.21,17.21,6981,1955.5,17.34,17.37,17.2,17.24,1774279975000,17.36,17.36,16604,14343.5,1774280355000,17.21,17.21,6981,1955.5,835
1774280375000,1774280375000,17.32,17.35,17.2,17.26,1774280235000,17.35,17.34,4400,0.0,1774280355000,17.21,17.21,6981,1955.5,17.36,17.37,17.2,17.26,1774279975000,17.36,17.36,16604,14343.5,1774280355000,17.21,17.21,6981,1955.5,836
1774280380000,1774280380000,17.32,17.35,17.2,17.26,1774280235000,17.35,17.34,4400,0.0,1774280355000,17.21,17.21,6981,1955.5,17.36,17.37,17.2,17.26,1774279975000,17.36,17.36,16604,14343.5,1774280355000,17.21,17.21,6981,1955.5,837
1774280385000,1774280385000,17.32,17.35,17.2,17.26,1774280235000,17.35,17.34,4400,0.0,1774280355000,17.21,17.21,6981,1955.5,17.35,17.37,17.2,17.26,1774279975000,17.36,17.36,16604,14343.5,1774280355000,17.21,17.21,6981,1955.5,838
1774280390000,1774280390000,17.32,17.35,17.2,17.25,1774280235000,17.35,17.34,4400,0.0,1774280355000,17.21,17.21,6981,1955.5,17.35,17.37,17.2,17.25,1774279975000,17.36,17.36,16604,14343.5,1774280355000,17.21,17.21,6981,1955.5,839
1774280395000,1774280395000,17.32,17.35,17.2,17.25,1774280235000,17.35,17.34,4400,0.0,1774280355000,17.21,17.21,6981,1955.5,17.35,17.37,17.2,17.25,1774279975000,17.36,17.36,16604,14343.5,1774280355000,17.21,17.21,6981,1955.5,840
1774280400000,1774280400000,17.32,17.35,17.2,17.26,1774280235000,17.35,17.34,4400,0.0,1774280355000,17.21,17.21,6981,1955.5,17.33,17.37,17.2,17.26,1774279975000,17.36,17.36,16604,14343.5,1774280355000,17.21,17.21,6981,1955.5,841
1774280405000,1774280405000,17.32,17.35,17.2,17.27,1774280235000,17.35,17.34,4400,0.0,1774280355000,17.21,17.21,6981,1955.5,17.34,17.37,17.2,17.27,1774279975000,17.36,17.36,16604,14343.5,1774280355000,17.21,17.21,6981,1955.5,842
1774280410000,1774280410000,17.32,17.35,17.2,17.28,1774280235000,17.35,17.34,4400,0.0,1774280355000,17.21,17.21,6981,1955.5,17.34,17.37,17.2,17.28,1774279975000,17.36,17.36,16604,14343.5,1774280355000,17.21,17.21,6981,1955.5,843
1774280415000,1774280415000,17.32,17.35,17.2,17.27,1774280235000,17.35,17.34,4400,0.0,1774280355000,17.21,17.21,6981,1955.5,17.33,17.37,17.2,17.27,1774279975000,17.36,17.36,16604,14343.5,1774280355000,17.21,17.21,6981,1955.5,844
1774280420000,1774280420000,17.32,17.35,17.2,17.27,1774280235000,17.35,17.34,4400,0.0,1774280355000,17.21,17.21,6981,1955.5,17.35,17.37,17.2,17.27,1774279975000,17.36,17.36,16604,14343.5,1774280355000,17.21,17.21,6981,1955.5,845
1774280425000,1774280425000,17.32,17.35,17.2,17.28,1774280235000,17.35,17.34,4400,0.0,1774280355000,17.21,17.21,6981,1955.5,17.35,17.37,17.2,17.28,1774279975000,17.36,17.36,16604,14343.5,1774280355000,17.21,17.21,6981,1955.5,846
1774280430000,1774280430000,17.32,17.35,17.2,17.28,1774280235000,17.35,17.34,4400,0.0,1774280355000,17.21,17.21,6981,1955.5,17.35,17.37,17.2,17.28,1774279975000,17.36,17.36,16604,14343.5,1774280355000,17.21,17.21,6981,1955.5,847
1774280435000,1774280435000,17.32,17.35,17.2,17.28,1774280235000,17.35,17.34,4400,0.0,1774280355000,17.21,17.21,6981,1955.5,17.35,17.37,17.2,17.28,1774279975000,17.36,17.36,16604,14343.5,1774280355000,17.21,17.21,6981,1955.5,848
1774280440000,1774280440000,17.3,17.35,17.2,17.27,1774280235000,17.35,17.34,4400,0.0,1774280355000,17.21,17.21,6981,1955.5,17.35,17.37,17.2,17.27,1774279975000,17.36,17.36,16604,14343.5,1774280355000,17.21,17.21,6981,1955.5,849
1774280445000,1774280445000,17.3,17.35,17.2,17.27,1774280235000,17.35,17.34,4400,0.0,1774280355000,17.21,17.21,6981,1955.5,17.34,17.37,17.2,17.27,1774279975000,17.36,17.36,16604,14343.5,1774280355000,17.21,17.21,6981,1955.5,850
1774280450000,1774280450000,17.3,17.35,17.2,17.27,1774280235000,17.35,17.34,4400,0.0,1774280355000,17.21,17.21,6981,1955.5,17.34,17.37,17.2,17.27,1774279975000,17.36,17.36,16604,14343.5,1774280355000,17.21,17.21,6981,1955.5,851
1774280455000,1774280455000,17.3,17.35,17.2,17.26,1774280235000,17.35,17.34,4400,0.0,1774280355000,17.21,17.21,6981,1955.5,17.35,17.37,17.2,17.26,1774279975000,17.36,17.36,16604,14343.5,1774280355000,17.21,17.21,6981,1955.5,852
1774280460000,1774280460000,17.3,17.35,17.2,17.25,1774280235000,17.35,17.34,4400,0.0,1774280355000,17.21,17.21,6981,1955.5,17.35,17.37,17.2,17.25,1774279975000,17.36,17.36,16604,14343.5,1774280355000,17.21,17.21,6981,1955.5,853
1774280465000,1774280465000,17.3,17.35,17.2,17.25,1774280235000,17.35,17.34,4400,0.0,1774280355000,17.21,17.21,6981,1955.5,17.34,17.37,17.2,17.25,1774279975000,17.36,17.36,16604,14343.5,1774280355000,17.21,17.21,6981,1955.5,854
1774280470000,1774280470000,17.31,17.35,17.2,17.22,1774280235000,17.35,17.34,4400,0.0,1774280355000,17.21,17.21,6981,1955.5,17.34,17.37,17.2,17.22,1774279975000,17.36,17.36,16604,14343.5,1774280355000,17.21,17.21,6981,1955.5,855
1774280475000,1774280475000,17.31,17.35,17.2,17.23,1774280235000,17.35,17.34,4400,0.0,1774280355000,17.21,17.21,6981,1955.5,17.35,17.37,17.2,17.23,1774279975000,17.36,17.36,16604,14343.5,1774280355000,17.21,17.21,6981,1955.5,856
1774280480000,1774280480000,17.31,17.35,17.2,17.23,1774280235000,17.35,17.34,4400,0.0,1774280355000,17.21,17.21,6981,1955.5,17.35,17.37,17.2,17.23,1774279975000,17.36,17.36,16604,14343.5,1774280355000,17.21,17.21,6981,1955.5,857
1774280485000,1774280485000,17.31,17.35,17.2,17.24,1774280235000,17.35,17.34,4400,0.0,1774280355000,17.21,17.21,6981,1955.5,17.35,17.37,17.2,17.24,1774279975000,17.36,17.36,16604,14343.5,1774280355000,17.21,17.21,6981,1955.5,858
1774280490000,1774280490000,17.34,17.35,17.2,17.26,1774280235000,17.35,17.34,4400,0.0,1774280355000,17.21,17.21,6981,1955.5,17.36,17.37,17.2,17.26,1774279975000,17.36,17.36,16604,14343.5,1774280355000,17.21,17.21,6981,1955.5,859
1774280495000,1774280495000,17.34,17.35,17.2,17.26,1774280235000,17.35,17.34,4400,0.0,1774280355000,17.21,17.21,6981,1955.5,17.36,17.37,17.2,17.26,1774279975000,17.36,17.36,16604,14343.5,1774280355000,17.21,17.21,6981,1955.5,860
1774280500000,1774280500000,17.34,17.34,17.2,17.26,1774280250000,17.34,17.32,21148,17508.0,1774280355000,17.21,17.21,6981,1955.5,17.35,17.37,17.2,17.26,1774279975000,17.36,17.36,16604,14343.5,1774280355000,17.21,17.21,6981,1955.5,861
1774280505000,1774280505000,17.34,17.34,17.2,17.26,1774280250000,17.34,17.32,21148,17508.0,1774280355000,17.21,17.21,6981,1955.5,17.35,17.37,17.2,17.26,1774279975000,17.36,17.36,16604,14343.5,1774280355000,17.21,17.21,6981,1955.5,862
1774280510000,1774280510000,17.33,17.34,17.2,17.25,1774280250000,17.34,17.32,21148,17508.0,1774280355000,17.21,17.21,6981,1955.5,17.35,17.37,17.2,17.25,1774279975000,17.36,17.36,16604,14343.5,1774280355000,17.21,17.21,6981,1955.5,863
1774280515000,1774280515000,17.33,17.34,17.2,17.25,1774280250000,17.34,17.32,21148,17508.0,1774280355000,17.21,17.21,6981,1955.5,17.35,17.37,17.2,17.25,1774279975000,17.36,17.36,16604,14343.5,1774280355000,17.21,17.21,6981,1955.5,864
1774280520000,1774280520000,17.33,17.34,17.2,17.25,1774280250000,17.34,17.32,21148,17508.0,1774280355000,17.21,17.21,6981,1955.5,17.35,17.37,17.2,17.25,1774279975000,17.36,17.36,16604,14343.5,1774280355000,17.21,17.21,6981,1955.5,865
1774280525000,1774280525000,17.34,17.34,17.2,17.25,1774280250000,17.34,17.32,21148,17508.0,1774280355000,17.21,17.21,6981,1955.5,17.35,17.37,17.2,17.25,1774279975000,17.36,17.36,16604,14343.5,1774280355000,17.21,17.21,6981,1955.5,866
1774280530000,1774280530000,17.32,17.33,17.2,17.23,1774280260000,17.32,17.32,9543,7418.0,1774280355000,17.21,17.21,6981,1955.5,17.36,17.37,17.2,17.23,1774279975000,17.36,17.36,16604,14343.5,1774280355000,17.21,17.21,6981,1955.5,867
1774280535000,1774280535000,17.32,17.33,17.2,17.23,1774280260000,17.32,17.32,9543,7418.0,1774280355000,17.21,17.21,6981,1955.5,17.36,17.37,17.2,17.23,1774279975000,17.36,17.36,16604,14343.5,1774280355000,17.21,17.21,6981,1955.5,868
1774280540000,1774280540000,17.32,17.33,17.2,17.23,1774280260000,17.32,17.32,9543,7418.0,1774280355000,17.21,17.21,6981,1955.5,17.36,17.37,17.2,17.23,1774279975000,17.36,17.36,16604,14343.5,1774280355000,17.21,17.21,6981,1955.5,869
1774280545000,1774280545000,17.32,17.33,17.2,17.23,1774280260000,17.32,17.32,9543,7418.0,1774280355000,17.21,17.21,6981,1955.5,17.36,17.37,17.2,17.23,1774279975000,17.36,17.36,16604,14343.5,1774280355000,17.21,17.21,6981,1955.5,870
1774280550000,1774280550000,17.32,17.32,17.2,17.23,1774280295000,17.31,17.32,10102,0.0,1774280355000,17.21,17.21,6981,1955.5,17.35,17.37,17.2,17.23,1774279975000,17.36,17.36,16604,14343.5,1774280355000,17.21,17.21,6981,1955.5,871
1774280555000,1774280555000,17.32,17.32,17.2,17.23,1774280295000,17.31,17.32,10102,0.0,1774280355000,17.21,17.21,6981,1955.5,17.35,17.37,17.2,17.23,1774279975000,17.36,17.36,16604,14343.5,1774280355000,17.21,17.21,6981,1955.5,872
1774280560000,1774280560000,17.32,17.32,17.2,17.22,1774280295000,17.31,17.32,10102,0.0,1774280355000,17.21,17.21,6981,1955.5,17.35,17.37,17.2,17.22,1774279975000,17.36,17.36,16604,14343.5,1774280355000,17.21,17.21,6981,1955.5,873
1774280565000,1774280565000,17.32,17.32,17.2,17.22,1774280295000,17.31,17.32,10102,0.0,1774280355000,17.21,17.21,6981,1955.5,17.34,17.37,17.2,17.22,1774279975000,17.36,17.36,16604,14343.5,1774280355000,17.21,17.21,6981,1955.5,874
1774280570000,1774280570000,17.31,17.32,17.2,17.23,1774280295000,17.31,17.32,10102,0.0,1774280355000,17.21,17.21,6981,1955.5,17.34,17.37,17.2,17.23,1774279975000,17.36,17.36,16604,14343.5,1774280355000,17.21,17.21,6981,1955.5,875
1774280575000,1774280575000,17.31,17.32,17.2,17.23,1774280295000,17.31,17.32,10102,0.0,1774280355000,17.21,17.21,6981,1955.5,17.34,17.37,17.2,17.23,1774279975000,17.36,17.36,16604,14343.5,1774280355000,17.21,17.21,6981,1955.5,876
1774280580000,1774280580000,17.3,17.32,17.2,17.23,1774280295000,17.31,17.32,10102,0.0,1774280355000,17.21,17.21,6981,1955.5,17.34,17.37,17.2,17.23,1774279975000,17.36,17.36,16604,14343.5,1774280355000,17.21,17.21,6981,1955.5,877
1774280585000,1774280585000,17.3,17.32,17.2,17.23,1774280295000,17.31,17.32,10102,0.0,1774280355000,17.21,17.21,6981,1955.5,17.34,17.37,17.2,17.23,1774279975000,17.36,17.36,16604,14343.5,1774280355000,17.21,17.21,6981,1955.5,878
1774280590000,1774280590000,17.31,17.32,17.2,17.23,1774280295000,17.31,17.32,10102,0.0,1774280355000,17.21,17.21,6981,1955.5,17.34,17.37,17.2,17.23,1774279975000,17.36,17.36,16604,14343.5,1774280355000,17.21,17.21,6981,1955.5,879
1774280595000,1774280595000,17.31,17.31,17.2,17.22,1774280315000,17.3,17.3,95828,65187.0,1774280355000,17.21,17.21,6981,1955.5,17.34,17.37,17.2,17.22,1774279975000,17.36,17.36,16604,14343.5,1774280355000,17.21,17.21,6981,1955.5,880
1774280600000,1774280600000,17.31,17.31,17.2,17.21,1774280315000,17.3,17.3,95828,65187.0,1774280355000,17.21,17.21,6981,1955.5,17.34,17.37,17.2,17.21,1774279975000,17.36,17.36,16604,14343.5,1774280355000,17.21,17.21,6981,1955.5,881
1774280605000,1774280605000,17.31,17.31,17.2,17.22,1774280315000,17.3,17.3,95828,65187.0,1774280355000,17.21,17.21,6981,1955.5,17.34,17.37,17.2,17.22,1774279975000,17.36,17.36,16604,14343.5,1774280355000,17.21,17.21,6981,1955.5,882
1774280610000,1774280610000,17.31,17.31,17.2,17.21,1774280315000,17.3,17.3,95828,65187.0,1774280355000,17.21,17.21,6981,1955.5,17.34,17.37,17.2,17.21,1774279975000,17.36,17.36,16604,14343.5,1774280355000,17.21,17.21,6981,1955.5,883
1774280615000,1774280615000,17.31,17.31,17.19,17.21,1774280315000,17.3,17.3,95828,65187.0,1774280615000,17.21,17.21,15139,12664.0,17.35,17.37,17.19,17.21,1774279975000,17.36,17.36,16604,14343.5,1774280615000,17.21,17.21,15139,12664.0,884
1774280620000,1774280620000,17.31,17.31,17.19,17.2,1774280315000,17.3,17.3,95828,65187.0,1774280620000,17.2,17.2,3062,0.0,17.35,17.37,17.19,17.2,1774279975000,17.36,17.36,16604,14343.5,1774280620000,17.2,17.2,3062,0.0,885
1774280625000,1774280625000,17.31,17.31,17.18,17.19,1774280315000,17.3,17.3,95828,65187.0,1774280625000,17.19,17.19,2294,763.0,17.35,17.37,17.18,17.19,1774279975000,17.36,17.36,16604,14343.5,1774280625000,17.19,17.19,2294,763.0,886
1774280630000,1774280630000,17.31,17.31,17.18,17.19,1774280315000,17.3,17.3,95828,65187.0,1774280630000,17.19,17.19,7930,6783.0,17.34,17.37,17.18,17.19,1774279975000,17.36,17.36,16604,14343.5,1774280630000,17.19,17.19,7930,6783.0,887
1774280635000,1774280635000,17.3,17.31,17.18,17.19,1774280315000,17.3,17.3,95828,65187.0,1774280635000,17.2,17.19,16663,12698.0,17.34,17.37,17.18,17.19,1774279975000,17.36,17.36,16604,14343.5,1774280635000,17.2,17.19,16663,12698.0,888
1774280640000,1774280640000,17.3,17.31,17.18,17.2,1774280315000,17.3,17.3,95828,65187.0,1774280635000,17.2,17.19,16663,9424.5,17.35,17.37,17.18,17.2,1774279975000,17.36,17.36,16604,14343.5,1774280635000,17.2,17.19,16663,9424.5,889
1774280645000,1774280645000,17.3,17.31,17.18,17.2,1774280315000,17.3,17.3,95828,65187.0,1774280635000,17.2,17.19,16663,9424.5,17.35,17.37,17.18,17.2,1774279975000,17.36,17.36,16604,14343.5,1774280635000,17.2,17.19,16663,9424.5,890
1774280650000,1774280650000,17.3,17.31,17.18,17.2,1774280315000,17.3,17.3,95828,65187.0,1774280635000,17.2,17.19,16663,9424.5,17.35,17.37,17.18,17.2,1774279975000,17.36,17.36,16604,14343.5,1774280635000,17.2,17.19,16663,9424.5,891
1774280655000,1774280655000,17.3,17.31,17.18,17.2,1774280315000,17.3,17.3,95828,65187.0,1774280635000,17.2,17.19,16663,9424.5,17.35,17.37,17.18,17.2,1774279975000,17.36,17.36,16604,14343.5,1774280635000,17.2,17.19,16663,9424.5,892
1774280660000,1774280660000,17.3,17.31,17.18,17.2,1774280315000,17.3,17.3,95828,65187.0,1774280635000,17.2,17.19,16663,9424.5,17.35,17.37,17.18,17.2,1774279975000,17.36,17.36,16604,14343.5,1774280635000,17.2,17.19,16663,9424.5,893
1774280665000,1774280665000,17.3,17.31,17.18,17.2,1774280315000,17.3,17.3,95828,65187.0,1774280635000,17.2,17.19,16663,9424.5,17.35,17.37,17.18,17.2,1774279975000,17.36,17.36,16604,14343.5,1774280635000,17.2,17.19,16663,9424.5,894
1774280670000,1774280670000,17.3,17.31,17.18,17.21,1774280315000,17.3,17.3,95828,65187.0,1774280635000,17.2,17.19,16663,9424.5,17.35,17.37,17.18,17.21,1774279975000,17.36,17.36,16604,14343.5,1774280635000,17.2,17.19,16663,9424.5,895
1774280675000,1774280675000,17.3,17.31,17.18,17.21,1774280315000,17.3,17.3,95828,65187.0,1774280635000,17.2,17.19,16663,9424.5,17.35,17.37,17.18,17.21,1774279975000,17.36,17.36,16604,14343.5,1774280635000,17.2,17.19,16663,9424.5,896
1774280680000,1774280680000,17.3,17.31,17.18,17.21,1774280315000,17.3,17.3,95828,65187.0,1774280635000,17.2,17.19,16663,9424.5,17.36,17.37,17.18,17.21,1774279975000,17.36,17.36,16604,14343.5,1774280635000,17.2,17.19,16663,9424.5,897
1774280685000,1774280685000,17.3,17.31,17.18,17.21,1774280315000,17.3,17.3,95828,65187.0,1774280635000,17.2,17.19,16663,9424.5,17.36,17.37,17.18,17.21,1774279975000,17.36,17.36,16604,14343.5,1774280635000,17.2,17.19,16663,9424.5,898
1774280690000,1774280690000,17.3,17.31,17.18,17.22,1774280315000,17.3,17.3,95828,65187.0,1774280635000,17.2,17.19,16663,9424.5,17.36,17.37,17.18,17.22,1774279975000,17.36,17.36,16604,14343.5,1774280635000,17.2,17.19,16663,9424.5,899
1774280695000,1774280695000,17.3,17.31,17.18,17.22,1774280315000,17.3,17.3,95828,65187.0,1774280635000,17.2,17.19,16663,9424.5,17.36,17.37,17.18,17.22,1774279975000,17.36,17.36,16604,14343.5,1774280635000,17.2,17.19,16663,9424.5,900
1774280700000,1774280700000,17.3,17.31,17.18,17.2,1774280315000,17.3,17.3,95828,65187.0,1774280635000,17.2,17.19,16663,9424.5,17.36,17.36,17.18,17.2,1774280040000,17.35,17.36,4274,0.0,1774280635000,17.2,17.19,16663,9424.5,901
1774280705000,1774280705000,17.3,17.31,17.18,17.21,1774280315000,17.3,17.3,95828,65187.0,1774280635000,17.2,17.19,16663,9424.5,17.36,17.36,17.18,17.21,1774280040000,17.35,17.36,4274,0.0,1774280635000,17.2,17.19,16663,9424.5,902
1774280710000,1774280710000,17.3,17.31,17.18,17.21,1774280315000,17.3,17.3,95828,65187.0,1774280635000,17.2,17.19,16663,9424.5,17.35,17.36,17.18,17.21,1774280040000,17.35,17.36,4274,0.0,1774280635000,17.2,17.19,16663,9424.5,903
1774280715000,1774280715000,17.3,17.31,17.18,17.21,1774280315000,17.3,17.3,95828,65187.0,1774280635000,17.2,17.19,16663,9424.5,17.35,17.36,17.18,17.21,1774280040000,17.35,17.36,4274,0.0,1774280635000,17.2,17.19,16663,9424.5,904
1774280720000,1774280720000,17.3,17.31,17.18,17.2,1774280315000,17.3,17.3,95828,65187.0,1774280635000,17.2,17.19,16663,9424.5,17.35,17.36,17.18,17.2,1774280040000,17.35,17.36,4274,0.0,1774280635000,17.2,17.19,16663,9424.5,905
1774280725000,1774280725000,17.3,17.31,17.18,17.2,1774280315000,17.3,17.3,95828,65187.0,1774280635000,17.2,17.19,16663,9424.5,17.34,17.36,17.18,17.2,1774280040000,17.35,17.36,4274,0.0,1774280635000,17.2,17.19,16663,9424.5,906
1774280730000,1774280730000,17.3,17.31,17.18,17.19,1774280315000,17.3,17.3,95828,65187.0,1774280635000,17.2,17.19,16663,9424.5,17.35,17.36,17.18,17.19,1774280040000,17.35,17.36,4274,0.0,1774280635000,17.2,17.19,16663,9424.5,907
1774280735000,1774280735000,17.3,17.31,17.18,17.19,1774280315000,17.3,17.3,95828,65187.0,1774280635000,17.2,17.19,16663,9424.5,17.35,17.36,17.18,17.19,1774280040000,17.35,17.36,4274,0.0,1774280635000,17.2,17.19,16663,9424.5,908
1774280740000,1774280740000,17.3,17.31,17.18,17.19,1774280315000,17.3,17.3,95828,65187.0,1774280635000,17.2,17.19,16663,9424.5,17.35,17.36,17.18,17.19,1774280040000,17.35,17.36,4274,0.0,1774280635000,17.2,17.19,16663,9424.5,909
1774280745000,1774280745000,17.3,17.31,17.18,17.18,1774280315000,17.3,17.3,95828,65187.0,1774280745000,17.19,17.18,3774,3624.0,17.35,17.36,17.18,17.18,1774280040000,17.35,17.36,4274,0.0,1774280745000,17.19,17.18,3774,3624.0,910
1774280750000,1774280750000,17.3,17.3,17.17,17.17,1774280320000,17.3,17.28,53663,1993.5,1774280750000,17.18,17.17,21475,19588.0,17.35,17.36,17.17,17.17,1774280040000,17.35,17.36,4274,0.0,1774280750000,17.18,17.17,21475,19588.0,911
1774280755000,1774280755000,17.3,17.3,17.17,17.17,1774280320000,17.3,17.28,53663,1993.5,1774280755000,17.18,17.17,1620,0.0,17.35,17.36,17.17,17.17,1774280040000,17.35,17.36,4274,0.0,1774280755000,17.18,17.17,1620,0.0,912
1774280760000,1774280760000,17.3,17.3,17.15,17.16,1774280320000,17.3,17.28,53663,1993.5,1774280760000,17.18,17.16,12291,11481.0,17.35,17.36,17.15,17.16,1774280040000,17.35,17.36,4274,0.0,1774280760000,17.18,17.16,12291,11481.0,913
1774280765000,1774280765000,17.3,17.3,17.15,17.16,1774280320000,17.3,17.28,53663,1993.5,1774280765000,17.16,17.16,14581,8435.5,17.34,17.36,17.15,17.16,1774280040000,17.35,17.36,4274,0.0,1774280765000,17.16,17.16,14581,8435.5,914
1774280770000,1774280770000,17.28,17.28,17.15,17.15,1774280445000,17.27,17.27,19646,14581.0,1774280770000,17.16,17.15,16160,8869.5,17.35,17.35,17.15,17.15,1774280235000,17.35,17.34,4400,0.0,1774280770000,17.16,17.15,16160,8869.5,915
1774280775000,1774280775000,17.27,17.28,17.15,17.16,1774280445000,17.27,17.27,19646,14581.0,1774280775000,17.16,17.16,9435,1355.0,17.34,17.35,17.15,17.16,1774280235000,17.35,17.34,4400,0.0,1774280775000,17.16,17.16,9435,1355.0,916
1774280780000,1774280780000,17.24,17.28,17.13,17.14,1774280445000,17.27,17.27,19646,14581.0,1774280780000,17.16,17.14,21954,17236.5,17.35,17.35,17.13,17.14,1774280235000,17.35,17.34,4400,0.0,1774280780000,17.16,17.14,21954,17236.5,917
1774280785000,1774280785000,17.24,17.28,17.12,17.13,1774280445000,17.27,17.27,19646,14581.0,1774280785000,17.14,17.13,5855,0.0,17.35,17.35,17.12,17.13,1774280235000,17.35,17.34,4400,0.0,1774280785000,17.14,17.13,5855,0.0,918
1774280790000,1774280790000,17.24,17.28,17.12,17.13,1774280445000,17.27,17.27,19646,14581.0,1774280790000,17.12,17.13,13796,10868.5,17.35,17.35,17.12,17.13,1774280235000,17.35,17.34,4400,0.0,1774280790000,17.12,17.13,13796,10868.5,919
1774280795000,1774280795000,17.23,17.28,17.12,17.14,1774280445000,17.27,17.27,19646,14581.0,1774280795000,17.12,17.14,11297,4399.0,17.35,17.35,17.12,17.14,1774280235000,17.35,17.34,4400,0.0,1774280795000,17.12,17.14,11297,4399.0,920
1774280800000,1774280800000,17.23,17.28,17.12,17.14,1774280445000,17.27,17.27,19646,14581.0,1774280795000,17.12,17.14,11297,3889.0,17.35,17.35,17.12,17.14,1774280235000,17.35,17.34,4400,0.0,1774280795000,17.12,17.14,11297,3889.0,921
1774280805000,1774280805000,17.23,17.28,17.12,17.14,1774280445000,17.27,17.27,19646,14581.0,1774280795000,17.12,17.14,11297,3889.0,17.35,17.35,17.12,17.14,1774280235000,17.35,17.34,4400,0.0,1774280795000,17.12,17.14,11297,3889.0,922
1774280810000,1774280810000,17.23,17.28,17.12,17.15,1774280445000,17.27,17.27,19646,14581.0,1774280795000,17.12,17.14,11297,3889.0,17.35,17.35,17.12,17.15,1774280235000,17.35,17.34,4400,0.0,1774280795000,17.12,17.14,11297,3889.0,923
1774280815000,1774280815000,17.23,17.28,17.12,17.14,1774280445000,17.27,17.27,19646,14581.0,1774280795000,17.12,17.14,11297,3889.0,17.35,17.35,17.12,17.14,1774280235000,17.35,17.34,4400,0.0,1774280795000,17.12,17.14,11297,3889.0,924
1774280820000,1774280820000,17.21,17.28,17.12,17.14,1774280445000,17.27,17.27,19646,14581.0,1774280795000,17.12,17.14,11297,3889.0,17.35,17.35,17.12,17.14,1774280235000,17.35,17.34,4400,0.0,1774280795000,17.12,17.14,11297,3889.0,925
1774280825000,1774280825000,17.21,17.28,17.12,17.13,1774280445000,17.27,17.27,19646,14581.0,1774280825000,17.13,17.13,2995,0.0,17.35,17.35,17.12,17.13,1774280235000,17.35,17.34,4400,0.0,1774280825000,17.13,17.13,2995,0.0,926
1774280830000,1774280830000,17.21,17.28,17.12,17.13,1774280445000,17.27,17.27,19646,14581.0,1774280830000,17.13,17.13,6481,4983.5,17.35,17.35,17.12,17.13,1774280235000,17.35,17.34,4400,0.0,1774280830000,17.13,17.13,6481,4983.5,927
1774280835000,1774280835000,17.23,17.28,17.12,17.13,1774280445000,17.27,17.27,19646,14581.0,1774280835000,17.12,17.13,3950,709.5,17.35,17.35,17.12,17.13,1774280235000,17.35,17.34,4400,0.0,1774280835000,17.12,17.13,3950,709.5,928
1774280840000,1774280840000,17.23,17.28,17.12,17.12,1774280445000,17.27,17.27,19646,14581.0,1774280840000,17.13,17.12,10063,8088.0,17.32,17.35,17.12,17.12,1774280235000,17.35,17.34,4400,0.0,1774280840000,17.13,17.12,10063,8088.0,929
1774280845000,1774280845000,17.23,17.28,17.12,17.13,1774280445000,17.27,17.27,19646,14581.0,1774280845000,17.13,17.13,32059,27027.5,17.32,17.35,17.12,17.13,1774280235000,17.35,17.34,4400,0.0,1774280845000,17.13,17.13,32059,27027.5,930
1774280850000,1774280850000,17.27,17.28,17.12,17.14,1774280445000,17.27,17.27,19646,14581.0,1774280845000,17.13,17.13,32059,4174.5,17.32,17.35,17.12,17.14,1774280235000,17.35,17.34,4400,0.0,1774280845000,17.13,17.13,32059,4174.5,931
1774280855000,1774280855000,17.27,17.28,17.12,17.14,1774280445000,17.27,17.27,19646,14581.0,1774280845000,17.13,17.13,32059,4174.5,17.32,17.35,17.12,17.14,1774280235000,17.35,17.34,4400,0.0,1774280845000,17.13,17.13,32059,4174.5,932
1774280860000,1774280860000,17.27,17.28,17.12,17.15,1774280445000,17.27,17.27,19646,14581.0,1774280845000,17.13,17.13,32059,4174.5,17.32,17.35,17.12,17.15,1774280235000,17.35,17.34,4400,0.0,1774280845000,17.13,17.13,32059,4174.5,933
1774280865000,1774280865000,17.28,17.28,17.12,17.19,1774280445000,17.27,17.27,19646,14581.0,1774280845000,17.13,17.13,32059,4174.5,17.32,17.35,17.12,17.19,1774280235000,17.35,17.34,4400,0.0,1774280845000,17.13,17.13,32059,4174.5,934
1774280870000,1774280870000,17.27,17.28,17.12,17.19,1774280445000,17.27,17.27,19646,14581.0,1774280845000,17.13,17.13,32059,4174.5,17.3,17.35,17.12,17.19,1774280235000,17.35,17.34,4400,0.0,1774280845000,17.13,17.13,32059,4174.5,935
1774280875000,1774280875000,17.26,17.27,17.12,17.18,1774280500000,17.27,17.26,36401,32445.0,1774280845000,17.13,17.13,32059,4174.5,17.3,17.35,17.12,17.18,1774280235000,17.35,17.34,4400,0.0,1774280845000,17.13,17.13,32059,4174.5,936
1774280880000,1774280880000,17.26,17.27,17.12,17.19,1774280500000,17.27,17.26,36401,32445.0,1774280845000,17.13,17.13,32059,4174.5,17.3,17.35,17.12,17.19,1774280235000,17.35,17.34,4400,0.0,1774280845000,17.13,17.13,32059,4174.5,937
1774280885000,1774280885000,17.26,17.27,17.12,17.19,1774280500000,17.27,17.26,36401,32445.0,1774280845000,17.13,17.13,32059,4174.5,17.3,17.35,17.12,17.19,1774280235000,17.35,17.34,4400,0.0,1774280845000,17.13,17.13,32059,4174.5,938
1774280890000,1774280890000,17.26,17.27,17.12,17.2,1774280500000,17.27,17.26,36401,32445.0,1774280845000,17.13,17.13,32059,4174.5,17.3,17.35,17.12,17.2,1774280235000,17.35,17.34,4400,0.0,1774280845000,17.13,17.13,32059,4174.5,939
1774280895000,1774280895000,17.25,17.27,17.12,17.19,1774280500000,17.27,17.26,36401,32445.0,1774280845000,17.13,17.13,32059,4174.5,17.3,17.35,17.12,17.19,1774280235000,17.35,17.34,4400,0.0,1774280845000,17.13,17.13,32059,4174.5,940
1774280900000,1774280900000,17.25,17.27,17.12,17.2,1774280500000,17.27,17.26,36401,32445.0,1774280845000,17.13,17.13,32059,4174.5,17.3,17.35,17.12,17.2,1774280235000,17.35,17.34,4400,0.0,1774280845000,17.13,17.13,32059,4174.5,941
1774280905000,1774280905000,17.25,17.27,17.12,17.19,1774280500000,17.27,17.26,36401,32445.0,1774280845000,17.13,17.13,32059,4174.5,17.3,17.35,17.12,17.19,1774280235000,17.35,17.34,4400,0.0,1774280845000,17.13,17.13,32059,4174.5,942
1774280910000,1774280910000,17.25,17.27,17.12,17.19,1774280500000,17.27,17.26,36401,32445.0,1774280845000,17.13,17.13,32059,4174.5,17.3,17.35,17.12,17.19,1774280235000,17.35,17.34,4400,0.0,1774280845000,17.13,17.13,32059,4174.5,943
1774280915000,1774280915000,17.25,17.27,17.12,17.19,1774280500000,17.27,17.26,36401,32445.0,1774280845000,17.13,17.13,32059,4174.5,17.31,17.35,17.12,17.19,1774280235000,17.35,17.34,4400,0.0,1774280845000,17.13,17.13,32059,4174.5,944
1774280920000,1774280920000,17.23,17.27,17.12,17.18,1774280500000,17.27,17.26,36401,32445.0,1774280845000,17.13,17.13,32059,4174.5,17.31,17.35,17.12,17.18,1774280235000,17.35,17.34,4400,0.0,1774280845000,17.13,17.13,32059,4174.5,945
1774280925000,1774280925000,17.23,17.27,17.12,17.18,1774280500000,17.27,17.26,36401,32445.0,1774280845000,17.13,17.13,32059,4174.5,17.31,17.35,17.12,17.18,1774280235000,17.35,17.34,4400,0.0,1774280845000,17.13,17.13,32059,4174.5,946
1774280930000,1774280930000,17.23,17.27,17.12,17.18,1774280500000,17.27,17.26,36401,32445.0,1774280845000,17.13,17.13,32059,4174.5,17.31,17.35,17.12,17.18,1774280235000,17.35,17.34,4400,0.0,1774280845000,17.13,17.13,32059,4174.5,947
1774280935000,1774280935000,17.23,17.27,17.12,17.17,1774280500000,17.27,17.26,36401,32445.0,1774280845000,17.13,17.13,32059,4174.5,17.31,17.35,17.12,17.17,1774280235000,17.35,17.34,4400,0.0,1774280845000,17.13,17.13,32059,4174.5,948
1774280940000,1774280940000,17.23,17.27,17.12,17.16,1774280500000,17.27,17.26,36401,32445.0,1774280845000,17.13,17.13,32059,4174.5,17.31,17.35,17.12,17.16,1774280235000,17.35,17.34,4400,0.0,1774280845000,17.13,17.13,32059,4174.5,949
1774280945000,1774280945000,17.26,17.27,17.12,17.16,1774280500000,17.27,17.26,36401,32445.0,1774280845000,17.13,17.13,32059,4174.5,17.34,17.35,17.12,17.16,1774280235000,17.35,17.34,4400,0.0,1774280845000,17.13,17.13,32059,4174.5,950
1774280950000,1774280950000,17.27,17.27,17.12,17.17,1774280500000,17.27,17.26,36401,32445.0,1774280845000,17.13,17.13,32059,4174.5,17.34,17.35,17.12,17.17,1774280235000,17.35,17.34,4400,0.0,1774280845000,17.13,17.13,32059,4174.5,951
1774280955000,1774280955000,17.27,17.27,17.12,17.16,1774280500000,17.27,17.26,36401,32445.0,1774280845000,17.13,17.13,32059,4174.5,17.34,17.35,17.12,17.16,1774280235000,17.35,17.34,4400,0.0,1774280845000,17.13,17.13,32059,4174.5,952
1774280960000,1774280960000,17.27,17.27,17.12,17.16,1774280500000,17.27,17.26,36401,32445.0,1774280845000,17.13,17.13,32059,4174.5,17.34,17.35,17.12,17.16,1774280235000,17.35,17.34,4400,0.0,1774280845000,17.13,17.13,32059,4174.5,953
1774280965000,1774280965000,17.27,17.27,17.12,17.18,1774280500000,17.27,17.26,36401,32445.0,1774280845000,17.13,17.13,32059,4174.5,17.34,17.35,17.12,17.18,1774280235000,17.35,17.34,4400,0.0,1774280845000,17.13,17.13,32059,4174.5,954
1774280970000,1774280970000,17.27,17.27,17.12,17.18,1774280500000,17.27,17.26,36401,32445.0,1774280845000,17.13,17.13,32059,4174.5,17.34,17.35,17.12,17.18,1774280235000,17.35,17.34,4400,0.0,1774280845000,17.13,17.13,32059,4174.5,955
1774280975000,1774280975000,17.27,17.27,17.12,17.16,1774280500000,17.27,17.26,36401,32445.0,1774280845000,17.13,17.13,32059,4174.5,17.34,17.35,17.12,17.16,1774280235000,17.35,17.34,4400,0.0,1774280845000,17.13,17.13,32059,4174.5,956
1774280980000,1774280980000,17.27,17.27,17.12,17.18,1774280500000,17.27,17.26,36401,32445.0,1774280845000,17.13,17.13,32059,4174.5,17.34,17.35,17.12,17.18,1774280235000,17.35,17.34,4400,0.0,1774280845000,17.13,17.13,32059,4174.5,957
1774280985000,1774280985000,17.27,17.27,17.12,17.16,1774280500000,17.27,17.26,36401,32445.0,1774280845000,17.13,17.13,32059,4174.5,17.34,17.35,17.12,17.16,1774280235000,17.35,17.34,4400,0.0,1774280845000,17.13,17.13,32059,4174.5,958
1774280990000,1774280990000,17.27,17.27,17.12,17.16,1774280500000,17.27,17.26,36401,32445.0,1774280845000,17.13,17.13,32059,4174.5,17.34,17.34,17.12,17.16,1774280250000,17.34,17.32,21148,17508.0,1774280845000,17.13,17.13,32059,4174.5,959
1774280995000,1774280995000,17.27,17.27,17.12,17.15,1774280500000,17.27,17.26,36401,32445.0,1774280845000,17.13,17.13,32059,4174.5,17.34,17.34,17.12,17.15,1774280250000,17.34,17.32,21148,17508.0,1774280845000,17.13,17.13,32059,4174.5,960
1774281000000,1774281000000,17.26,17.26,17.12,17.16,1774280510000,17.26,17.25,3633,2783.0,1774280845000,17.13,17.13,32059,4174.5,17.33,17.34,17.12,17.16,1774280250000,17.34,17.32,21148,17508.0,1774280845000,17.13,17.13,32059,4174.5,961
1774281005000,1774281005000,17.25,17.25,17.12,17.18,1774280530000,17.24,17.23,6170,0.0,1774280845000,17.13,17.13,32059,4174.5,17.34,17.34,17.12,17.18,1774280250000,17.34,17.32,21148,17508.0,1774280845000,17.13,17.13,32059,4174.5,962
1774281010000,1774281010000,17.25,17.25,17.12,17.16,1774280530000,17.24,17.23,6170,0.0,1774280845000,17.13,17.13,32059,4174.5,17.34,17.34,17.12,17.16,1774280250000,17.34,17.32,21148,17508.0,1774280845000,17.13,17.13,32059,4174.5,963
1774281015000,1774281015000,17.25,17.25,17.12,17.18,1774280530000,17.24,17.23,6170,0.0,1774280845000,17.13,17.13,32059,4174.5,17.34,17.34,17.12,17.18,1774280250000,17.34,17.32,21148,17508.0,1774280845000,17.13,17.13,32059,4174.5,964
1774281020000,1774281020000,17.25,17.25,17.12,17.16,1774280530000,17.24,17.23,6170,0.0,1774280845000,17.13,17.13,32059,4174.5,17.34,17.34,17.12,17.16,1774280250000,17.34,17.32,21148,17508.0,1774280845000,17.13,17.13,32059,4174.5,965
1774281025000,1774281025000,17.25,17.25,17.12,17.16,1774280530000,17.24,17.23,6170,0.0,1774280845000,17.13,17.13,32059,4174.5,17.34,17.34,17.12,17.16,1774280250000,17.34,17.32,21148,17508.0,1774280845000,17.13,17.13,32059,4174.5,966
1774281030000,1774281030000,17.25,17.25,17.12,17.16,1774280530000,17.24,17.23,6170,0.0,1774280845000,17.13,17.13,32059,4174.5,17.34,17.34,17.12,17.16,1774280250000,17.34,17.32,21148,17508.0,1774280845000,17.13,17.13,32059,4174.5,967
1774281035000,1774281035000,17.25,17.25,17.12,17.16,1774280530000,17.24,17.23,6170,0.0,1774280845000,17.13,17.13,32059,4174.5,17.34,17.34,17.12,17.16,1774280250000,17.34,17.32,21148,17508.0,1774280845000,17.13,17.13,32059,4174.5,968
1774281040000,1774281040000,17.24,17.25,17.12,17.14,1774280530000,17.24,17.23,6170,0.0,1774280845000,17.13,17.13,32059,4174.5,17.32,17.33,17.12,17.14,1774280260000,17.32,17.32,9543,7418.0,1774280845000,17.13,17.13,32059,4174.5,969
1774281045000,1774281045000,17.23,17.24,17.12,17.14,1774280585000,17.23,17.23,2142,0.0,1774280845000,17.13,17.13,32059,4174.5,17.32,17.33,17.12,17.14,1774280260000,17.32,17.32,9543,7418.0,1774280845000,17.13,17.13,32059,4174.5,970
1774281050000,1774281050000,17.23,17.24,17.12,17.14,1774280585000,17.23,17.23,2142,0.0,1774280845000,17.13,17.13,32059,4174.5,17.31,17.32,17.12,17.14,1774280295000,17.31,17.32,10102,0.0,1774280845000,17.13,17.13,32059,4174.5,971
1774281055000,1774281055000,17.22,17.24,17.12,17.16,1774280585000,17.23,17.23,2142,0.0,1774280845000,17.13,17.13,32059,4174.5,17.32,17.32,17.12,17.16,1774280295000,17.31,17.32,10102,0.0,1774280845000,17.13,17.13,32059,4174.5,972
1774281060000,1774281060000,17.23,17.24,17.12,17.2,1774280585000,17.23,17.23,2142,0.0,1774280845000,17.13,17.13,32059,4174.5,17.31,17.32,17.12,17.2,1774280295000,17.31,17.32,10102,0.0,1774280845000,17.13,17.13,32059,4174.5,973
