timestamp,last_raw_ts,720k_open,720k_high,720k_low,720k_close,720k_high_ts,720k_high_src_open,720k_high_src_close,720k_high_src_vol,720k_high_spike_vol,720k_low_ts,720k_low_src_open,720k_low_src_close,720k_low_src_vol,720k_low_spike_vol,1440k_open,1440k_high,1440k_low,1440k_close,1440k_high_ts,1440k_high_src_open,1440k_high_src_close,1440k_high_src_vol,1440k_high_spike_vol,1440k_low_ts,1440k_low_src_open,1440k_low_src_close,1440k_low_src_vol,1440k_low_spike_vol,step
1774276200000,1774276200000,17.23,17.23,17.22,17.23,1774276200000,17.23,17.23,13186,13186.0,1774276200000,17.23,17.23,13186,13186.0,17.23,17.23,17.22,17.23,1774276200000,17.23,17.23,13186,13186.0,1774276200000,17.23,17.23,13186,13186.0,1
1774276205000,1774276205000,17.23,17.23,17.22,17.23,1774276205000,17.23,17.23,200,0.0,1774276200000,17.23,17.23,13186,13086.0,17.23,17.23,17.22,17.23,1774276205000,17.23,17.23,200,0.0,1774276200000,17.23,17.23,13186,13086.0,2
1774276210000,1774276210000,17.23,17.23,17.21,17.23,1774276210000,17.23,17.23,7887,7787.0,1774276210000,17.23,17.23,7887,7787.0,17.23,17.23,17.21,17.23,1774276210000,17.23,17.23,7887,7787.0,1774276210000,17.23,17.23,7887,7787.0,3
1774276215000,1774276215000,17.23,17.23,17.21,17.21,1774276215000,17.23,17.21,14475,10531.5,1774276215000,17.23,17.21,14475,10531.5,17.23,17.23,17.21,17.21,1774276215000,17.23,17.21,14475,10531.5,1774276215000,17.23,17.21,14475,10531.5,4
1774276220000,1774276220000,17.23,17.23,17.21,17.22,1774276215000,17.23,17.21,14475,6731.5,1774276220000,17.22,17.22,7600,362.5,17.23,17.23,17.21,17.22,1774276215000,17.23,17.21,14475,6731.5,1774276220000,17.22,17.22,7600,362.5,5
1774276225000,1774276225000,17.23,17.23,17.2,17.21,1774276215000,17.23,17.21,14475,6731.5,1774276225000,17.21,17.21,28368,24568.0,17.23,17.23,17.2,17.21,1774276215000,17.23,17.21,14475,6731.5,1774276225000,17.21,17.21,28368,24568.0,6
1774276230000,1774276230000,17.23,17.23,17.2,17.21,1774276215000,17.23,17.21,14475,6731.5,1774276230000,17.21,17.21,2320,0.0,17.23,17.23,17.2,17.21,1774276215000,17.23,17.21,14475,6731.5,1774276230000,17.21,17.21,2320,0.0,7
1774276235000,1774276235000,17.23,17.23,17.2,17.2,1774276215000,17.23,17.21,14475,6731.5,1774276235000,17.21,17.2,12379,11219.0,17.23,17.23,17.2,17.2,1774276215000,17.23,17.21,14475,6731.5,1774276235000,17.21,17.2,12379,11219.0,8
1774276240000,1774276240000,17.23,17.23,17.19,17.2,1774276215000,17.23,17.21,14475,6731.5,1774276240000,17.2,17.2,2700,0.0,17.23,17.23,17.19,17.2,1774276215000,17.23,17.21,14475,6731.5,1774276240000,17.2,17.2,2700,0.0,9
1774276245000,1774276245000,17.23,17.23,17.19,17.2,1774276215000,17.23,17.21,14475,6731.5,1774276245000,17.2,17.2,3875,2525.0,17.23,17.23,17.19,17.2,1774276215000,17.23,17.21,14475,6731.5,1774276245000,17.2,17.2,3875,2525.0,10
1774276250000,1774276250000,17.23,17.23,17.19,17.19,1774276215000,17.23,17.21,14475,6731.5,1774276250000,17.2,17.19,600,0.0,17.23,17.23,17.19,17.19,1774276215000,17.23,17.21,14475,6731.5,1774276250000,17.2,17.19,600,0.0,11
1774276255000,1774276255000,17.23,17.23,17.18,17.19,1774276215000,17.23,17.21,14475,6731.5,1774276255000,17.2,17.19,2392,2092.0,17.23,17.23,17.18,17.19,1774276215000,17.23,17.21,14475,6731.5,1774276255000,17.2,17.19,2392,2092.0,12
1774276260000,1774276260000,17.23,17.23,17.18,17.19,1774276215000,17.23,17.21,14475,6731.5,1774276260000,17.19,17.19,2210,1014.0,17.23,17.23,17.18,17.19,1774276215000,17.23,17.21,14475,6731.5,1774276260000,17.19,17.19,2210,1014.0,13
1774276265000,1774276265000,17.23,17.23,17.18,17.19,1774276215000,17.23,17.21,14475,6731.5,1774276265000,17.19,17.19,6283,5178.0,17.23,17.23,17.18,17.19,1774276215000,17.23,17.21,14475,6731.5,1774276265000,17.19,17.19,6283,5178.0,14
1774276270000,1774276270000,17.23,17.23,17.18,17.19,1774276215000,17.23,17.21,14475,6731.5,1774276270000,17.19,17.19,5800,2658.5,17.23,17.23,17.18,17.19,1774276215000,17.23,17.21,14475,6731.5,1774276270000,17.19,17.19,5800,2658.5,15
1774276275000,1774276275000,17.23,17.23,17.18,17.19,1774276215000,17.23,17.21,14475,6731.5,1774276275000,17.19,17.19,10850,7950.0,17.23,17.23,17.18,17.19,1774276215000,17.23,17.21,14475,6731.5,1774276275000,17.19,17.19,10850,7950.0,16
1774276280000,1774276280000,17.23,17.23,17.18,17.19,1774276215000,17.23,17.21,14475,6731.5,1774276280000,17.19,17.19,6478,1053.0,17.23,17.23,17.18,17.19,1774276215000,17.23,17.21,14475,6731.5,1774276280000,17.19,17.19,6478,1053.0,17
1774276285000,1774276285000,17.23,17.23,17.18,17.21,1774276215000,17.23,17.21,14475,6731.5,1774276285000,17.18,17.21,6285,3046.0,17.23,17.23,17.18,17.21,1774276215000,17.23,17.21,14475,6731.5,1774276285000,17.18,17.21,6285,3046.0,18
1774276290000,1774276290000,17.23,17.23,17.18,17.21,1774276215000,17.23,17.21,14475,6731.5,1774276285000,17.18,17.21,6285,2101.0,17.23,17.23,17.18,17.21,1774276215000,17.23,17.21,14475,6731.5,1774276285000,17.18,17.21,6285,2101.0,19
1774276295000,1774276295000,17.23,17.23,17.18,17.2,1774276215000,17.23,17.21,14475,6731.5,1774276285000,17.18,17.21,6285,2101.0,17.23,17.23,17.18,17.2,1774276215000,17.23,17.21,14475,6731.5,1774276285000,17.18,17.21,6285,2101.0,20
1774276300000,1774276300000,17.23,17.23,17.18,17.21,1774276215000,17.23,17.21,14475,6731.5,1774276285000,17.18,17.21,6285,2101.0,17.23,17.23,17.18,17.21,1774276215000,17.23,17.21,14475,6731.5,1774276285000,17.18,17.21,6285,2101.0,21
1774276305000,1774276305000,17.23,17.23,17.18,17.21,1774276215000,17.23,17.21,14475,6731.5,1774276285000,17.18,17.21,6285,2101.0,17.23,17.23,17.18,17.21,1774276215000,17.23,17.21,14475,6731.5,1774276285000,17.18,17.21,6285,2101.0,22
1774276310000,1774276310000,17.23,17.23,17.18,17.21,1774276215000,17.23,17.21,14475,6731.5,1774276285000,17.18,17.21,6285,2101.0,17.23,17.23,17.18,17.21,1774276215000,17.23,17.21,14475,6731.5,1774276285000,17.18,17.21,6285,2101.0,23
1774276315000,1774276315000,17.23,17.23,17.18,17.2,1774276215000,17.23,17.21,14475,6731.5,1774276285000,17.18,17.21,6285,2101.0,17.23,17.23,17.18,17.2,1774276215000,17.23,17.21,14475,6731.5,1774276285000,17.18,17.21,6285,2101.0,24
1774276320000,1774276320000,17.23,17.23,17.18,17.21,1774276215000,17.23,17.21,14475,6731.5,1774276285000,17.18,17.21,6285,2101.0,17.23,17.23,17.18,17.21,1774276215000,17.23,17.21,14475,6731.5,1774276285000,17.18,17.21,6285,2101.0,25
1774276325000,1774276325000,17.23,17.23,17.18,17.21,1774276215000,17.23,17.21,14475,6731.5,1774276285000,17.18,17.21,6285,2101.0,17.23,17.23,17.18,17.21,1774276215000,17.23,17.21,14475,6731.5,1774276285000,17.18,17.21,6285,2101.0,26
1774276330000,1774276330000,17.23,17.23,17.18,17.2,1774276215000,17.23,17.21,14475,6731.5,1774276285000,17.18,17.21,6285,2101.0,17.23,17.23,17.18,17.2,1774276215000,17.23,17.21,14475,6731.5,1774276285000,17.18,17.21,6285,2101.0,27
1774276335000,1774276335000,17.23,17.23,17.18,17.21,1774276215000,17.23,17.21,14475,6731.5,1774276285000,17.18,17.21,6285,2101.0,17.23,17.23,17.18,17.21,1774276215000,17.23,17.21,14475,6731.5,1774276285000,17.18,17.21,6285,2101.0,28
1774276340000,1774276340000,17.23,17.23,17.18,17.21,1774276215000,17.23,17.21,14475,6731.5,1774276285000,17.18,17.21,6285,2101.0,17.23,17.23,17.18,17.21,1774276215000,17.23,17.21,14475,6731.5,1774276285000,17.18,17.21,6285,2101.0,29
1774276345000,1774276345000,17.23,17.23,17.18,17.21,1774276215000,17.23,17.21,14475,6731.5,1774276285000,17.18,17.21,6285,2101.0,17.23,17.23,17.18,17.21,1774276215000,17.23,17.21,14475,6731.5,1774276285000,17.18,17.21,6285,2101.0,30
1774276350000,1774276350000,17.23,17.23,17.18,17.21,1774276215000,17.23,17.21,14475,6731.5,1774276285000,17.18,17.21,6285,2101.0,17.23,17.23,17.18,17.21,1774276215000,17.23,17.21,14475,6731.5,1774276285000,17.18,17.21,6285,2101.0,31
1774276355000,1774276355000,17.23,17.23,17.18,17.21,1774276215000,17.23,17.21,14475,6731.5,1774276285000,17.18,17.21,6285,2101.0,17.23,17.23,17.18,17.21,1774276215000,17.23,17.21,14475,6731.5,1774276285000,17.18,17.21,6285,2101.0,32
1774276360000,1774276360000,17.23,17.23,17.18,17.21,1774276215000,17.23,17.21,14475,6731.5,1774276285000,17.18,17.21,6285,2101.0,17.23,17.23,17.18,17.21,1774276215000,17.23,17.21,14475,6731.5,1774276285000,17.18,17.21,6285,2101.0,33
1774276365000,1774276365000,17.23,17.23,17.18,17.21,1774276215000,17.23,17.21,14475,6731.5,1774276285000,17.18,17.21,6285,2101.0,17.23,17.23,17.18,17.21,1774276215000,17.23,17.21,14475,6731.5,1774276285000,17.18,17.21,6285,2101.0,34
1774276370000,1774276370000,17.23,17.23,17.18,17.22,1774276215000,17.23,17.21,14475,6731.5,1774276285000,17.18,17.21,6285,2101.0,17.23,17.23,17.18,17.22,1774276215000,17.23,17.21,14475,6731.5,1774276285000,17.18,17.21,6285,2101.0,35
1774276375000,1774276375000,17.23,17.23,17.18,17.23,1774276375000,17.21,17.23,22198,15280.0,1774276285000,17.18,17.21,6285,2101.0,17.23,17.23,17.18,17.23,1774276375000,17.21,17.23,22198,15280.0,1774276285000,17.18,17.21,6285,2101.0,36
1774276380000,1774276380000,17.23,17.24,17.18,17.23,1774276380000,17.23,17.23,9156,0.0,1774276285000,17.18,17.21,6285,2101.0,17.23,17.24,17.18,17.23,1774276380000,17.23,17.23,9156,0.0,1774276285000,17.18,17.21,6285,2101.0,37
1774276385000,1774276385000,17.23,17.24,17.18,17.23,1774276380000,17.23,17.23,9156,0.0,1774276285000,17.18,17.21,6285,2101.0,17.23,17.24,17.18,17.23,1774276380000,17.23,17.23,9156,0.0,1774276285000,17.18,17.21,6285,2101.0,38
1774276390000,1774276390000,17.23,17.24,17.18,17.23,1774276390000,17.23,17.23,6893,0.0,1774276285000,17.18,17.21,6285,2101.0,17.23,17.24,17.18,17.23,1774276390000,17.23,17.23,6893,0.0,1774276285000,17.18,17.21,6285,2101.0,39
1774276395000,1774276395000,17.23,17.24,17.18,17.23,1774276395000,17.23,17.23,13717,10270.5,1774276285000,17.18,17.21,6285,2101.0,17.23,17.24,17.18,17.23,1774276395000,17.23,17.23,13717,10270.5,1774276285000,17.18,17.21,6285,2101.0,40
1774276400000,1774276400000,17.23,17.25,17.18,17.25,1774276400000,17.24,17.25,3277,0.0,1774276285000,17.18,17.21,6285,2101.0,17.23,17.25,17.18,17.25,1774276400000,17.24,17.25,3277,0.0,1774276285000,17.18,17.21,6285,2101.0,41
1774276405000,1774276405000,17.23,17.25,17.18,17.22,1774276405000,17.24,17.22,20576,18937.5,1774276285000,17.18,17.21,6285,2101.0,17.23,17.25,17.18,17.22,1774276405000,17.24,17.22,20576,18937.5,1774276285000,17.18,17.21,6285,2101.0,42
1774276410000,1774276410000,17.23,17.25,17.18,17.21,1774276405000,17.24,17.22,20576,7733.0,1774276285000,17.18,17.21,6285,2101.0,17.23,17.25,17.18,17.21,1774276405000,17.24,17.22,20576,7733.0,1774276285000,17.18,17.21,6285,2101.0,43
1774276415000,1774276415000,17.23,17.25,17.18,17.21,1774276405000,17.24,17.22,20576,7733.0,1774276285000,17.18,17.21,6285,2101.0,17.23,17.25,17.18,17.21,1774276405000,17.24,17.22,20576,7733.0,1774276285000,17.18,17.21,6285,2101.0,44
1774276420000,1774276420000,17.23,17.25,17.18,17.21,1774276405000,17.24,17.22,20576,7733.0,1774276285000,17.18,17.21,6285,2101.0,17.23,17.25,17.18,17.21,1774276405000,17.24,17.22,20576,7733.0,1774276285000,17.18,17.21,6285,2101.0,45
1774276425000,1774276425000,17.23,17.25,17.18,17.21,1774276405000,17.24,17.22,20576,7733.0,1774276285000,17.18,17.21,6285,2101.0,17.23,17.25,17.18,17.21,1774276405000,17.24,17.22,20576,7733.0,1774276285000,17.18,17.21,6285,2101.0,46
1774276430000,1774276430000,17.23,17.25,17.18,17.21,1774276405000,17.24,17.22,20576,7733.0,1774276285000,17.18,17.21,6285,2101.0,17.23,17.25,17.18,17.21,1774276405000,17.24,17.22,20576,7733.0,1774276285000,17.18,17.21,6285,2101.0,47
1774276435000,1774276435000,17.23,17.25,17.18,17.21,1774276405000,17.24,17.22,20576,7733.0,1774276285000,17.18,17.21,6285,2101.0,17.23,17.25,17.18,17.21,1774276405000,17.24,17.22,20576,7733.0,1774276285000,17.18,17.21,6285,2101.0,48
1774276440000,1774276440000,17.23,17.25,17.18,17.21,1774276405000,17.24,17.22,20576,7733.0,1774276285000,17.18,17.21,6285,2101.0,17.23,17.25,17.18,17.21,1774276405000,17.24,17.22,20576,7733.0,1774276285000,17.18,17.21,6285,2101.0,49
1774276445000,1774276445000,17.23,17.25,17.18,17.21,1774276405000,17.24,17.22,20576,7733.0,1774276285000,17.18,17.21,6285,2101.0,17.23,17.25,17.18,17.21,1774276405000,17.24,17.22,20576,7733.0,1774276285000,17.18,17.21,6285,2101.0,50
1774276450000,1774276450000,17.23,17.25,17.18,17.21,1774276405000,17.24,17.22,20576,7733.0,1774276285000,17.18,17.21,6285,2101.0,17.23,17.25,17.18,17.21,1774276405000,17.24,17.22,20576,7733.0,1774276285000,17.18,17.21,6285,2101.0,51
1774276455000,1774276455000,17.23,17.25,17.18,17.21,1774276405000,17.24,17.22,20576,7733.0,1774276285000,17.18,17.21,6285,2101.0,17.23,17.25,17.18,17.21,1774276405000,17.24,17.22,20576,7733.0,1774276285000,17.18,17.21,6285,2101.0,52
1774276460000,1774276460000,17.23,17.25,17.18,17.2,1774276405000,17.24,17.22,20576,7733.0,1774276285000,17.18,17.21,6285,2101.0,17.23,17.25,17.18,17.2,1774276405000,17.24,17.22,20576,7733.0,1774276285000,17.18,17.21,6285,2101.0,53
1774276465000,1774276465000,17.23,17.25,17.18,17.2,1774276405000,17.24,17.22,20576,7733.0,1774276285000,17.18,17.21,6285,2101.0,17.23,17.25,17.18,17.2,1774276405000,17.24,17.22,20576,7733.0,1774276285000,17.18,17.21,6285,2101.0,54
1774276470000,1774276470000,17.23,17.25,17.18,17.2,1774276405000,17.24,17.22,20576,7733.0,1774276285000,17.18,17.21,6285,2101.0,17.23,17.25,17.18,17.2,1774276405000,17.24,17.22,20576,7733.0,1774276285000,17.18,17.21,6285,2101.0,55
1774276475000,1774276475000,17.23,17.25,17.18,17.19,1774276405000,17.24,17.22,20576,7733.0,1774276475000,17.19,17.19,4947,0.0,17.23,17.25,17.18,17.19,1774276405000,17.24,17.22,20576,7733.0,1774276475000,17.19,17.19,4947,0.0,56
1774276480000,1774276480000,17.23,17.25,17.18,17.19,1774276405000,17.24,17.22,20576,7733.0,1774276480000,17.19,17.19,1712,0.0,17.23,17.25,17.18,17.19,1774276405000,17.24,17.22,20576,7733.0,1774276480000,17.19,17.19,1712,0.0,57
1774276485000,1774276485000,17.23,17.25,17.18,17.18,1774276405000,17.24,17.22,20576,7733.0,1774276485000,17.19,17.18,1913,1057.0,17.23,17.25,17.18,17.18,1774276405000,17.24,17.22,20576,7733.0,1774276485000,17.19,17.18,1913,1057.0,58
1774276490000,1774276490000,17.23,17.25,17.18,17.18,1774276405000,17.24,17.22,20576,7733.0,1774276490000,17.19,17.18,3390,2433.5,17.23,17.25,17.18,17.18,1774276405000,17.24,17.22,20576,7733.0,1774276490000,17.19,17.18,3390,2433.5,59
1774276495000,1774276495000,17.23,17.25,17.17,17.18,1774276405000,17.24,17.22,20576,7733.0,1774276495000,17.19,17.18,7781,6086.0,17.23,17.25,17.17,17.18,1774276405000,17.24,17.22,20576,7733.0,1774276495000,17.19,17.18,7781,6086.0,60
1774276500000,1774276500000,17.23,17.25,17.17,17.19,1774276405000,17.24,17.22,20576,7733.0,1774276495000,17.19,17.18,7781,2778.5,17.23,17.25,17.17,17.19,1774276405000,17.24,17.22,20576,7733.0,1774276495000,17.19,17.18,7781,2778.5,61
1774276505000,1774276505000,17.23,17.25,17.17,17.2,1774276405000,17.24,17.22,20576,7733.0,1774276495000,17.19,17.18,7781,2778.5,17.23,17.25,17.17,17.2,1774276405000,17.24,17.22,20576,7733.0,1774276495000,17.19,17.18,7781,2778.5,62
1774276510000,1774276510000,17.23,17.25,17.17,17.21,1774276405000,17.24,17.22,20576,7733.0,1774276495000,17.19,17.18,7781,2778.5,17.23,17.25,17.17,17.21,1774276405000,17.24,17.22,20576,7733.0,1774276495000,17.19,17.18,7781,2778.5,63
1774276515000,1774276515000,17.23,17.25,17.17,17.21,1774276405000,17.24,17.22,20576,7733.0,1774276495000,17.19,17.18,7781,2778.5,17.23,17.25,17.17,17.21,1774276405000,17.24,17.22,20576,7733.0,1774276495000,17.19,17.18,7781,2778.5,64
1774276520000,1774276520000,17.23,17.25,17.17,17.19,1774276405000,17.24,17.22,20576,7733.0,1774276495000,17.19,17.18,7781,2778.5,17.23,17.25,17.17,17.19,1774276405000,17.24,17.22,20576,7733.0,1774276495000,17.19,17.18,7781,2778.5,65
1774276525000,1774276525000,17.23,17.25,17.17,17.19,1774276405000,17.24,17.22,20576,7733.0,1774276495000,17.19,17.18,7781,2778.5,17.23,17.25,17.17,17.19,1774276405000,17.24,17.22,20576,7733.0,1774276495000,17.19,17.18,7781,2778.5,66
1774276530000,1774276530000,17.23,17.25,17.17,17.19,1774276405000,17.24,17.22,20576,7733.0,1774276495000,17.19,17.18,7781,2778.5,17.23,17.25,17.17,17.19,1774276405000,17.24,17.22,20576,7733.0,1774276495000,17.19,17.18,7781,2778.5,67
1774276535000,1774276535000,17.23,17.25,17.17,17.2,1774276405000,17.24,17.22,20576,7733.0,1774276495000,17.19,17.18,7781,2778.5,17.23,17.25,17.17,17.2,1774276405000,17.24,17.22,20576,7733.0,1774276495000,17.19,17.18,7781,2778.5,68
1774276540000,1774276540000,17.23,17.25,17.17,17.2,1774276405000,17.24,17.22,20576,7733.0,1774276495000,17.19,17.18,7781,2778.5,17.23,17.25,17.17,17.2,1774276405000,17.24,17.22,20576,7733.0,1774276495000,17.19,17.18,7781,2778.5,69
1774276545000,1774276545000,17.23,17.25,17.17,17.21,1774276405000,17.24,17.22,20576,7733.0,1774276495000,17.19,17.18,7781,2778.5,17.23,17.25,17.17,17.21,1774276405000,17.24,17.22,20576,7733.0,1774276495000,17.19,17.18,7781,2778.5,70
1774276550000,1774276550000,17.23,17.25,17.17,17.2,1774276405000,17.24,17.22,20576,7733.0,1774276495000,17.19,17.18,7781,2778.5,17.23,17.25,17.17,17.2,1774276405000,17.24,17.22,20576,7733.0,1774276495000,17.19,17.18,7781,2778.5,71
1774276555000,1774276555000,17.23,17.25,17.17,17.21,1774276405000,17.24,17.22,20576,7733.0,1774276495000,17.19,17.18,7781,2778.5,17.23,17.25,17.17,17.21,1774276405000,17.24,17.22,20576,7733.0,1774276495000,17.19,17.18,7781,2778.5,72
1774276560000,1774276560000,17.23,17.25,17.17,17.21,1774276405000,17.24,17.22,20576,7733.0,1774276495000,17.19,17.18,7781,2778.5,17.23,17.25,17.17,17.21,1774276405000,17.24,17.22,20576,7733.0,1774276495000,17.19,17.18,7781,2778.5,73
1774276565000,1774276565000,17.23,17.25,17.17,17.2,1774276405000,17.24,17.22,20576,7733.0,1774276495000,17.19,17.18,7781,2778.5,17.23,17.25,17.17,17.2,1774276405000,17.24,17.22,20576,7733.0,1774276495000,17.19,17.18,7781,2778.5,74
1774276570000,1774276570000,17.23,17.25,17.17,17.18,1774276405000,17.24,17.22,20576,7733.0,1774276495000,17.19,17.18,7781,2778.5,17.23,17.25,17.17,17.18,1774276405000,17.24,17.22,20576,7733.0,1774276495000,17.19,17.18,7781,2778.5,75
1774276575000,1774276575000,17.23,17.25,17.16,17.16,1774276405000,17.24,17.22,20576,7733.0,1774276575000,17.18,17.16,8990,0.0,17.23,17.25,17.16,17.16,1774276405000,17.24,17.22,20576,7733.0,1774276575000,17.18,17.16,8990,0.0,76
1774276580000,1774276580000,17.23,17.25,17.15,17.16,1774276405000,17.24,17.22,20576,7733.0,1774276580000,17.16,17.16,4280,0.0,17.23,17.25,17.15,17.16,1774276405000,17.24,17.22,20576,7733.0,1774276580000,17.16,17.16,4280,0.0,77
1774276585000,1774276585000,17.23,17.25,17.15,17.16,1774276405000,17.24,17.22,20576,7733.0,1774276580000,17.16,17.16,4280,0.0,17.23,17.25,17.15,17.16,1774276405000,17.24,17.22,20576,7733.0,1774276580000,17.16,17.16,4280,0.0,78
1774276590000,1774276590000,17.23,17.25,17.15,17.16,1774276405000,17.24,17.22,20576,7733.0,1774276590000,17.16,17.16,14181,8346.5,17.23,17.25,17.15,17.16,1774276405000,17.24,17.22,20576,7733.0,1774276590000,17.16,17.16,14181,8346.5,79
1774276595000,1774276595000,17.18,17.25,17.14,17.14,1774276405000,17.24,17.22,20576,7733.0,1774276595000,17.16,17.14,150800,143709.5,17.23,17.25,17.14,17.14,1774276405000,17.24,17.22,20576,7733.0,1774276595000,17.16,17.14,150800,143709.5,80
1774276600000,1774276600000,17.2,17.25,17.12,17.13,1774276405000,17.24,17.22,20576,7733.0,1774276600000,17.13,17.13,28961,0.0,17.23,17.25,17.12,17.13,1774276405000,17.24,17.22,20576,7733.0,1774276600000,17.13,17.13,28961,0.0,81
1774276605000,1774276605000,17.2,17.25,17.12,17.13,1774276405000,17.24,17.22,20576,7733.0,1774276605000,17.13,17.13,6262,0.0,17.23,17.25,17.12,17.13,1774276405000,17.24,17.22,20576,7733.0,1774276605000,17.13,17.13,6262,0.0,82
1774276610000,1774276610000,17.2,17.25,17.12,17.13,1774276405000,17.24,17.22,20576,7733.0,1774276610000,17.14,17.13,2731,0.0,17.23,17.25,17.12,17.13,1774276405000,17.24,17.22,20576,7733.0,1774276610000,17.14,17.13,2731,0.0,83
1774276615000,1774276615000,17.2,17.25,17.12,17.14,1774276405000,17.24,17.22,20576,7733.0,1774276615000,17.12,17.14,2718,1352.5,17.23,17.25,17.12,17.14,1774276405000,17.24,17.22,20576,7733.0,1774276615000,17.12,17.14,2718,1352.5,84
1774276620000,1774276620000,17.2,17.25,17.12,17.14,1774276405000,17.24,17.22,20576,7733.0,1774276615000,17.12,17.14,2718,802.5,17.23,17.25,17.12,17.14,1774276405000,17.24,17.22,20576,7733.0,1774276615000,17.12,17.14,2718,802.5,85
1774276625000,1774276625000,17.2,17.25,17.12,17.12,1774276405000,17.24,17.22,20576,7733.0,1774276625000,17.14,17.12,9182,8632.0,17.23,17.25,17.12,17.12,1774276405000,17.24,17.22,20576,7733.0,1774276625000,17.14,17.12,9182,8632.0,86
1774276630000,1774276630000,17.21,17.25,17.11,17.13,1774276405000,17.24,17.22,20576,7733.0,1774276630000,17.12,17.13,8898,4307.0,17.23,17.25,17.11,17.13,1774276405000,17.24,17.22,20576,7733.0,1774276630000,17.12,17.13,8898,4307.0,87
1774276635000,1774276635000,17.2,17.25,17.11,17.14,1774276405000,17.24,17.22,20576,7733.0,1774276630000,17.12,17.13,8898,206.5,17.23,17.25,17.11,17.14,1774276405000,17.24,17.22,20576,7733.0,1774276630000,17.12,17.13,8898,206.5,88
1774276640000,1774276640000,17.21,17.25,17.11,17.14,1774276405000,17.24,17.22,20576,7733.0,1774276630000,17.12,17.13,8898,206.5,17.23,17.25,17.11,17.14,1774276405000,17.24,17.22,20576,7733.0,1774276630000,17.12,17.13,8898,206.5,89
1774276645000,1774276645000,17.21,17.25,17.11,17.14,1774276405000,17.24,17.22,20576,7733.0,1774276630000,17.12,17.13,8898,206.5,17.23,17.25,17.11,17.14,1774276405000,17.24,17.22,20576,7733.0,1774276630000,17.12,17.13,8898,206.5,90
1774276650000,1774276650000,17.21,17.25,17.11,17.13,1774276405000,17.24,17.22,20576,7733.0,1774276630000,17.12,17.13,8898,206.5,17.23,17.25,17.11,17.13,1774276405000,17.24,17.22,20576,7733.0,1774276630000,17.12,17.13,8898,206.5,91
1774276655000,1774276655000,17.21,17.25,17.11,17.12,1774276405000,17.24,17.22,20576,7733.0,1774276630000,17.12,17.13,8898,206.5,17.23,17.25,17.11,17.12,1774276405000,17.24,17.22,20576,7733.0,1774276630000,17.12,17.13,8898,206.5,92
1774276660000,1774276660000,17.21,17.25,17.11,17.12,1774276405000,17.24,17.22,20576,7733.0,1774276660000,17.13,17.12,18119,16121.5,17.23,17.25,17.11,17.12,1774276405000,17.24,17.22,20576,7733.0,1774276660000,17.13,17.12,18119,16121.5,93
1774276665000,1774276665000,17.23,17.25,17.1,17.11,1774276405000,17.24,17.22,20576,7733.0,1774276665000,17.12,17.11,14481,5421.5,17.23,17.25,17.1,17.11,1774276405000,17.24,17.22,20576,7733.0,1774276665000,17.12,17.11,14481,5421.5,94
1774276670000,1774276670000,17.23,17.25,17.09,17.09,1774276405000,17.24,17.22,20576,7733.0,1774276670000,17.11,17.09,46140,38899.5,17.23,17.25,17.09,17.09,1774276405000,17.24,17.22,20576,7733.0,1774276670000,17.11,17.09,46140,38899.5,95
1774276675000,1774276675000,17.23,17.25,17.08,17.09,1774276405000,17.24,17.22,20576,7733.0,1774276675000,17.09,17.09,3231,0.0,17.23,17.25,17.08,17.09,1774276405000,17.24,17.22,20576,7733.0,1774276675000,17.09,17.09,3231,0.0,96
1774276680000,1774276680000,17.24,17.25,17.08,17.1,1774276405000,17.24,17.22,20576,7733.0,1774276675000,17.09,17.09,3231,0.0,17.23,17.25,17.08,17.1,1774276405000,17.24,17.22,20576,7733.0,1774276675000,17.09,17.09,3231,0.0,97
1774276685000,1774276685000,17.24,17.25,17.08,17.09,1774276405000,17.24,17.22,20576,7733.0,1774276675000,17.09,17.09,3231,0.0,17.23,17.25,17.08,17.09,1774276405000,17.24,17.22,20576,7733.0,1774276675000,17.09,17.09,3231,0.0,98
1774276690000,1774276690000,17.21,17.23,17.08,17.1,1774276555000,17.21,17.21,40447,38198.5,1774276675000,17.09,17.09,3231,0.0,17.23,17.25,17.08,17.1,1774276405000,17.24,17.22,20576,7733.0,1774276675000,17.09,17.09,3231,0.0,99
1774276695000,1774276695000,17.21,17.23,17.08,17.1,1774276555000,17.21,17.21,40447,38198.5,1774276675000,17.09,17.09,3231,0.0,17.23,17.25,17.08,17.1,1774276405000,17.24,17.22,20576,7733.0,1774276675000,17.09,17.09,3231,0.0,100
1774276700000,1774276700000,17.21,17.23,17.08,17.11,1774276555000,17.21,17.21,40447,38198.5,1774276675000,17.09,17.09,3231,0.0,17.23,17.25,17.08,17.11,1774276405000,17.24,17.22,20576,7733.0,1774276675000,17.09,17.09,3231,0.0,101
1774276705000,1774276705000,17.21,17.23,17.08,17.11,1774276555000,17.21,17.21,40447,38198.5,1774276675000,17.09,17.09,3231,0.0,17.23,17.25,17.08,17.11,1774276405000,17.24,17.22,20576,7733.0,1774276675000,17.09,17.09,3231,0.0,102
1774276710000,1774276710000,17.21,17.23,17.08,17.13,1774276555000,17.21,17.21,40447,38198.5,1774276675000,17.09,17.09,3231,0.0,17.23,17.25,17.08,17.13,1774276405000,17.24,17.22,20576,7733.0,1774276675000,17.09,17.09,3231,0.0,103
1774276715000,1774276715000,17.21,17.23,17.08,17.14,1774276555000,17.21,17.21,40447,38198.5,1774276675000,17.09,17.09,3231,0.0,17.23,17.25,17.08,17.14,1774276405000,17.24,17.22,20576,7733.0,1774276675000,17.09,17.09,3231,0.0,104
1774276720000,1774276720000,17.21,17.23,17.08,17.14,1774276555000,17.21,17.21,40447,38198.5,1774276675000,17.09,17.09,3231,0.0,17.23,17.25,17.08,17.14,1774276405000,17.24,17.22,20576,7733.0,1774276675000,17.09,17.09,3231,0.0,105
1774276725000,1774276725000,17.21,17.23,17.08,17.14,1774276555000,17.21,17.21,40447,38198.5,1774276675000,17.09,17.09,3231,0.0,17.23,17.25,17.08,17.14,1774276405000,17.24,17.22,20576,7733.0,1774276675000,17.09,17.09,3231,0.0,106
1774276730000,1774276730000,17.21,17.23,17.08,17.14,1774276555000,17.21,17.21,40447,38198.5,1774276675000,17.09,17.09,3231,0.0,17.23,17.25,17.08,17.14,1774276405000,17.24,17.22,20576,7733.0,1774276675000,17.09,17.09,3231,0.0,107
1774276735000,1774276735000,17.2,17.23,17.08,17.14,1774276555000,17.21,17.21,40447,38198.5,1774276675000,17.09,17.09,3231,0.0,17.23,17.25,17.08,17.14,1774276405000,17.24,17.22,20576,7733.0,1774276675000,17.09,17.09,3231,0.0,108
1774276740000,1774276740000,17.2,17.23,17.08,17.14,1774276555000,17.21,17.21,40447,38198.5,1774276675000,17.09,17.09,3231,0.0,17.23,17.25,17.08,17.14,1774276405000,17.24,17.22,20576,7733.0,1774276675000,17.09,17.09,3231,0.0,109
1774276745000,1774276745000,17.2,17.23,17.08,17.13,1774276555000,17.21,17.21,40447,38198.5,1774276675000,17.09,17.09,3231,0.0,17.23,17.25,17.08,17.13,1774276405000,17.24,17.22,20576,7733.0,1774276675000,17.09,17.09,3231,0.0,110
1774276750000,1774276750000,17.2,17.23,17.08,17.13,1774276555000,17.21,17.21,40447,38198.5,1774276675000,17.09,17.09,3231,0.0,17.23,17.25,17.08,17.13,1774276405000,17.24,17.22,20576,7733.0,1774276675000,17.09,17.09,3231,0.0,111
1774276755000,1774276755000,17.2,17.23,17.08,17.11,1774276555000,17.21,17.21,40447,38198.5,1774276675000,17.09,17.09,3231,0.0,17.23,17.25,17.08,17.11,1774276405000,17.24,17.22,20576,7733.0,1774276675000,17.09,17.09,3231,0.0,112
1774276760000,1774276760000,17.2,17.23,17.08,17.12,1774276555000,17.21,17.21,40447,38198.5,1774276675000,17.09,17.09,3231,0.0,17.23,17.25,17.08,17.12,1774276405000,17.24,17.22,20576,7733.0,1774276675000,17.09,17.09,3231,0.0,113
1774276765000,1774276765000,17.2,17.23,17.08,17.12,1774276555000,17.21,17.21,40447,38198.5,1774276675000,17.09,17.09,3231,0.0,17.23,17.25,17.08,17.12,1774276405000,17.24,17.22,20576,7733.0,1774276675000,17.09,17.09,3231,0.0,114
1774276770000,1774276770000,17.21,17.23,17.08,17.12,1774276555000,17.21,17.21,40447,38198.5,1774276675000,17.09,17.09,3231,0.0,17.23,17.25,17.08,17.12,1774276405000,17.24,17.22,20576,7733.0,1774276675000,17.09,17.09,3231,0.0,115
1774276775000,1774276775000,17.21,17.23,17.08,17.13,1774276555000,17.21,17.21,40447,38198.5,1774276675000,17.09,17.09,3231,0.0,17.23,17.25,17.08,17.13,1774276405000,17.24,17.22,20576,7733.0,1774276675000,17.09,17.09,3231,0.0,116
1774276780000,1774276780000,17.2,17.23,17.08,17.13,1774276555000,17.21,17.21,40447,38198.5,1774276675000,17.09,17.09,3231,0.0,17.23,17.25,17.08,17.13,1774276405000,17.24,17.22,20576,7733.0,1774276675000,17.09,17.09,3231,0.0,117
1774276785000,1774276785000,17.21,17.23,17.08,17.13,1774276555000,17.21,17.21,40447,38198.5,1774276675000,17.09,17.09,3231,0.0,17.23,17.25,17.08,17.13,1774276405000,17.24,17.22,20576,7733.0,1774276675000,17.09,17.09,3231,0.0,118
1774276790000,1774276790000,17.21,17.23,17.08,17.14,1774276555000,17.21,17.21,40447,38198.5,1774276675000,17.09,17.09,3231,0.0,17.23,17.25,17.08,17.14,1774276405000,17.24,17.22,20576,7733.0,1774276675000,17.09,17.09,3231,0.0,119
1774276795000,1774276795000,17.19,17.23,17.08,17.16,1774276555000,17.21,17.21,40447,38198.5,1774276675000,17.09,17.09,3231,0.0,17.23,17.25,17.08,17.16,1774276405000,17.24,17.22,20576,7733.0,1774276675000,17.09,17.09,3231,0.0,120
1774276800000,1774276800000,17.18,17.23,17.08,17.16,1774276555000,17.21,17.21,40447,38198.5,1774276675000,17.09,17.09,3231,0.0,17.23,17.25,17.08,17.16,1774276405000,17.24,17.22,20576,7733.0,1774276675000,17.09,17.09,3231,0.0,121
1774276805000,1774276805000,17.18,17.23,17.08,17.16,1774276555000,17.21,17.21,40447,38198.5,1774276675000,17.09,17.09,3231,0.0,17.23,17.25,17.08,17.16,1774276405000,17.24,17.22,20576,7733.0,1774276675000,17.09,17.09,3231,0.0,122
1774276810000,1774276810000,17.19,17.23,17.08,17.18,1774276555000,17.21,17.21,40447,38198.5,1774276675000,17.09,17.09,3231,0.0,17.23,17.25,17.08,17.18,1774276405000,17.24,17.22,20576,7733.0,1774276675000,17.09,17.09,3231,0.0,123
1774276815000,1774276815000,17.19,17.23,17.08,17.18,1774276555000,17.21,17.21,40447,38198.5,1774276675000,17.09,17.09,3231,0.0,17.23,17.25,17.08,17.18,1774276405000,17.24,17.22,20576,7733.0,1774276675000,17.09,17.09,3231,0.0,124
1774276820000,1774276820000,17.2,17.23,17.08,17.18,1774276555000,17.21,17.21,40447,38198.5,1774276675000,17.09,17.09,3231,0.0,17.23,17.25,17.08,17.18,1774276405000,17.24,17.22,20576,7733.0,1774276675000,17.09,17.09,3231,0.0,125
1774276825000,1774276825000,17.2,17.23,17.08,17.18,1774276555000,17.21,17.21,40447,38198.5,1774276675000,17.09,17.09,3231,0.0,17.23,17.25,17.08,17.18,1774276405000,17.24,17.22,20576,7733.0,1774276675000,17.09,17.09,3231,0.0,126
1774276830000,1774276830000,17.19,17.23,17.08,17.17,1774276555000,17.21,17.21,40447,38198.5,1774276675000,17.09,17.09,3231,0.0,17.23,17.25,17.08,17.17,1774276405000,17.24,17.22,20576,7733.0,1774276675000,17.09,17.09,3231,0.0,127
1774276835000,1774276835000,17.21,17.23,17.08,17.16,1774276555000,17.21,17.21,40447,38198.5,1774276675000,17.09,17.09,3231,0.0,17.23,17.25,17.08,17.16,1774276405000,17.24,17.22,20576,7733.0,1774276675000,17.09,17.09,3231,0.0,128
1774276840000,1774276840000,17.21,17.23,17.08,17.17,1774276555000,17.21,17.21,40447,38198.5,1774276675000,17.09,17.09,3231,0.0,17.23,17.25,17.08,17.17,1774276405000,17.24,17.22,20576,7733.0,1774276675000,17.09,17.09,3231,0.0,129
1774276845000,1774276845000,17.21,17.23,17.08,17.16,1774276555000,17.21,17.21,40447,38198.5,1774276675000,17.09,17.09,3231,0.0,17.23,17.25,17.08,17.16,1774276405000,17.24,17.22,20576,7733.0,1774276675000,17.09,17.09,3231,0.0,130
1774276850000,1774276850000,17.21,17.21,17.08,17.14,1774276570000,17.21,17.18,23562,15886.0,1774276675000,17.09,17.09,3231,0.0,17.23,17.25,17.08,17.14,1774276405000,17.24,17.22,20576,7733.0,1774276675000,17.09,17.09,3231,0.0,131
1774276855000,1774276855000,17.21,17.21,17.08,17.14,1774276570000,17.21,17.18,23562,15886.0,1774276675000,17.09,17.09,3231,0.0,17.23,17.25,17.08,17.14,1774276405000,17.24,17.22,20576,7733.0,1774276675000,17.09,17.09,3231,0.0,132
1774276860000,1774276860000,17.21,17.21,17.08,17.14,1774276570000,17.21,17.18,23562,15886.0,1774276675000,17.09,17.09,3231,0.0,17.23,17.25,17.08,17.14,1774276405000,17.24,17.22,20576,7733.0,1774276675000,17.09,17.09,3231,0.0,133
1774276865000,1774276865000,17.21,17.21,17.08,17.14,1774276570000,17.21,17.18,23562,15886.0,1774276675000,17.09,17.09,3231,0.0,17.23,17.25,17.08,17.14,1774276405000,17.24,17.22,20576,7733.0,1774276675000,17.09,17.09,3231,0.0,134
1774276870000,1774276870000,17.21,17.21,17.08,17.14,1774276570000,17.21,17.18,23562,15886.0,1774276675000,17.09,17.09,3231,0.0,17.23,17.25,17.08,17.14,1774276405000,17.24,17.22,20576,7733.0,1774276675000,17.09,17.09,3231,0.0,135
1774276875000,1774276875000,17.21,17.21,17.08,17.14,1774276570000,17.21,17.18,23562,15886.0,1774276675000,17.09,17.09,3231,0.0,17.23,17.25,17.08,17.14,1774276405000,17.24,17.22,20576,7733.0,1774276675000,17.09,17.09,3231,0.0,136
1774276880000,1774276880000,17.21,17.21,17.08,17.14,1774276570000,17.21,17.18,23562,15886.0,1774276675000,17.09,17.09,3231,0.0,17.23,17.25,17.08,17.14,1774276405000,17.24,17.22,20576,7733.0,1774276675000,17.09,17.09,3231,0.0,137
1774276885000,1774276885000,17.18,17.18,17.08,17.14,1774276845000,17.17,17.16,48821,42798.5,1774276675000,17.09,17.09,3231,0.0,17.23,17.25,17.08,17.14,1774276405000,17.24,17.22,20576,7733.0,1774276675000,17.09,17.09,3231,0.0,138
1774276890000,1774276890000,17.16,17.18,17.08,17.15,1774276845000,17.17,17.16,48821,42798.5,1774276675000,17.09,17.09,3231,0.0,17.23,17.25,17.08,17.15,1774276405000,17.24,17.22,20576,7733.0,1774276675000,17.09,17.09,3231,0.0,139
1774276895000,1774276895000,17.16,17.18,17.08,17.16,1774276845000,17.17,17.16,48821,42798.5,1774276675000,17.09,17.09,3231,0.0,17.23,17.25,17.08,17.16,1774276405000,17.24,17.22,20576,7733.0,1774276675000,17.09,17.09,3231,0.0,140
1774276900000,1774276900000,17.16,17.18,17.08,17.15,1774276845000,17.17,17.16,48821,42798.5,1774276675000,17.09,17.09,3231,0.0,17.23,17.25,17.08,17.15,1774276405000,17.24,17.22,20576,7733.0,1774276675000,17.09,17.09,3231,0.0,141
1774276905000,1774276905000,17.16,17.18,17.08,17.16,1774276845000,17.17,17.16,48821,42798.5,1774276675000,17.09,17.09,3231,0.0,17.23,17.25,17.08,17.16,1774276405000,17.24,17.22,20576,7733.0,1774276675000,17.09,17.09,3231,0.0,142
1774276910000,1774276910000,17.16,17.18,17.08,17.16,1774276845000,17.17,17.16,48821,42798.5,1774276675000,17.09,17.09,3231,0.0,17.23,17.25,17.08,17.16,1774276405000,17.24,17.22,20576,7733.0,1774276675000,17.09,17.09,3231,0.0,143
1774276915000,1774276915000,17.16,17.18,17.08,17.16,1774276845000,17.17,17.16,48821,42798.5,1774276675000,17.09,17.09,3231,0.0,17.23,17.25,17.08,17.16,1774276405000,17.24,17.22,20576,7733.0,1774276675000,17.09,17.09,3231,0.0,144
1774276920000,1774276920000,17.16,17.18,17.08,17.16,1774276845000,17.17,17.16,48821,42798.5,1774276675000,17.09,17.09,3231,0.0,17.23,17.25,17.08,17.16,1774276405000,17.24,17.22,20576,7733.0,1774276675000,17.09,17.09,3231,0.0,145
1774276925000,1774276925000,17.16,17.18,17.08,17.16,1774276845000,17.17,17.16,48821,42798.5,1774276675000,17.09,17.09,3231,0.0,17.23,17.25,17.08,17.16,1774276405000,17.24,17.22,20576,7733.0,1774276675000,17.09,17.09,3231,0.0,146
1774276930000,1774276930000,17.13,17.18,17.08,17.18,1774276930000,17.16,17.18,154201,149421.0,1774276675000,17.09,17.09,3231,0.0,17.2,17.25,17.08,17.18,1774276405000,17.24,17.22,20576,7733.0,1774276675000,17.09,17.09,3231,0.0,147
1774276935000,1774276935000,17.13,17.18,17.08,17.18,1774276935000,17.18,17.18,2460,0.0,1774276675000,17.09,17.09,3231,0.0,17.2,17.25,17.08,17.18,1774276405000,17.24,17.22,20576,7733.0,1774276675000,17.09,17.09,3231,0.0,148
1774276940000,1774276940000,17.14,17.18,17.08,17.14,1774276940000,17.18,17.14,63256,62026.0,1774276675000,17.09,17.09,3231,0.0,17.21,17.25,17.08,17.14,1774276405000,17.24,17.22,20576,7733.0,1774276675000,17.09,17.09,3231,0.0,149
1774276945000,1774276945000,17.13,17.18,17.08,17.13,1774276940000,17.18,17.14,63256,54252.0,1774276675000,17.09,17.09,3231,0.0,17.21,17.25,17.08,17.13,1774276405000,17.24,17.22,20576,7733.0,1774276675000,17.09,17.09,3231,0.0,150
1774276950000,1774276950000,17.13,17.18,17.08,17.12,1774276940000,17.18,17.14,63256,54252.0,1774276675000,17.09,17.09,3231,0.0,17.21,17.25,17.08,17.12,1774276405000,17.24,17.22,20576,7733.0,1774276675000,17.09,17.09,3231,0.0,151
1774276955000,1774276955000,17.11,17.18,17.08,17.11,1774276940000,17.18,17.14,63256,54252.0,1774276675000,17.09,17.09,3231,0.0,17.23,17.25,17.08,17.11,1774276405000,17.24,17.22,20576,7733.0,1774276675000,17.09,17.09,3231,0.0,152
1774276960000,1774276960000,17.1,17.18,17.09,17.11,1774276940000,17.18,17.14,63256,54252.0,1774276700000,17.09,17.11,4092,0.0,17.23,17.25,17.08,17.11,1774276405000,17.24,17.22,20576,7733.0,1774276675000,17.09,17.09,3231,0.0,153
1774276965000,1774276965000,17.1,17.18,17.09,17.11,1774276940000,17.18,17.14,63256,54252.0,1774276700000,17.09,17.11,4092,0.0,17.24,17.25,17.08,17.11,1774276405000,17.24,17.22,20576,7733.0,1774276675000,17.09,17.09,3231,0.0,154
1774276970000,1774276970000,17.1,17.18,17.09,17.11,1774276940000,17.18,17.14,63256,54252.0,1774276700000,17.09,17.11,4092,0.0,17.24,17.25,17.08,17.11,1774276405000,17.24,17.22,20576,7733.0,1774276675000,17.09,17.09,3231,0.0,155
1774276975000,1774276975000,17.1,17.18,17.09,17.11,1774276940000,17.18,17.14,63256,54252.0,1774276700000,17.09,17.11,4092,0.0,17.21,17.23,17.08,17.11,1774276555000,17.21,17.21,40447,38198.5,1774276675000,17.09,17.09,3231,0.0,156
1774276980000,1774276980000,17.11,17.18,17.1,17.11,1774276940000,17.18,17.14,63256,54252.0,1774276980000,17.11,17.11,8066,4641.0,17.21,17.23,17.08,17.11,1774276555000,17.21,17.21,40447,38198.5,1774276675000,17.09,17.09,3231,0.0,157
1774276985000,1774276985000,17.13,17.18,17.1,17.12,1774276940000,17.18,17.14,63256,54252.0,1774276980000,17.11,17.11,8066,0.0,17.21,17.23,17.08,17.12,1774276555000,17.21,17.21,40447,38198.5,1774276675000,17.09,17.09,3231,0.0,158
1774276990000,1774276990000,17.13,17.18,17.1,17.11,1774276940000,17.18,17.14,63256,54252.0,1774276990000,17.12,17.11,14100,7820.0,17.21,17.23,17.08,17.11,1774276555000,17.21,17.21,40447,38198.5,1774276675000,17.09,17.09,3231,0.0,159
1774276995000,1774276995000,17.14,17.18,17.1,17.12,1774276940000,17.18,17.14,63256,54252.0,1774276995000,17.11,17.12,24865,17815.0,17.21,17.23,17.08,17.12,1774276555000,17.21,17.21,40447,38198.5,1774276675000,17.09,17.09,3231,0.0,160
1774277000000,1774277000000,17.14,17.18,17.1,17.12,1774276940000,17.18,17.14,63256,54252.0,1774276995000,17.11,17.12,24865,15641.0,17.2,17.23,17.08,17.12,1774276555000,17.21,17.21,40447,38198.5,1774276675000,17.09,17.09,3231,0.0,161
1774277005000,1774277005000,17.11,17.18,17.1,17.13,1774276940000,17.18,17.14,63256,54252.0,1774276995000,17.11,17.12,24865,15641.0,17.2,17.23,17.08,17.13,1774276555000,17.21,17.21,40447,38198.5,1774276675000,17.09,17.09,3231,0.0,162
1774277010000,1774277010000,17.12,17.18,17.1,17.14,1774276940000,17.18,17.14,63256,54252.0,1774276995000,17.11,17.12,24865,15641.0,17.21,17.23,17.08,17.14,1774276555000,17.21,17.21,40447,38198.5,1774276675000,17.09,17.09,3231,0.0,163
1774277015000,1774277015000,17.17,17.18,17.1,17.16,1774276940000,17.18,17.14,63256,54252.0,1774276995000,17.11,17.12,24865,15641.0,17.21,17.23,17.08,17.16,1774276555000,17.21,17.21,40447,38198.5,1774276675000,17.09,17.09,3231,0.0,164
1774277020000,1774277020000,17.17,17.18,17.1,17.16,1774276940000,17.18,17.14,63256,54252.0,1774276995000,17.11,17.12,24865,15641.0,17.21,17.23,17.08,17.16,1774276555000,17.21,17.21,40447,38198.5,1774276675000,17.09,17.09,3231,0.0,165
1774277025000,1774277025000,17.17,17.18,17.1,17.16,1774277025000,17.16,17.16,11281,9161.5,1774276995000,17.11,17.12,24865,15641.0,17.21,17.23,17.08,17.16,1774276555000,17.21,17.21,40447,38198.5,1774276675000,17.09,17.09,3231,0.0,166
1774277030000,1774277030000,17.17,17.18,17.1,17.17,1774277025000,17.16,17.16,11281,7971.5,1774276995000,17.11,17.12,24865,15641.0,17.21,17.23,17.08,17.17,1774276555000,17.21,17.21,40447,38198.5,1774276675000,17.09,17.09,3231,0.0,167
1774277035000,1774277035000,17.17,17.18,17.1,17.16,1774277025000,17.16,17.16,11281,7971.5,1774276995000,17.11,17.12,24865,15641.0,17.21,17.23,17.08,17.16,1774276555000,17.21,17.21,40447,38198.5,1774276675000,17.09,17.09,3231,0.0,168
1774277040000,1774277040000,17.17,17.18,17.1,17.16,1774277025000,17.16,17.16,11281,7971.5,1774276995000,17.11,17.12,24865,15641.0,17.21,17.23,17.08,17.16,1774276555000,17.21,17.21,40447,38198.5,1774276675000,17.09,17.09,3231,0.0,169
1774277045000,1774277045000,17.17,17.18,17.1,17.16,1774277025000,17.16,17.16,11281,7971.5,1774276995000,17.11,17.12,24865,15641.0,17.21,17.23,17.08,17.16,1774276555000,17.21,17.21,40447,38198.5,1774276675000,17.09,17.09,3231,0.0,170
1774277050000,1774277050000,17.17,17.18,17.1,17.14,1774277025000,17.16,17.16,11281,7971.5,1774276995000,17.11,17.12,24865,15641.0,17.21,17.23,17.08,17.14,1774276555000,17.21,17.21,40447,38198.5,1774276675000,17.09,17.09,3231,0.0,171
1774277055000,1774277055000,17.17,17.18,17.1,17.16,1774277025000,17.16,17.16,11281,7971.5,1774276995000,17.11,17.12,24865,15641.0,17.21,17.23,17.08,17.16,1774276555000,17.21,17.21,40447,38198.5,1774276675000,17.09,17.09,3231,0.0,172
1774277060000,1774277060000,17.16,17.18,17.1,17.16,1774277025000,17.16,17.16,11281,7971.5,1774276995000,17.11,17.12,24865,15641.0,17.21,17.21,17.08,17.16,1774276570000,17.21,17.18,23562,15886.0,1774276675000,17.09,17.09,3231,0.0,173
1774277065000,1774277065000,17.16,17.18,17.1,17.16,1774277025000,17.16,17.16,11281,7971.5,1774276995000,17.11,17.12,24865,15641.0,17.21,17.21,17.08,17.16,1774276570000,17.21,17.18,23562,15886.0,1774276675000,17.09,17.09,3231,0.0,174
1774277070000,1774277070000,17.14,17.18,17.1,17.17,1774277025000,17.16,17.16,11281,7971.5,1774276995000,17.11,17.12,24865,15641.0,17.21,17.21,17.08,17.17,1774276570000,17.21,17.18,23562,15886.0,1774276675000,17.09,17.09,3231,0.0,175
1774277075000,1774277075000,17.14,17.18,17.1,17.16,1774277025000,17.16,17.16,11281,7971.5,1774276995000,17.11,17.12,24865,15641.0,17.21,17.21,17.08,17.16,1774276570000,17.21,17.18,23562,15886.0,1774276675000,17.09,17.09,3231,0.0,176
1774277080000,1774277080000,17.14,17.18,17.1,17.15,1774277025000,17.16,17.16,11281,7971.5,1774276995000,17.11,17.12,24865,15641.0,17.21,17.21,17.08,17.15,1774276570000,17.21,17.18,23562,15886.0,1774276675000,17.09,17.09,3231,0.0,177
1774277085000,1774277085000,17.14,17.18,17.1,17.15,1774277025000,17.16,17.16,11281,7971.5,1774276995000,17.11,17.12,24865,15641.0,17.16,17.18,17.08,17.15,1774277025000,17.16,17.16,11281,7971.5,1774276675000,17.09,17.09,3231,0.0,178
1774277090000,1774277090000,17.16,17.18,17.1,17.14,1774277025000,17.16,17.16,11281,7971.5,1774276995000,17.11,17.12,24865,15641.0,17.16,17.18,17.08,17.14,1774277025000,17.16,17.16,11281,7971.5,1774276675000,17.09,17.09,3231,0.0,179
1774277095000,1774277095000,17.16,17.18,17.1,17.15,1774277025000,17.16,17.16,11281,7971.5,1774276995000,17.11,17.12,24865,15641.0,17.16,17.18,17.08,17.15,1774277025000,17.16,17.16,11281,7971.5,1774276675000,17.09,17.09,3231,0.0,180
1774277100000,1774277100000,17.16,17.18,17.1,17.14,1774277025000,17.16,17.16,11281,7971.5,1774276995000,17.11,17.12,24865,15641.0,17.16,17.18,17.08,17.14,1774277025000,17.16,17.16,11281,7971.5,1774276675000,17.09,17.09,3231,0.0,181
1774277105000,1774277105000,17.16,17.18,17.1,17.14,1774277025000,17.16,17.16,11281,7971.5,1774276995000,17.11,17.12,24865,15641.0,17.16,17.18,17.08,17.14,1774277025000,17.16,17.16,11281,7971.5,1774276675000,17.09,17.09,3231,0.0,182
1774277110000,1774277110000,17.16,17.18,17.1,17.14,1774277025000,17.16,17.16,11281,7971.5,1774276995000,17.11,17.12,24865,15641.0,17.16,17.18,17.08,17.14,1774277025000,17.16,17.16,11281,7971.5,1774276675000,17.09,17.09,3231,0.0,183
1774277115000,1774277115000,17.16,17.18,17.1,17.14,1774277025000,17.16,17.16,11281,7971.5,1774276995000,17.11,17.12,24865,15641.0,17.16,17.18,17.08,17.14,1774277025000,17.16,17.16,11281,7971.5,1774276675000,17.09,17.09,3231,0.0,184
1774277120000,1774277120000,17.16,17.18,17.1,17.12,1774277025000,17.16,17.16,11281,7971.5,1774276995000,17.11,17.12,24865,15641.0,17.13,17.18,17.08,17.12,1774277025000,17.16,17.16,11281,7971.5,1774276675000,17.09,17.09,3231,0.0,185
1774277125000,1774277125000,17.16,17.18,17.1,17.12,1774277025000,17.16,17.16,11281,7971.5,1774276995000,17.11,17.12,24865,15641.0,17.13,17.18,17.08,17.12,1774277025000,17.16,17.16,11281,7971.5,1774276675000,17.09,17.09,3231,0.0,186
1774277130000,1774277130000,17.16,17.18,17.1,17.13,1774277025000,17.16,17.16,11281,7971.5,1774276995000,17.11,17.12,24865,15641.0,17.13,17.18,17.08,17.13,1774277025000,17.16,17.16,11281,7971.5,1774276675000,17.09,17.09,3231,0.0,187
1774277135000,1774277135000,17.18,17.18,17.1,17.11,1774277025000,17.16,17.16,11281,7971.5,1774277135000,17.12,17.11,15169,13107.5,17.14,17.18,17.08,17.11,1774277025000,17.16,17.16,11281,7971.5,1774276675000,17.09,17.09,3231,0.0,188
1774277140000,1774277140000,17.18,17.18,17.1,17.12,1774277025000,17.16,17.16,11281,7971.5,1774277140000,17.11,17.12,12361,4776.5,17.14,17.18,17.08,17.12,1774277025000,17.16,17.16,11281,7971.5,1774276675000,17.09,17.09,3231,0.0,189
1774277145000,1774277145000,17.18,17.18,17.1,17.13,1774277025000,17.16,17.16,11281,7971.5,1774277140000,17.11,17.12,12361,0.0,17.13,17.18,17.08,17.13,1774277025000,17.16,17.16,11281,7971.5,1774276675000,17.09,17.09,3231,0.0,190
1774277150000,1774277150000,17.18,17.18,17.1,17.12,1774277025000,17.16,17.16,11281,7971.5,1774277140000,17.11,17.12,12361,0.0,17.14,17.18,17.08,17.12,1774277025000,17.16,17.16,11281,7971.5,1774276675000,17.09,17.09,3231,0.0,191
1774277155000,1774277155000,17.18,17.18,17.1,17.13,1774277025000,17.16,17.16,11281,7971.5,1774277140000,17.11,17.12,12361,0.0,17.14,17.18,17.08,17.13,1774277025000,17.16,17.16,11281,7971.5,1774276675000,17.09,17.09,3231,0.0,192
1774277160000,1774277160000,17.14,17.18,17.1,17.12,1774277025000,17.16,17.16,11281,7971.5,1774277140000,17.11,17.12,12361,0.0,17.14,17.18,17.08,17.12,1774277025000,17.16,17.16,11281,7971.5,1774276675000,17.09,17.09,3231,0.0,193
1774277165000,1774277165000,17.14,17.18,17.1,17.13,1774277025000,17.16,17.16,11281,7971.5,1774277140000,17.11,17.12,12361,0.0,17.13,17.18,17.08,17.13,1774277025000,17.16,17.16,11281,7971.5,1774276675000,17.09,17.09,3231,0.0,194
1774277170000,1774277170000,17.13,17.18,17.1,17.13,1774277025000,17.16,17.16,11281,7971.5,1774277140000,17.11,17.12,12361,0.0,17.13,17.18,17.08,17.13,1774277025000,17.16,17.16,11281,7971.5,1774276675000,17.09,17.09,3231,0.0,195
1774277175000,1774277175000,17.13,17.18,17.1,17.13,1774277025000,17.16,17.16,11281,7971.5,1774277140000,17.11,17.12,12361,0.0,17.13,17.18,17.08,17.13,1774277025000,17.16,17.16,11281,7971.5,1774276675000,17.09,17.09,3231,0.0,196
1774277180000,1774277180000,17.13,17.18,17.1,17.13,1774277025000,17.16,17.16,11281,7971.5,1774277140000,17.11,17.12,12361,0.0,17.13,17.18,17.08,17.13,1774277025000,17.16,17.16,11281,7971.5,1774276675000,17.09,17.09,3231,0.0,197
1774277185000,1774277185000,17.12,17.18,17.1,17.14,1774277025000,17.16,17.16,11281,7971.5,1774277140000,17.11,17.12,12361,0.0,17.12,17.18,17.08,17.14,1774277025000,17.16,17.16,11281,7971.5,1774276675000,17.09,17.09,3231,0.0,198
1774277190000,1774277190000,17.12,17.18,17.1,17.14,1774277025000,17.16,17.16,11281,7971.5,1774277140000,17.11,17.12,12361,0.0,17.12,17.18,17.08,17.14,1774277025000,17.16,17.16,11281,7971.5,1774276675000,17.09,17.09,3231,0.0,199
1774277195000,1774277195000,17.11,17.18,17.1,17.16,1774277025000,17.16,17.16,11281,7971.5,1774277140000,17.11,17.12,12361,0.0,17.11,17.18,17.08,17.16,1774277025000,17.16,17.16,11281,7971.5,1774276675000,17.09,17.09,3231,0.0,200
1774277200000,1774277200000,17.11,17.18,17.1,17.18,1774277200000,17.16,17.18,15804,0.0,1774277140000,17.11,17.12,12361,0.0,17.11,17.18,17.08,17.18,1774277200000,17.16,17.18,15804,0.0,1774276675000,17.09,17.09,3231,0.0,201
1774277205000,1774277205000,17.1,17.19,17.1,17.19,1774277205000,17.18,17.19,24003,16101.0,1774277140000,17.11,17.12,12361,0.0,17.1,17.19,17.09,17.19,1774277205000,17.18,17.19,24003,16101.0,1774276700000,17.09,17.11,4092,0.0,202
1774277210000,1774277210000,17.12,17.21,17.1,17.2,1774277210000,17.2,17.2,35830,23828.5,1774277140000,17.11,17.12,12361,0.0,17.13,17.21,17.1,17.2,1774277210000,17.2,17.2,35830,23828.5,1774277140000,17.11,17.12,12361,0.0,203
1774277215000,1774277215000,17.12,17.21,17.1,17.2,1774277210000,17.2,17.2,35830,21332.5,1774277140000,17.11,17.12,12361,0.0,17.13,17.21,17.1,17.2,1774277210000,17.2,17.2,35830,21332.5,1774277140000,17.11,17.12,12361,0.0,204
1774277220000,1774277220000,17.11,17.23,17.1,17.22,1774277220000,17.2,17.22,33028,30532.0,1774277140000,17.11,17.12,12361,0.0,17.14,17.23,17.1,17.22,1774277220000,17.2,17.22,33028,30532.0,1774277140000,17.11,17.12,12361,0.0,205
1774277225000,1774277225000,17.14,17.23,17.1,17.22,1774277220000,17.2,17.22,33028,15779.5,1774277140000,17.11,17.12,12361,0.0,17.12,17.23,17.1,17.22,1774277220000,17.2,17.22,33028,15779.5,1774277140000,17.11,17.12,12361,0.0,206
1774277230000,1774277230000,17.15,17.23,17.1,17.23,1774277230000,17.23,17.23,7126,0.0,1774277140000,17.11,17.12,12361,0.0,17.12,17.23,17.1,17.23,1774277230000,17.23,17.23,7126,0.0,1774277140000,17.11,17.12,12361,0.0,207
1774277235000,1774277235000,17.15,17.23,17.1,17.21,1774277235000,17.23,17.21,15302,11739.0,1774277140000,17.11,17.12,12361,0.0,17.13,17.23,17.1,17.21,1774277235000,17.23,17.21,15302,11739.0,1774277140000,17.11,17.12,12361,0.0,208
1774277240000,1774277240000,17.15,17.23,17.1,17.21,1774277235000,17.23,17.21,15302,5493.5,1774277140000,17.11,17.12,12361,0.0,17.14,17.23,17.1,17.21,1774277235000,17.23,17.21,15302,5493.5,1774277140000,17.11,17.12,12361,0.0,209
1774277245000,1774277245000,17.15,17.23,17.1,17.21,1774277235000,17.23,17.21,15302,5493.5,1774277140000,17.11,17.12,12361,0.0,17.14,17.23,17.1,17.21,1774277235000,17.23,17.21,15302,5493.5,1774277140000,17.11,17.12,12361,0.0,210
1774277250000,1774277250000,17.15,17.23,17.1,17.2,1774277235000,17.23,17.21,15302,5493.5,1774277140000,17.11,17.12,12361,0.0,17.14,17.23,17.1,17.2,1774277235000,17.23,17.21,15302,5493.5,1774277140000,17.11,17.12,12361,0.0,211
1774277255000,1774277255000,17.15,17.23,17.1,17.21,1774277235000,17.23,17.21,15302,5493.5,1774277140000,17.11,17.12,12361,0.0,17.14,17.23,17.1,17.21,1774277235000,17.23,17.21,15302,5493.5,1774277140000,17.11,17.12,12361,0.0,212
1774277260000,1774277260000,17.15,17.23,17.1,17.21,1774277235000,17.23,17.21,15302,5493.5,1774277140000,17.11,17.12,12361,0.0,17.15,17.23,17.1,17.21,1774277235000,17.23,17.21,15302,5493.5,1774277140000,17.11,17.12,12361,0.0,213
1774277265000,1774277265000,17.15,17.23,17.1,17.2,1774277235000,17.23,17.21,15302,5493.5,1774277140000,17.11,17.12,12361,0.0,17.16,17.23,17.1,17.2,1774277235000,17.23,17.21,15302,5493.5,1774277140000,17.11,17.12,12361,0.0,214
1774277270000,1774277270000,17.15,17.23,17.1,17.21,1774277235000,17.23,17.21,15302,5493.5,1774277140000,17.11,17.12,12361,0.0,17.16,17.23,17.1,17.21,1774277235000,17.23,17.21,15302,5493.5,1774277140000,17.11,17.12,12361,0.0,215
1774277275000,1774277275000,17.15,17.23,17.1,17.21,1774277235000,17.23,17.21,15302,5493.5,1774277140000,17.11,17.12,12361,0.0,17.16,17.23,17.1,17.21,1774277235000,17.23,17.21,15302,5493.5,1774277140000,17.11,17.12,12361,0.0,216
1774277280000,1774277280000,17.15,17.23,17.1,17.19,1774277235000,17.23,17.21,15302,5493.5,1774277140000,17.11,17.12,12361,0.0,17.16,17.23,17.1,17.19,1774277235000,17.23,17.21,15302,5493.5,1774277140000,17.11,17.12,12361,0.0,217
1774277285000,1774277285000,17.15,17.23,17.1,17.19,1774277235000,17.23,17.21,15302,5493.5,1774277140000,17.11,17.12,12361,0.0,17.16,17.23,17.1,17.19,1774277235000,17.23,17.21,15302,5493.5,1774277140000,17.11,17.12,12361,0.0,218
1774277290000,1774277290000,17.15,17.23,17.1,17.19,1774277235000,17.23,17.21,15302,5493.5,1774277140000,17.11,17.12,12361,0.0,17.16,17.23,17.1,17.19,1774277235000,17.23,17.21,15302,5493.5,1774277140000,17.11,17.12,12361,0.0,219
1774277295000,1774277295000,17.15,17.23,17.1,17.19,1774277235000,17.23,17.21,15302,5493.5,1774277140000,17.11,17.12,12361,0.0,17.18,17.23,17.1,17.19,1774277235000,17.23,17.21,15302,5493.5,1774277140000,17.11,17.12,12361,0.0,220
1774277300000,1774277300000,17.15,17.23,17.1,17.19,1774277235000,17.23,17.21,15302,5493.5,1774277140000,17.11,17.12,12361,0.0,17.18,17.23,17.1,17.19,1774277235000,17.23,17.21,15302,5493.5,1774277140000,17.11,17.12,12361,0.0,221
1774277305000,1774277305000,17.15,17.23,17.1,17.19,1774277235000,17.23,17.21,15302,5493.5,1774277140000,17.11,17.12,12361,0.0,17.18,17.23,17.1,17.19,1774277235000,17.23,17.21,15302,5493.5,1774277140000,17.11,17.12,12361,0.0,222
1774277310000,1774277310000,17.15,17.23,17.1,17.19,1774277235000,17.23,17.21,15302,5493.5,1774277140000,17.11,17.12,12361,0.0,17.18,17.23,17.1,17.19,1774277235000,17.23,17.21,15302,5493.5,1774277140000,17.11,17.12,12361,0.0,223
1774277315000,1774277315000,17.15,17.23,17.1,17.18,1774277235000,17.23,17.21,15302,5493.5,1774277140000,17.11,17.12,12361,0.0,17.18,17.23,17.1,17.18,1774277235000,17.23,17.21,15302,5493.5,1774277140000,17.11,17.12,12361,0.0,224
1774277320000,1774277320000,17.15,17.23,17.1,17.19,1774277235000,17.23,17.21,15302,5493.5,1774277140000,17.11,17.12,12361,0.0,17.18,17.23,17.1,17.19,1774277235000,17.23,17.21,15302,5493.5,1774277140000,17.11,17.12,12361,0.0,225
1774277325000,1774277325000,17.15,17.23,17.1,17.16,1774277235000,17.23,17.21,15302,5493.5,1774277140000,17.11,17.12,12361,0.0,17.17,17.23,17.1,17.16,1774277235000,17.23,17.21,15302,5493.5,1774277140000,17.11,17.12,12361,0.0,226
1774277330000,1774277330000,17.15,17.23,17.1,17.16,1774277235000,17.23,17.21,15302,5493.5,1774277140000,17.11,17.12,12361,0.0,17.18,17.23,17.1,17.16,1774277235000,17.23,17.21,15302,5493.5,1774277140000,17.11,17.12,12361,0.0,227
1774277335000,1774277335000,17.16,17.23,17.1,17.16,1774277235000,17.23,17.21,15302,5493.5,1774277140000,17.11,17.12,12361,0.0,17.17,17.23,17.1,17.16,1774277235000,17.23,17.21,15302,5493.5,1774277140000,17.11,17.12,12361,0.0,228
1774277340000,1774277340000,17.16,17.23,17.1,17.16,1774277235000,17.23,17.21,15302,5493.5,1774277140000,17.11,17.12,12361,0.0,17.17,17.23,17.1,17.16,1774277235000,17.23,17.21,15302,5493.5,1774277140000,17.11,17.12,12361,0.0,229
1774277345000,1774277345000,17.16,17.23,17.1,17.14,1774277235000,17.23,17.21,15302,5493.5,1774277140000,17.11,17.12,12361,0.0,17.17,17.23,17.1,17.14,1774277235000,17.23,17.21,15302,5493.5,1774277140000,17.11,17.12,12361,0.0,230
1774277350000,1774277350000,17.16,17.23,17.1,17.14,1774277235000,17.23,17.21,15302,5493.5,1774277140000,17.11,17.12,12361,0.0,17.17,17.23,17.1,17.14,1774277235000,17.23,17.21,15302,5493.5,1774277140000,17.11,17.12,12361,0.0,231
1774277355000,1774277355000,17.16,17.23,17.1,17.14,1774277235000,17.23,17.21,15302,5493.5,1774277140000,17.11,17.12,12361,0.0,17.17,17.23,17.1,17.14,1774277235000,17.23,17.21,15302,5493.5,1774277140000,17.11,17.12,12361,0.0,232
1774277360000,1774277360000,17.14,17.23,17.1,17.15,1774277235000,17.23,17.21,15302,5493.5,1774277140000,17.11,17.12,12361,0.0,17.17,17.23,17.1,17.15,1774277235000,17.23,17.21,15302,5493.5,1774277140000,17.11,17.12,12361,0.0,233
1774277365000,1774277365000,17.16,17.23,17.1,17.16,1774277235000,17.23,17.21,15302,5493.5,1774277140000,17.11,17.12,12361,0.0,17.16,17.23,17.1,17.16,1774277235000,17.23,17.21,15302,5493.5,1774277140000,17.11,17.12,12361,0.0,234
1774277370000,1774277370000,17.16,17.23,17.1,17.14,1774277235000,17.23,17.21,15302,5493.5,1774277140000,17.11,17.12,12361,0.0,17.16,17.23,17.1,17.14,1774277235000,17.23,17.21,15302,5493.5,1774277140000,17.11,17.12,12361,0.0,235
1774277375000,1774277375000,17.16,17.23,17.1,17.14,1774277235000,17.23,17.21,15302,5493.5,1774277140000,17.11,17.12,12361,0.0,17.16,17.23,17.1,17.14,1774277235000,17.23,17.21,15302,5493.5,1774277140000,17.11,17.12,12361,0.0,236
1774277380000,1774277380000,17.17,17.23,17.1,17.14,1774277235000,17.23,17.21,15302,5493.5,1774277140000,17.11,17.12,12361,0.0,17.14,17.23,17.1,17.14,1774277235000,17.23,17.21,15302,5493.5,1774277140000,17.11,17.12,12361,0.0,237
1774277385000,1774277385000,17.15,17.23,17.1,17.15,1774277235000,17.23,17.21,15302,5493.5,1774277140000,17.11,17.12,12361,0.0,17.14,17.23,17.1,17.15,1774277235000,17.23,17.21,15302,5493.5,1774277140000,17.11,17.12,12361,0.0,238
1774277390000,1774277390000,17.14,17.23,17.1,17.15,1774277235000,17.23,17.21,15302,5493.5,1774277140000,17.11,17.12,12361,0.0,17.16,17.23,17.1,17.15,1774277235000,17.23,17.21,15302,5493.5,1774277140000,17.11,17.12,12361,0.0,239
1774277395000,1774277395000,17.14,17.23,17.1,17.16,1774277235000,17.23,17.21,15302,5493.5,1774277140000,17.11,17.12,12361,0.0,17.15,17.23,17.1,17.16,1774277235000,17.23,17.21,15302,5493.5,1774277140000,17.11,17.12,12361,0.0,240
1774277400000,1774277400000,17.14,17.23,17.1,17.16,1774277235000,17.23,17.21,15302,5493.5,1774277140000,17.11,17.12,12361,0.0,17.16,17.23,17.1,17.16,1774277235000,17.23,17.21,15302,5493.5,1774277140000,17.11,17.12,12361,0.0,241
1774277405000,1774277405000,17.14,17.23,17.1,17.14,1774277235000,17.23,17.21,15302,5493.5,1774277140000,17.11,17.12,12361,0.0,17.17,17.23,17.1,17.14,1774277235000,17.23,17.21,15302,5493.5,1774277140000,17.11,17.12,12361,0.0,242
1774277410000,1774277410000,17.14,17.23,17.1,17.14,1774277235000,17.23,17.21,15302,5493.5,1774277140000,17.11,17.12,12361,0.0,17.16,17.23,17.1,17.14,1774277235000,17.23,17.21,15302,5493.5,1774277140000,17.11,17.12,12361,0.0,243
1774277415000,1774277415000,17.14,17.23,17.1,17.14,1774277235000,17.23,17.21,15302,5493.5,1774277140000,17.11,17.12,12361,0.0,17.16,17.23,17.1,17.14,1774277235000,17.23,17.21,15302,5493.5,1774277140000,17.11,17.12,12361,0.0,244
1774277420000,1774277420000,17.14,17.23,17.1,17.14,1774277235000,17.23,17.21,15302,5493.5,1774277140000,17.11,17.12,12361,0.0,17.16,17.23,17.1,17.14,1774277235000,17.23,17.21,15302,5493.5,1774277140000,17.11,17.12,12361,0.0,245
1774277425000,1774277425000,17.14,17.23,17.1,17.14,1774277235000,17.23,17.21,15302,5493.5,1774277140000,17.11,17.12,12361,0.0,17.16,17.23,17.1,17.14,1774277235000,17.23,17.21,15302,5493.5,1774277140000,17.11,17.12,12361,0.0,246
1774277430000,1774277430000,17.14,17.23,17.1,17.13,1774277235000,17.23,17.21,15302,5493.5,1774277140000,17.11,17.12,12361,0.0,17.16,17.23,17.1,17.13,1774277235000,17.23,17.21,15302,5493.5,1774277140000,17.11,17.12,12361,0.0,247
1774277435000,1774277435000,17.14,17.23,17.1,17.13,1774277235000,17.23,17.21,15302,5493.5,1774277140000,17.11,17.12,12361,0.0,17.16,17.23,17.1,17.13,1774277235000,17.23,17.21,15302,5493.5,1774277140000,17.11,17.12,12361,0.0,248
1774277440000,1774277440000,17.14,17.23,17.1,17.12,1774277235000,17.23,17.21,15302,5493.5,1774277140000,17.11,17.12,12361,0.0,17.16,17.23,17.1,17.12,1774277235000,17.23,17.21,15302,5493.5,1774277140000,17.11,17.12,12361,0.0,249
1774277445000,1774277445000,17.14,17.23,17.1,17.13,1774277235000,17.23,17.21,15302,5493.5,1774277140000,17.11,17.12,12361,0.0,17.16,17.23,17.1,17.13,1774277235000,17.23,17.21,15302,5493.5,1774277140000,17.11,17.12,12361,0.0,250
1774277450000,1774277450000,17.14,17.23,17.1,17.11,1774277235000,17.23,17.21,15302,5493.5,1774277140000,17.11,17.12,12361,0.0,17.16,17.23,17.1,17.11,1774277235000,17.23,17.21,15302,5493.5,1774277140000,17.11,17.12,12361,0.0,251
1774277455000,1774277455000,17.14,17.23,17.1,17.12,1774277235000,17.23,17.21,15302,5493.5,1774277140000,17.11,17.12,12361,0.0,17.16,17.23,17.1,17.12,1774277235000,17.23,17.21,15302,5493.5,1774277140000,17.11,17.12,12361,0.0,252
1774277460000,1774277460000,17.14,17.23,17.1,17.13,1774277235000,17.23,17.21,15302,5493.5,1774277140000,17.11,17.12,12361,0.0,17.16,17.23,17.1,17.13,1774277235000,17.23,17.21,15302,5493.5,1774277140000,17.11,17.12,12361,0.0,253
1774277465000,1774277465000,17.14,17.23,17.1,17.12,1774277235000,17.23,17.21,15302,5493.5,1774277140000,17.11,17.12,12361,0.0,17.16,17.23,17.1,17.12,1774277235000,17.23,17.21,15302,5493.5,1774277140000,17.11,17.12,12361,0.0,254
1774277470000,1774277470000,17.14,17.23,17.1,17.11,1774277235000,17.23,17.21,15302,5493.5,1774277140000,17.11,17.12,12361,0.0,17.16,17.23,17.1,17.11,1774277235000,17.23,17.21,15302,5493.5,1774277140000,17.11,17.12,12361,0.0,255
1774277475000,1774277475000,17.14,17.23,17.1,17.13,1774277235000,17.23,17.21,15302,5493.5,1774277140000,17.11,17.12,12361,0.0,17.16,17.23,17.1,17.13,1774277235000,17.23,17.21,15302,5493.5,1774277140000,17.11,17.12,12361,0.0,256
1774277480000,1774277480000,17.13,17.23,17.1,17.12,1774277235000,17.23,17.21,15302,5493.5,1774277140000,17.11,17.12,12361,0.0,17.16,17.23,17.1,17.12,1774277235000,17.23,17.21,15302,5493.5,1774277140000,17.11,17.12,12361,0.0,257
1774277485000,1774277485000,17.13,17.23,17.1,17.12,1774277235000,17.23,17.21,15302,5493.5,1774277140000,17.11,17.12,12361,0.0,17.16,17.23,17.1,17.12,1774277235000,17.23,17.21,15302,5493.5,1774277140000,17.11,17.12,12361,0.0,258
1774277490000,1774277490000,17.13,17.23,17.1,17.13,1774277235000,17.23,17.21,15302,5493.5,1774277140000,17.11,17.12,12361,0.0,17.16,17.23,17.1,17.13,1774277235000,17.23,17.21,15302,5493.5,1774277140000,17.11,17.12,12361,0.0,259
1774277495000,1774277495000,17.13,17.23,17.1,17.14,1774277235000,17.23,17.21,15302,5493.5,1774277140000,17.11,17.12,12361,0.0,17.16,17.23,17.1,17.14,1774277235000,17.23,17.21,15302,5493.5,1774277140000,17.11,17.12,12361,0.0,260
1774277500000,1774277500000,17.13,17.23,17.1,17.14,1774277235000,17.23,17.21,15302,5493.5,1774277140000,17.11,17.12,12361,0.0,17.16,17.23,17.1,17.14,1774277235000,17.23,17.21,15302,5493.5,1774277140000,17.11,17.12,12361,0.0,261
1774277505000,1774277505000,17.13,17.23,17.1,17.14,1774277235000,17.23,17.21,15302,5493.5,1774277140000,17.11,17.12,12361,0.0,17.16,17.23,17.1,17.14,1774277235000,17.23,17.21,15302,5493.5,1774277140000,17.11,17.12,12361,0.0,262
1774277510000,1774277510000,17.12,17.23,17.1,17.13,1774277235000,17.23,17.21,15302,5493.5,1774277140000,17.11,17.12,12361,0.0,17.16,17.23,17.1,17.13,1774277235000,17.23,17.21,15302,5493.5,1774277140000,17.11,17.12,12361,0.0,263
1774277515000,1774277515000,17.12,17.23,17.1,17.13,1774277235000,17.23,17.21,15302,5493.5,1774277140000,17.11,17.12,12361,0.0,17.16,17.23,17.1,17.13,1774277235000,17.23,17.21,15302,5493.5,1774277140000,17.11,17.12,12361,0.0,264
1774277520000,1774277520000,17.11,17.23,17.1,17.12,1774277235000,17.23,17.21,15302,5493.5,1774277140000,17.11,17.12,12361,0.0,17.18,17.23,17.1,17.12,1774277235000,17.23,17.21,15302,5493.5,1774277140000,17.11,17.12,12361,0.0,265
1774277525000,1774277525000,17.12,17.23,17.11,17.12,1774277235000,17.23,17.21,15302,5493.5,1774277525000,17.12,17.12,7840,0.0,17.18,17.23,17.1,17.12,1774277235000,17.23,17.21,15302,5493.5,1774277140000,17.11,17.12,12361,0.0,266
1774277530000,1774277530000,17.12,17.23,17.11,17.12,1774277235000,17.23,17.21,15302,5493.5,1774277530000,17.12,17.12,1515,0.0,17.18,17.23,17.1,17.12,1774277235000,17.23,17.21,15302,5493.5,1774277140000,17.11,17.12,12361,0.0,267
1774277535000,1774277535000,17.12,17.23,17.11,17.13,1774277235000,17.23,17.21,15302,5493.5,1774277530000,17.12,17.12,1515,0.0,17.18,17.23,17.1,17.13,1774277235000,17.23,17.21,15302,5493.5,1774277140000,17.11,17.12,12361,0.0,268
1774277540000,1774277540000,17.12,17.23,17.11,17.13,1774277235000,17.23,17.21,15302,5493.5,1774277530000,17.12,17.12,1515,0.0,17.14,17.23,17.1,17.13,1774277235000,17.23,17.21,15302,5493.5,1774277140000,17.11,17.12,12361,0.0,269
1774277545000,1774277545000,17.12,17.23,17.11,17.13,1774277235000,17.23,17.21,15302,5493.5,1774277530000,17.12,17.12,1515,0.0,17.14,17.23,17.1,17.13,1774277235000,17.23,17.21,15302,5493.5,1774277140000,17.11,17.12,12361,0.0,270
1774277550000,1774277550000,17.13,17.23,17.11,17.14,1774277235000,17.23,17.21,15302,5493.5,1774277530000,17.12,17.12,1515,0.0,17.13,17.23,17.1,17.14,1774277235000,17.23,17.21,15302,5493.5,1774277140000,17.11,17.12,12361,0.0,271
1774277555000,1774277555000,17.13,17.23,17.11,17.14,1774277235000,17.23,17.21,15302,5493.5,1774277530000,17.12,17.12,1515,0.0,17.12,17.23,17.1,17.14,1774277235000,17.23,17.21,15302,5493.5,1774277140000,17.11,17.12,12361,0.0,272
1774277560000,1774277560000,17.14,17.23,17.11,17.14,1774277235000,17.23,17.21,15302,5493.5,1774277530000,17.12,17.12,1515,0.0,17.12,17.23,17.1,17.14,1774277235000,17.23,17.21,15302,5493.5,1774277140000,17.11,17.12,12361,0.0,273
1774277565000,1774277565000,17.14,17.23,17.11,17.15,1774277235000,17.23,17.21,15302,5493.5,1774277530000,17.12,17.12,1515,0.0,17.12,17.23,17.1,17.15,1774277235000,17.23,17.21,15302,5493.5,1774277140000,17.11,17.12,12361,0.0,274
1774277570000,1774277570000,17.14,17.23,17.11,17.14,1774277235000,17.23,17.21,15302,5493.5,1774277530000,17.12,17.12,1515,0.0,17.12,17.23,17.1,17.14,1774277235000,17.23,17.21,15302,5493.5,1774277140000,17.11,17.12,12361,0.0,275
1774277575000,1774277575000,17.14,17.23,17.11,17.16,1774277235000,17.23,17.21,15302,5493.5,1774277530000,17.12,17.12,1515,0.0,17.12,17.23,17.1,17.16,1774277235000,17.23,17.21,15302,5493.5,1774277140000,17.11,17.12,12361,0.0,276
1774277580000,1774277580000,17.16,17.23,17.11,17.18,1774277235000,17.23,17.21,15302,5493.5,1774277530000,17.12,17.12,1515,0.0,17.11,17.23,17.1,17.18,1774277235000,17.23,17.21,15302,5493.5,1774277140000,17.11,17.12,12361,0.0,277
1774277585000,1774277585000,17.18,17.23,17.11,17.19,1774277235000,17.23,17.21,15302,5493.5,1774277530000,17.12,17.12,1515,0.0,17.1,17.23,17.1,17.19,1774277235000,17.23,17.21,15302,5493.5,1774277140000,17.11,17.12,12361,0.0,278
1774277590000,1774277590000,17.18,17.23,17.11,17.19,1774277235000,17.23,17.21,15302,5493.5,1774277530000,17.12,17.12,1515,0.0,17.1,17.23,17.1,17.19,1774277235000,17.23,17.21,15302,5493.5,1774277140000,17.11,17.12,12361,0.0,279
1774277595000,1774277595000,17.2,17.23,17.11,17.19,1774277235000,17.23,17.21,15302,5493.5,1774277530000,17.12,17.12,1515,0.0,17.12,17.23,17.1,17.19,1774277235000,17.23,17.21,15302,5493.5,1774277140000,17.11,17.12,12361,0.0,280
1774277600000,1774277600000,17.2,17.23,17.11,17.19,1774277235000,17.23,17.21,15302,5493.5,1774277530000,17.12,17.12,1515,0.0,17.11,17.23,17.1,17.19,1774277235000,17.23,17.21,15302,5493.5,1774277140000,17.11,17.12,12361,0.0,281
1774277605000,1774277605000,17.2,17.23,17.11,17.18,1774277235000,17.23,17.21,15302,5493.5,1774277530000,17.12,17.12,1515,0.0,17.12,17.23,17.1,17.18,1774277235000,17.23,17.21,15302,5493.5,1774277140000,17.11,17.12,12361,0.0,282
1774277610000,1774277610000,17.2,17.23,17.11,17.18,1774277235000,17.23,17.21,15302,5493.5,1774277530000,17.12,17.12,1515,0.0,17.12,17.23,17.1,17.18,1774277235000,17.23,17.21,15302,5493.5,1774277140000,17.11,17.12,12361,0.0,283
1774277615000,1774277615000,17.2,17.23,17.11,17.16,1774277235000,17.23,17.21,15302,5493.5,1774277530000,17.12,17.12,1515,0.0,17.11,17.23,17.1,17.16,1774277235000,17.23,17.21,15302,5493.5,1774277140000,17.11,17.12,12361,0.0,284
1774277620000,1774277620000,17.2,17.23,17.11,17.16,1774277235000,17.23,17.21,15302,5493.5,1774277530000,17.12,17.12,1515,0.0,17.11,17.23,17.1,17.16,1774277235000,17.23,17.21,15302,5493.5,1774277140000,17.11,17.12,12361,0.0,285
1774277625000,1774277625000,17.2,17.23,17.11,17.16,1774277235000,17.23,17.21,15302,5493.5,1774277530000,17.12,17.12,1515,0.0,17.11,17.23,17.1,17.16,1774277235000,17.23,17.21,15302,5493.5,1774277140000,17.11,17.12,12361,0.0,286
1774277630000,1774277630000,17.2,17.23,17.11,17.16,1774277235000,17.23,17.21,15302,5493.5,1774277530000,17.12,17.12,1515,0.0,17.11,17.23,17.1,17.16,1774277235000,17.23,17.21,15302,5493.5,1774277140000,17.11,17.12,12361,0.0,287
1774277635000,1774277635000,17.22,17.23,17.11,17.16,1774277235000,17.23,17.21,15302,5493.5,1774277530000,17.12,17.12,1515,0.0,17.12,17.23,17.1,17.16,1774277235000,17.23,17.21,15302,5493.5,1774277140000,17.11,17.12,12361,0.0,288
1774277640000,1774277640000,17.22,17.23,17.11,17.17,1774277235000,17.23,17.21,15302,5493.5,1774277530000,17.12,17.12,1515,0.0,17.12,17.23,17.1,17.17,1774277235000,17.23,17.21,15302,5493.5,1774277140000,17.11,17.12,12361,0.0,289
1774277645000,1774277645000,17.22,17.23,17.11,17.17,1774277235000,17.23,17.21,15302,5493.5,1774277530000,17.12,17.12,1515,0.0,17.11,17.23,17.1,17.17,1774277235000,17.23,17.21,15302,5493.5,1774277140000,17.11,17.12,12361,0.0,290
1774277650000,1774277650000,17.22,17.23,17.11,17.16,1774277235000,17.23,17.21,15302,5493.5,1774277530000,17.12,17.12,1515,0.0,17.11,17.23,17.1,17.16,1774277235000,17.23,17.21,15302,5493.5,1774277140000,17.11,17.12,12361,0.0,291
1774277655000,1774277655000,17.22,17.23,17.11,17.17,1774277235000,17.23,17.21,15302,5493.5,1774277530000,17.12,17.12,1515,0.0,17.11,17.23,17.1,17.17,1774277235000,17.23,17.21,15302,5493.5,1774277140000,17.11,17.12,12361,0.0,292
1774277660000,1774277660000,17.22,17.23,17.11,17.16,1774277235000,17.23,17.21,15302,5493.5,1774277530000,17.12,17.12,1515,0.0,17.11,17.23,17.1,17.16,1774277235000,17.23,17.21,15302,5493.5,1774277140000,17.11,17.12,12361,0.0,293
1774277665000,1774277665000,17.22,17.23,17.11,17.16,1774277235000,17.23,17.21,15302,5493.5,1774277530000,17.12,17.12,1515,0.0,17.11,17.23,17.1,17.16,1774277235000,17.23,17.21,15302,5493.5,1774277140000,17.11,17.12,12361,0.0,294
1774277670000,1774277670000,17.22,17.23,17.11,17.16,1774277235000,17.23,17.21,15302,5493.5,1774277530000,17.12,17.12,1515,0.0,17.11,17.23,17.1,17.16,1774277235000,17.23,17.21,15302,5493.5,1774277140000,17.11,17.12,12361,0.0,295
1774277675000,1774277675000,17.23,17.23,17.11,17.18,1774277235000,17.23,17.21,15302,5493.5,1774277530000,17.12,17.12,1515,0.0,17.15,17.23,17.1,17.18,1774277235000,17.23,17.21,15302,5493.5,1774277140000,17.11,17.12,12361,0.0,296
1774277680000,1774277680000,17.23,17.23,17.11,17.17,1774277235000,17.23,17.21,15302,5493.5,1774277530000,17.12,17.12,1515,0.0,17.15,17.23,17.1,17.17,1774277235000,17.23,17.21,15302,5493.5,1774277140000,17.11,17.12,12361,0.0,297
1774277685000,1774277685000,17.23,17.23,17.11,17.18,1774277235000,17.23,17.21,15302,5493.5,1774277530000,17.12,17.12,1515,0.0,17.15,17.23,17.1,17.18,1774277235000,17.23,17.21,15302,5493.5,1774277140000,17.11,17.12,12361,0.0,298
1774277690000,1774277690000,17.21,17.22,17.11,17.17,1774277245000,17.21,17.21,19138,10423.5,1774277530000,17.12,17.12,1515,0.0,17.15,17.23,17.1,17.17,1774277235000,17.23,17.21,15302,5493.5,1774277140000,17.11,17.12,12361,0.0,299
1774277695000,1774277695000,17.21,17.22,17.11,17.16,1774277245000,17.21,17.21,19138,10423.5,1774277530000,17.12,17.12,1515,0.0,17.15,17.23,17.1,17.16,1774277235000,17.23,17.21,15302,5493.5,1774277140000,17.11,17.12,12361,0.0,300
1774277700000,1774277700000,17.21,17.22,17.11,17.18,1774277245000,17.21,17.21,19138,10423.5,1774277530000,17.12,17.12,1515,0.0,17.15,17.23,17.1,17.18,1774277235000,17.23,17.21,15302,5493.5,1774277140000,17.11,17.12,12361,0.0,301
1774277705000,1774277705000,17.21,17.22,17.11,17.18,1774277245000,17.21,17.21,19138,10423.5,1774277530000,17.12,17.12,1515,0.0,17.15,17.23,17.1,17.18,1774277235000,17.23,17.21,15302,5493.5,1774277140000,17.11,17.12,12361,0.0,302
1774277710000,1774277710000,17.21,17.22,17.11,17.18,1774277245000,17.21,17.21,19138,10423.5,1774277530000,17.12,17.12,1515,0.0,17.15,17.23,17.1,17.18,1774277235000,17.23,17.21,15302,5493.5,1774277140000,17.11,17.12,12361,0.0,303
1774277715000,1774277715000,17.21,17.22,17.11,17.18,1774277245000,17.21,17.21,19138,10423.5,1774277530000,17.12,17.12,1515,0.0,17.15,17.23,17.1,17.18,1774277235000,17.23,17.21,15302,5493.5,1774277140000,17.11,17.12,12361,0.0,304
1774277720000,1774277720000,17.21,17.22,17.11,17.19,1774277245000,17.21,17.21,19138,10423.5,1774277530000,17.12,17.12,1515,0.0,17.15,17.23,17.1,17.19,1774277235000,17.23,17.21,15302,5493.5,1774277140000,17.11,17.12,12361,0.0,305
1774277725000,1774277725000,17.2,17.21,17.11,17.21,1774277725000,17.2,17.21,5535,1207.5,1774277530000,17.12,17.12,1515,0.0,17.15,17.23,17.1,17.21,1774277235000,17.23,17.21,15302,5493.5,1774277140000,17.11,17.12,12361,0.0,306
1774277730000,1774277730000,17.21,17.21,17.11,17.21,1774277730000,17.21,17.21,454,0.0,1774277530000,17.12,17.12,1515,0.0,17.15,17.23,17.1,17.21,1774277235000,17.23,17.21,15302,5493.5,1774277140000,17.11,17.12,12361,0.0,307
1774277735000,1774277735000,17.21,17.22,17.11,17.21,1774277735000,17.21,17.21,18231,18004.0,1774277530000,17.12,17.12,1515,0.0,17.15,17.23,17.1,17.21,1774277235000,17.23,17.21,15302,5493.5,1774277140000,17.11,17.12,12361,0.0,308
1774277740000,1774277740000,17.2,17.22,17.11,17.21,1774277735000,17.21,17.21,18231,16053.5,1774277530000,17.12,17.12,1515,0.0,17.15,17.23,17.1,17.21,1774277235000,17.23,17.21,15302,5493.5,1774277140000,17.11,17.12,12361,0.0,309
1774277745000,1774277745000,17.2,17.22,17.11,17.19,1774277735000,17.21,17.21,18231,16053.5,1774277530000,17.12,17.12,1515,0.0,17.15,17.23,17.1,17.19,1774277235000,17.23,17.21,15302,5493.5,1774277140000,17.11,17.12,12361,0.0,310
1774277750000,1774277750000,17.18,17.22,17.11,17.19,1774277735000,17.21,17.21,18231,16053.5,1774277530000,17.12,17.12,1515,0.0,17.15,17.23,17.1,17.19,1774277235000,17.23,17.21,15302,5493.5,1774277140000,17.11,17.12,12361,0.0,311
1774277755000,1774277755000,17.18,17.22,17.11,17.19,1774277735000,17.21,17.21,18231,16053.5,1774277530000,17.12,17.12,1515,0.0,17.15,17.23,17.1,17.19,1774277235000,17.23,17.21,15302,5493.5,1774277140000,17.11,17.12,12361,0.0,312
1774277760000,1774277760000,17.19,17.22,17.11,17.19,1774277735000,17.21,17.21,18231,16053.5,1774277530000,17.12,17.12,1515,0.0,17.15,17.23,17.1,17.19,1774277235000,17.23,17.21,15302,5493.5,1774277140000,17.11,17.12,12361,0.0,313
1774277765000,1774277765000,17.18,17.22,17.11,17.2,1774277735000,17.21,17.21,18231,16053.5,1774277530000,17.12,17.12,1515,0.0,17.15,17.23,17.1,17.2,1774277235000,17.23,17.21,15302,5493.5,1774277140000,17.11,17.12,12361,0.0,314
1774277770000,1774277770000,17.18,17.22,17.11,17.19,1774277735000,17.21,17.21,18231,16053.5,1774277530000,17.12,17.12,1515,0.0,17.15,17.23,17.1,17.19,1774277235000,17.23,17.21,15302,5493.5,1774277140000,17.11,17.12,12361,0.0,315
1774277775000,1774277775000,17.16,17.22,17.11,17.2,1774277735000,17.21,17.21,18231,16053.5,1774277530000,17.12,17.12,1515,0.0,17.15,17.23,17.1,17.2,1774277235000,17.23,17.21,15302,5493.5,1774277140000,17.11,17.12,12361,0.0,316
1774277780000,1774277780000,17.16,17.22,17.11,17.19,1774277735000,17.21,17.21,18231,16053.5,1774277530000,17.12,17.12,1515,0.0,17.16,17.23,17.1,17.19,1774277235000,17.23,17.21,15302,5493.5,1774277140000,17.11,17.12,12361,0.0,317
1774277785000,1774277785000,17.16,17.22,17.11,17.19,1774277735000,17.21,17.21,18231,16053.5,1774277530000,17.12,17.12,1515,0.0,17.16,17.23,17.1,17.19,1774277235000,17.23,17.21,15302,5493.5,1774277140000,17.11,17.12,12361,0.0,318
1774277790000,1774277790000,17.16,17.22,17.11,17.19,1774277735000,17.21,17.21,18231,16053.5,1774277530000,17.12,17.12,1515,0.0,17.17,17.23,17.1,17.19,1774277235000,17.23,17.21,15302,5493.5,1774277140000,17.11,17.12,12361,0.0,319
1774277795000,1774277795000,17.16,17.22,17.11,17.2,1774277735000,17.21,17.21,18231,16053.5,1774277530000,17.12,17.12,1515,0.0,17.16,17.23,17.1,17.2,1774277235000,17.23,17.21,15302,5493.5,1774277140000,17.11,17.12,12361,0.0,320
1774277800000,1774277800000,17.14,17.22,17.11,17.19,1774277735000,17.21,17.21,18231,16053.5,1774277530000,17.12,17.12,1515,0.0,17.16,17.23,17.1,17.19,1774277235000,17.23,17.21,15302,5493.5,1774277140000,17.11,17.12,12361,0.0,321
1774277805000,1774277805000,17.14,17.22,17.11,17.19,1774277735000,17.21,17.21,18231,16053.5,1774277530000,17.12,17.12,1515,0.0,17.16,17.23,17.1,17.19,1774277235000,17.23,17.21,15302,5493.5,1774277140000,17.11,17.12,12361,0.0,322
1774277810000,1774277810000,17.14,17.22,17.11,17.2,1774277735000,17.21,17.21,18231,16053.5,1774277530000,17.12,17.12,1515,0.0,17.15,17.23,17.1,17.2,1774277235000,17.23,17.21,15302,5493.5,1774277140000,17.11,17.12,12361,0.0,323
1774277815000,1774277815000,17.15,17.22,17.11,17.2,1774277735000,17.21,17.21,18231,16053.5,1774277530000,17.12,17.12,1515,0.0,17.16,17.23,17.1,17.2,1774277235000,17.23,17.21,15302,5493.5,1774277140000,17.11,17.12,12361,0.0,324
1774277820000,1774277820000,17.14,17.22,17.11,17.2,1774277735000,17.21,17.21,18231,16053.5,1774277530000,17.12,17.12,1515,0.0,17.17,17.23,17.1,17.2,1774277235000,17.23,17.21,15302,5493.5,1774277140000,17.11,17.12,12361,0.0,325
1774277825000,1774277825000,17.14,17.22,17.11,17.19,1774277735000,17.21,17.21,18231,16053.5,1774277530000,17.12,17.12,1515,0.0,17.16,17.23,17.1,17.19,1774277235000,17.23,17.21,15302,5493.5,1774277140000,17.11,17.12,12361,0.0,326
1774277830000,1774277830000,17.14,17.22,17.11,17.19,1774277735000,17.21,17.21,18231,16053.5,1774277530000,17.12,17.12,1515,0.0,17.16,17.23,17.1,17.19,1774277235000,17.23,17.21,15302,5493.5,1774277140000,17.11,17.12,12361,0.0,327
1774277835000,1774277835000,17.14,17.22,17.11,17.18,1774277735000,17.21,17.21,18231,16053.5,1774277530000,17.12,17.12,1515,0.0,17.16,17.23,17.1,17.18,1774277235000,17.23,17.21,15302,5493.5,1774277140000,17.11,17.12,12361,0.0,328
1774277840000,1774277840000,17.14,17.22,17.11,17.19,1774277735000,17.21,17.21,18231,16053.5,1774277530000,17.12,17.12,1515,0.0,17.16,17.23,17.1,17.19,1774277235000,17.23,17.21,15302,5493.5,1774277140000,17.11,17.12,12361,0.0,329
1774277845000,1774277845000,17.14,17.22,17.11,17.18,1774277735000,17.21,17.21,18231,16053.5,1774277530000,17.12,17.12,1515,0.0,17.16,17.23,17.1,17.18,1774277235000,17.23,17.21,15302,5493.5,1774277140000,17.11,17.12,12361,0.0,330
1774277850000,1774277850000,17.14,17.22,17.11,17.19,1774277735000,17.21,17.21,18231,16053.5,1774277530000,17.12,17.12,1515,0.0,17.15,17.23,17.1,17.19,1774277235000,17.23,17.21,15302,5493.5,1774277140000,17.11,17.12,12361,0.0,331
1774277855000,1774277855000,17.14,17.22,17.11,17.17,1774277735000,17.21,17.21,18231,16053.5,1774277530000,17.12,17.12,1515,0.0,17.15,17.23,17.1,17.17,1774277235000,17.23,17.21,15302,5493.5,1774277140000,17.11,17.12,12361,0.0,332
1774277860000,1774277860000,17.14,17.22,17.11,17.18,1774277735000,17.21,17.21,18231,16053.5,1774277530000,17.12,17.12,1515,0.0,17.15,17.23,17.1,17.18,1774277235000,17.23,17.21,15302,5493.5,1774277140000,17.11,17.12,12361,0.0,333
1774277865000,1774277865000,17.15,17.22,17.11,17.18,1774277735000,17.21,17.21,18231,16053.5,1774277530000,17.12,17.12,1515,0.0,17.14,17.23,17.1,17.18,1774277235000,17.23,17.21,15302,5493.5,1774277140000,17.11,17.12,12361,0.0,334
1774277870000,1774277870000,17.15,17.22,17.11,17.18,1774277735000,17.21,17.21,18231,16053.5,1774277530000,17.12,17.12,1515,0.0,17.14,17.23,17.1,17.18,1774277235000,17.23,17.21,15302,5493.5,1774277140000,17.11,17.12,12361,0.0,335
1774277875000,1774277875000,17.15,17.22,17.11,17.18,1774277735000,17.21,17.21,18231,16053.5,1774277530000,17.12,17.12,1515,0.0,17.14,17.23,17.1,17.18,1774277235000,17.23,17.21,15302,5493.5,1774277140000,17.11,17.12,12361,0.0,336
1774277880000,1774277880000,17.15,17.22,17.11,17.18,1774277735000,17.21,17.21,18231,16053.5,1774277530000,17.12,17.12,1515,0.0,17.14,17.23,17.1,17.18,1774277235000,17.23,17.21,15302,5493.5,1774277140000,17.11,17.12,12361,0.0,337
1774277885000,1774277885000,17.15,17.22,17.11,17.18,1774277735000,17.21,17.21,18231,16053.5,1774277530000,17.12,17.12,1515,0.0,17.14,17.23,17.1,17.18,1774277235000,17.23,17.21,15302,5493.5,1774277140000,17.11,17.12,12361,0.0,338
1774277890000,1774277890000,17.16,17.22,17.11,17.19,1774277735000,17.21,17.21,18231,16053.5,1774277530000,17.12,17.12,1515,0.0,17.14,17.23,17.1,17.19,1774277235000,17.23,17.21,15302,5493.5,1774277140000,17.11,17.12,12361,0.0,339
1774277895000,1774277895000,17.16,17.22,17.11,17.19,1774277735000,17.21,17.21,18231,16053.5,1774277530000,17.12,17.12,1515,0.0,17.14,17.23,17.1,17.19,1774277235000,17.23,17.21,15302,5493.5,1774277140000,17.11,17.12,12361,0.0,340
1774277900000,1774277900000,17.16,17.22,17.11,17.2,1774277735000,17.21,17.21,18231,16053.5,1774277530000,17.12,17.12,1515,0.0,17.14,17.23,17.1,17.2,1774277235000,17.23,17.21,15302,5493.5,1774277140000,17.11,17.12,12361,0.0,341
1774277905000,1774277905000,17.16,17.22,17.11,17.2,1774277735000,17.21,17.21,18231,16053.5,1774277530000,17.12,17.12,1515,0.0,17.14,17.23,17.1,17.2,1774277235000,17.23,17.21,15302,5493.5,1774277140000,17.11,17.12,12361,0.0,342
1774277910000,1774277910000,17.14,17.22,17.11,17.21,1774277735000,17.21,17.21,18231,16053.5,1774277530000,17.12,17.12,1515,0.0,17.14,17.23,17.1,17.21,1774277235000,17.23,17.21,15302,5493.5,1774277140000,17.11,17.12,12361,0.0,343
1774277915000,1774277915000,17.13,17.23,17.11,17.21,1774277915000,17.21,17.21,44083,37204.5,1774277530000,17.12,17.12,1515,0.0,17.14,17.23,17.1,17.21,1774277915000,17.21,17.21,44083,37204.5,1774277140000,17.11,17.12,12361,0.0,344
1774277920000,1774277920000,17.13,17.23,17.11,17.21,1774277915000,17.21,17.21,44083,27154.5,1774277530000,17.12,17.12,1515,0.0,17.14,17.23,17.1,17.21,1774277915000,17.21,17.21,44083,27154.5,1774277140000,17.11,17.12,12361,0.0,345
1774277925000,1774277925000,17.13,17.23,17.11,17.2,1774277915000,17.21,17.21,44083,27154.5,1774277530000,17.12,17.12,1515,0.0,17.14,17.23,17.1,17.2,1774277915000,17.21,17.21,44083,27154.5,1774277140000,17.11,17.12,12361,0.0,346
1774277930000,1774277930000,17.12,17.23,17.11,17.22,1774277915000,17.21,17.21,44083,27154.5,1774277530000,17.12,17.12,1515,0.0,17.14,17.23,17.1,17.22,1774277915000,17.21,17.21,44083,27154.5,1774277140000,17.11,17.12,12361,0.0,347
1774277935000,1774277935000,17.12,17.23,17.11,17.21,1774277915000,17.21,17.21,44083,27154.5,1774277530000,17.12,17.12,1515,0.0,17.14,17.23,17.1,17.21,1774277915000,17.21,17.21,44083,27154.5,1774277140000,17.11,17.12,12361,0.0,348
1774277940000,1774277940000,17.12,17.23,17.11,17.21,1774277915000,17.21,17.21,44083,27154.5,1774277530000,17.12,17.12,1515,0.0,17.14,17.23,17.1,17.21,1774277915000,17.21,17.21,44083,27154.5,1774277140000,17.11,17.12,12361,0.0,349
1774277945000,1774277945000,17.11,17.23,17.11,17.21,1774277915000,17.21,17.21,44083,27154.5,1774277530000,17.12,17.12,1515,0.0,17.14,17.23,17.1,17.21,1774277915000,17.21,17.21,44083,27154.5,1774277140000,17.11,17.12,12361,0.0,350
1774277950000,1774277950000,17.11,17.23,17.11,17.21,1774277915000,17.21,17.21,44083,27154.5,1774277530000,17.12,17.12,1515,0.0,17.14,17.23,17.1,17.21,1774277915000,17.21,17.21,44083,27154.5,1774277140000,17.11,17.12,12361,0.0,351
1774277955000,1774277955000,17.13,17.24,17.11,17.23,1774277955000,17.21,17.23,18422,17376.5,1774277530000,17.12,17.12,1515,0.0,17.14,17.24,17.1,17.23,1774277955000,17.21,17.23,18422,17376.5,1774277140000,17.11,17.12,12361,0.0,352
1774277960000,1774277960000,17.13,17.24,17.11,17.24,1774277960000,17.24,17.24,6910,0.0,1774277530000,17.12,17.12,1515,0.0,17.13,17.24,17.1,17.24,1774277960000,17.24,17.24,6910,0.0,1774277140000,17.11,17.12,12361,0.0,353
1774277965000,1774277965000,17.13,17.25,17.12,17.23,1774277965000,17.23,17.23,102163,98708.0,1774277550000,17.13,17.14,16579,13211.0,17.12,17.25,17.11,17.23,1774277965000,17.23,17.23,102163,98708.0,1774277530000,17.12,17.12,1515,0.0,354
1774277970000,1774277970000,17.15,17.25,17.14,17.24,1774277970000,17.23,17.24,37408,0.0,1774277575000,17.14,17.16,4672,0.0,17.14,17.25,17.11,17.24,1774277970000,17.23,17.24,37408,0.0,1774277530000,17.12,17.12,1515,0.0,355
1774277975000,1774277975000,17.16,17.26,17.15,17.26,1774277975000,17.25,17.26,30000,11296.0,1774277635000,17.15,17.16,5949,0.0,17.16,17.26,17.11,17.26,1774277975000,17.25,17.26,30000,11296.0,1774277530000,17.12,17.12,1515,0.0,356
1774277980000,1774277980000,17.16,17.26,17.15,17.25,1774277980000,17.26,17.25,5752,0.0,1774277635000,17.15,17.16,5949,0.0,17.16,17.26,17.11,17.25,1774277980000,17.26,17.25,5752,0.0,1774277530000,17.12,17.12,1515,0.0,357
1774277985000,1774277985000,17.19,17.26,17.15,17.25,1774277980000,17.26,17.25,5752,0.0,1774277635000,17.15,17.16,5949,0.0,17.16,17.26,17.11,17.25,1774277980000,17.26,17.25,5752,0.0,1774277530000,17.12,17.12,1515,0.0,358
1774277990000,1774277990000,17.19,17.26,17.15,17.25,1774277980000,17.26,17.25,5752,0.0,1774277635000,17.15,17.16,5949,0.0,17.18,17.26,17.11,17.25,1774277980000,17.26,17.25,5752,0.0,1774277530000,17.12,17.12,1515,0.0,359
1774277995000,1774277995000,17.19,17.26,17.15,17.23,1774277980000,17.26,17.25,5752,0.0,1774277635000,17.15,17.16,5949,0.0,17.2,17.26,17.11,17.23,1774277980000,17.26,17.25,5752,0.0,1774277530000,17.12,17.12,1515,0.0,360
1774278000000,1774278000000,17.19,17.26,17.15,17.23,1774277980000,17.26,17.25,5752,0.0,1774277635000,17.15,17.16,5949,0.0,17.2,17.26,17.11,17.23,1774277980000,17.26,17.25,5752,0.0,1774277530000,17.12,17.12,1515,0.0,361
1774278005000,1774278005000,17.19,17.26,17.15,17.23,1774277980000,17.26,17.25,5752,0.0,1774277635000,17.15,17.16,5949,0.0,17.2,17.26,17.11,17.23,1774277980000,17.26,17.25,5752,0.0,1774277530000,17.12,17.12,1515,0.0,362
1774278010000,1774278010000,17.19,17.26,17.15,17.22,1774277980000,17.26,17.25,5752,0.0,1774277635000,17.15,17.16,5949,0.0,17.2,17.26,17.11,17.22,1774277980000,17.26,17.25,5752,0.0,1774277530000,17.12,17.12,1515,0.0,363
1774278015000,1774278015000,17.19,17.26,17.15,17.23,1774277980000,17.26,17.25,5752,0.0,1774277635000,17.15,17.16,5949,0.0,17.2,17.26,17.11,17.23,1774277980000,17.26,17.25,5752,0.0,1774277530000,17.12,17.12,1515,0.0,364
1774278020000,1774278020000,17.19,17.26,17.15,17.23,1774277980000,17.26,17.25,5752,0.0,1774277635000,17.15,17.16,5949,0.0,17.2,17.26,17.11,17.23,1774277980000,17.26,17.25,5752,0.0,1774277530000,17.12,17.12,1515,0.0,365
1774278025000,1774278025000,17.19,17.26,17.15,17.24,1774277980000,17.26,17.25,5752,0.0,1774277635000,17.15,17.16,5949,0.0,17.2,17.26,17.11,17.24,1774277980000,17.26,17.25,5752,0.0,1774277530000,17.12,17.12,1515,0.0,366
1774278030000,1774278030000,17.19,17.26,17.15,17.24,1774277980000,17.26,17.25,5752,0.0,1774277635000,17.15,17.16,5949,0.0,17.2,17.26,17.11,17.24,1774277980000,17.26,17.25,5752,0.0,1774277530000,17.12,17.12,1515,0.0,367
1774278035000,1774278035000,17.18,17.26,17.15,17.23,1774277980000,17.26,17.25,5752,0.0,1774277635000,17.15,17.16,5949,0.0,17.2,17.26,17.11,17.23,1774277980000,17.26,17.25,5752,0.0,1774277530000,17.12,17.12,1515,0.0,368
1774278040000,1774278040000,17.18,17.26,17.15,17.23,1774277980000,17.26,17.25,5752,0.0,1774277635000,17.15,17.16,5949,0.0,17.2,17.26,17.11,17.23,1774277980000,17.26,17.25,5752,0.0,1774277530000,17.12,17.12,1515,0.0,369
1774278045000,1774278045000,17.18,17.26,17.15,17.24,1774277980000,17.26,17.25,5752,0.0,1774277635000,17.15,17.16,5949,0.0,17.2,17.26,17.11,17.24,1774277980000,17.26,17.25,5752,0.0,1774277530000,17.12,17.12,1515,0.0,370
1774278050000,1774278050000,17.18,17.26,17.15,17.23,1774277980000,17.26,17.25,5752,0.0,1774277635000,17.15,17.16,5949,0.0,17.2,17.26,17.11,17.23,1774277980000,17.26,17.25,5752,0.0,1774277530000,17.12,17.12,1515,0.0,371
1774278055000,1774278055000,17.18,17.26,17.15,17.23,1774277980000,17.26,17.25,5752,0.0,1774277635000,17.15,17.16,5949,0.0,17.2,17.26,17.11,17.23,1774277980000,17.26,17.25,5752,0.0,1774277530000,17.12,17.12,1515,0.0,372
1774278060000,1774278060000,17.18,17.26,17.15,17.23,1774277980000,17.26,17.25,5752,0.0,1774277635000,17.15,17.16,5949,0.0,17.2,17.26,17.11,17.23,1774277980000,17.26,17.25,5752,0.0,1774277530000,17.12,17.12,1515,0.0,373
1774278065000,1774278065000,17.16,17.26,17.15,17.22,1774277980000,17.26,17.25,5752,0.0,1774277635000,17.15,17.16,5949,0.0,17.2,17.26,17.11,17.22,1774277980000,17.26,17.25,5752,0.0,1774277530000,17.12,17.12,1515,0.0,374
1774278070000,1774278070000,17.16,17.26,17.15,17.21,1774277980000,17.26,17.25,5752,0.0,1774277635000,17.15,17.16,5949,0.0,17.2,17.26,17.11,17.21,1774277980000,17.26,17.25,5752,0.0,1774277530000,17.12,17.12,1515,0.0,375
1774278075000,1774278075000,17.16,17.26,17.15,17.21,1774277980000,17.26,17.25,5752,0.0,1774277635000,17.15,17.16,5949,0.0,17.2,17.26,17.11,17.21,1774277980000,17.26,17.25,5752,0.0,1774277530000,17.12,17.12,1515,0.0,376
1774278080000,1774278080000,17.16,17.26,17.16,17.21,1774277980000,17.26,17.25,5752,0.0,1774277700000,17.17,17.18,3133,2029.5,17.22,17.26,17.11,17.21,1774277980000,17.26,17.25,5752,0.0,1774277530000,17.12,17.12,1515,0.0,377
1774278085000,1774278085000,17.16,17.26,17.16,17.23,1774277980000,17.26,17.25,5752,0.0,1774277700000,17.17,17.18,3133,2029.5,17.22,17.26,17.11,17.23,1774277980000,17.26,17.25,5752,0.0,1774277530000,17.12,17.12,1515,0.0,378
1774278090000,1774278090000,17.16,17.26,17.16,17.23,1774277980000,17.26,17.25,5752,0.0,1774277700000,17.17,17.18,3133,2029.5,17.22,17.26,17.11,17.23,1774277980000,17.26,17.25,5752,0.0,1774277530000,17.12,17.12,1515,0.0,379
1774278095000,1774278095000,17.16,17.26,17.16,17.22,1774277980000,17.26,17.25,5752,0.0,1774277700000,17.17,17.18,3133,2029.5,17.22,17.26,17.11,17.22,1774277980000,17.26,17.25,5752,0.0,1774277530000,17.12,17.12,1515,0.0,380
1774278100000,1774278100000,17.16,17.26,17.16,17.22,1774277980000,17.26,17.25,5752,0.0,1774277700000,17.17,17.18,3133,2029.5,17.22,17.26,17.11,17.22,1774277980000,17.26,17.25,5752,0.0,1774277530000,17.12,17.12,1515,0.0,381
1774278105000,1774278105000,17.17,17.26,17.16,17.21,1774277980000,17.26,17.25,5752,0.0,1774277700000,17.17,17.18,3133,2029.5,17.22,17.26,17.11,17.21,1774277980000,17.26,17.25,5752,0.0,1774277530000,17.12,17.12,1515,0.0,382
1774278110000,1774278110000,17.16,17.26,17.16,17.22,1774277980000,17.26,17.25,5752,0.0,1774277700000,17.17,17.18,3133,2029.5,17.22,17.26,17.11,17.22,1774277980000,17.26,17.25,5752,0.0,1774277530000,17.12,17.12,1515,0.0,383
1774278115000,1774278115000,17.16,17.26,17.16,17.23,1774277980000,17.26,17.25,5752,0.0,1774277700000,17.17,17.18,3133,2029.5,17.23,17.26,17.11,17.23,1774277980000,17.26,17.25,5752,0.0,1774277530000,17.12,17.12,1515,0.0,384
1774278120000,1774278120000,17.16,17.26,17.16,17.23,1774277980000,17.26,17.25,5752,0.0,1774277700000,17.17,17.18,3133,2029.5,17.23,17.26,17.11,17.23,1774277980000,17.26,17.25,5752,0.0,1774277530000,17.12,17.12,1515,0.0,385
1774278125000,1774278125000,17.16,17.26,17.16,17.23,1774277980000,17.26,17.25,5752,0.0,1774277700000,17.17,17.18,3133,2029.5,17.23,17.26,17.11,17.23,1774277980000,17.26,17.25,5752,0.0,1774277530000,17.12,17.12,1515,0.0,386
1774278130000,1774278130000,17.18,17.26,17.16,17.24,1774277980000,17.26,17.25,5752,0.0,1774277700000,17.17,17.18,3133,2029.5,17.21,17.26,17.11,17.24,1774277980000,17.26,17.25,5752,0.0,1774277530000,17.12,17.12,1515,0.0,387
1774278135000,1774278135000,17.16,17.26,17.16,17.25,1774277980000,17.26,17.25,5752,0.0,1774277700000,17.17,17.18,3133,2029.5,17.21,17.26,17.11,17.25,1774277980000,17.26,17.25,5752,0.0,1774277530000,17.12,17.12,1515,0.0,388
1774278140000,1774278140000,17.18,17.26,17.17,17.25,1774277980000,17.26,17.25,5752,0.0,1774277875000,17.18,17.18,11774,9233.0,17.21,17.26,17.11,17.25,1774277980000,17.26,17.25,5752,0.0,1774277530000,17.12,17.12,1515,0.0,389
1774278145000,1774278145000,17.18,17.26,17.17,17.25,1774277980000,17.26,17.25,5752,0.0,1774277875000,17.18,17.18,11774,9233.0,17.21,17.26,17.11,17.25,1774277980000,17.26,17.25,5752,0.0,1774277530000,17.12,17.12,1515,0.0,390
1774278150000,1774278150000,17.2,17.26,17.17,17.26,1774278150000,17.24,17.26,5950,1586.0,1774277875000,17.18,17.18,11774,9233.0,17.2,17.26,17.11,17.26,1774278150000,17.24,17.26,5950,1586.0,1774277530000,17.12,17.12,1515,0.0,391
1774278155000,1774278155000,17.21,17.27,17.17,17.26,1774278155000,17.26,17.26,20301,17326.0,1774277875000,17.18,17.18,11774,9233.0,17.21,17.27,17.11,17.26,1774278155000,17.26,17.26,20301,17326.0,1774277530000,17.12,17.12,1515,0.0,392
1774278160000,1774278160000,17.21,17.27,17.17,17.27,1774278160000,17.27,17.27,1289,0.0,1774277875000,17.18,17.18,11774,9233.0,17.21,17.27,17.11,17.27,1774278160000,17.27,17.27,1289,0.0,1774277530000,17.12,17.12,1515,0.0,393
1774278165000,1774278165000,17.2,17.29,17.17,17.29,1774278165000,17.27,17.29,42042,41397.5,1774277875000,17.18,17.18,11774,9233.0,17.18,17.29,17.11,17.29,1774278165000,17.27,17.29,42042,41397.5,1774277530000,17.12,17.12,1515,0.0,394
1774278170000,1774278170000,17.2,17.29,17.17,17.29,1774278170000,17.29,17.29,4390,0.0,1774277875000,17.18,17.18,11774,9233.0,17.18,17.29,17.11,17.29,1774278170000,17.29,17.29,4390,0.0,1774277530000,17.12,17.12,1515,0.0,395
1774278175000,1774278175000,17.2,17.3,17.17,17.3,1774278175000,17.29,17.3,11070,8875.0,1774277875000,17.18,17.18,11774,9233.0,17.16,17.3,17.11,17.3,1774278175000,17.29,17.3,11070,8875.0,1774277530000,17.12,17.12,1515,0.0,396
1774278180000,1774278180000,17.19,17.3,17.17,17.3,1774278180000,17.3,17.3,42186,36651.0,1774277875000,17.18,17.18,11774,9233.0,17.14,17.3,17.11,17.3,1774278180000,17.3,17.3,42186,36651.0,1774277530000,17.12,17.12,1515,0.0,397
1774278185000,1774278185000,17.2,17.3,17.17,17.29,1774278185000,17.3,17.29,14201,0.0,1774277875000,17.18,17.18,11774,9233.0,17.15,17.3,17.11,17.29,1774278185000,17.3,17.29,14201,0.0,1774277530000,17.12,17.12,1515,0.0,398
1774278190000,1774278190000,17.19,17.31,17.17,17.3,1774278190000,17.3,17.3,27786,20685.5,1774277875000,17.18,17.18,11774,9233.0,17.14,17.31,17.11,17.3,1774278190000,17.3,17.3,27786,20685.5,1774277530000,17.12,17.12,1515,0.0,399
1774278195000,1774278195000,17.18,17.31,17.17,17.29,1774278195000,17.3,17.29,13994,101.0,1774277875000,17.18,17.18,11774,9233.0,17.14,17.31,17.11,17.29,1774278195000,17.3,17.29,13994,101.0,1774277530000,17.12,17.12,1515,0.0,400
1774278200000,1774278200000,17.19,17.31,17.18,17.29,1774278195000,17.3,17.29,13994,0.0,1774277895000,17.19,17.19,5123,0.0,17.15,17.31,17.11,17.29,1774278195000,17.3,17.29,13994,0.0,1774277530000,17.12,17.12,1515,0.0,401
1774278205000,1774278205000,17.19,17.31,17.18,17.3,1774278195000,17.3,17.29,13994,0.0,1774277895000,17.19,17.19,5123,0.0,17.15,17.31,17.11,17.3,1774278195000,17.3,17.29,13994,0.0,1774277530000,17.12,17.12,1515,0.0,402
1774278210000,1774278210000,17.19,17.31,17.18,17.3,1774278195000,17.3,17.29,13994,0.0,1774277895000,17.19,17.19,5123,0.0,17.16,17.31,17.11,17.3,1774278195000,17.3,17.29,13994,0.0,1774277530000,17.12,17.12,1515,0.0,403
1774278215000,1774278215000,17.2,17.31,17.19,17.3,1774278195000,17.3,17.29,13994,0.0,1774277910000,17.2,17.21,13757,0.0,17.16,17.31,17.11,17.3,1774278195000,17.3,17.29,13994,0.0,1774277530000,17.12,17.12,1515,0.0,404
1774278220000,1774278220000,17.2,17.31,17.19,17.3,1774278220000,17.3,17.3,6211,4511.0,1774277910000,17.2,17.21,13757,0.0,17.16,17.31,17.11,17.3,1774278220000,17.3,17.3,6211,4511.0,1774277530000,17.12,17.12,1515,0.0,405
1774278225000,1774278225000,17.2,17.31,17.19,17.3,1774278225000,17.3,17.3,1950,0.0,1774277910000,17.2,17.21,13757,0.0,17.16,17.31,17.11,17.3,1774278225000,17.3,17.3,1950,0.0,1774277530000,17.12,17.12,1515,0.0,406
1774278230000,1774278230000,17.2,17.31,17.19,17.3,1774278230000,17.3,17.3,932,0.0,1774277910000,17.2,17.21,13757,0.0,17.16,17.31,17.11,17.3,1774278230000,17.3,17.3,932,0.0,1774277530000,17.12,17.12,1515,0.0,407
1774278235000,1774278235000,17.2,17.31,17.19,17.3,1774278235000,17.31,17.3,1478,1012.0,1774277910000,17.2,17.21,13757,0.0,17.16,17.31,17.11,17.3,1774278235000,17.31,17.3,1478,1012.0,1774277530000,17.12,17.12,1515,0.0,408
1774278240000,1774278240000,17.2,17.31,17.19,17.3,1774278240000,17.3,17.3,11788,11049.0,1774277910000,17.2,17.21,13757,0.0,17.14,17.31,17.11,17.3,1774278240000,17.3,17.3,11788,11049.0,1774277530000,17.12,17.12,1515,0.0,409
1774278245000,1774278245000,17.21,17.31,17.2,17.3,1774278245000,17.31,17.3,4851,0.0,1774277930000,17.21,17.22,14921,10585.0,17.14,17.31,17.11,17.3,1774278245000,17.31,17.3,4851,0.0,1774277530000,17.12,17.12,1515,0.0,410
1774278250000,1774278250000,17.21,17.31,17.2,17.29,1774278250000,17.3,17.29,16500,14074.5,1774277930000,17.21,17.22,14921,10585.0,17.13,17.31,17.11,17.29,1774278250000,17.3,17.29,16500,14074.5,1774277530000,17.12,17.12,1515,0.0,411
1774278255000,1774278255000,17.21,17.31,17.2,17.29,1774278250000,17.3,17.29,16500,4655.0,1774277930000,17.21,17.22,14921,10585.0,17.12,17.31,17.11,17.29,1774278250000,17.3,17.29,16500,4655.0,1774277530000,17.12,17.12,1515,0.0,412
1774278260000,1774278260000,17.2,17.31,17.2,17.3,1774278250000,17.3,17.29,16500,4655.0,1774277930000,17.21,17.22,14921,10585.0,17.11,17.31,17.11,17.3,1774278250000,17.3,17.29,16500,4655.0,1774277530000,17.12,17.12,1515,0.0,413
1774278265000,1774278265000,17.2,17.31,17.2,17.3,1774278250000,17.3,17.29,16500,4655.0,1774277930000,17.21,17.22,14921,10585.0,17.11,17.31,17.11,17.3,1774278250000,17.3,17.29,16500,4655.0,1774277530000,17.12,17.12,1515,0.0,414
1774278270000,1774278270000,17.2,17.31,17.2,17.3,1774278270000,17.3,17.3,6995,6042.0,1774277930000,17.21,17.22,14921,10585.0,17.11,17.31,17.11,17.3,1774278270000,17.3,17.3,6995,6042.0,1774277530000,17.12,17.12,1515,0.0,415
1774278275000,1774278275000,17.2,17.31,17.2,17.3,1774278275000,17.3,17.3,5669,2171.5,1774277930000,17.21,17.22,14921,10585.0,17.13,17.31,17.11,17.3,1774278275000,17.3,17.3,5669,2171.5,1774277530000,17.12,17.12,1515,0.0,416
1774278280000,1774278280000,17.21,17.31,17.2,17.3,1774278275000,17.3,17.3,5669,1347.5,1774277930000,17.21,17.22,14921,10585.0,17.13,17.31,17.11,17.3,1774278275000,17.3,17.3,5669,1347.5,1774277530000,17.12,17.12,1515,0.0,417
1774278285000,1774278285000,17.21,17.31,17.2,17.3,1774278285000,17.3,17.3,4345,3521.0,1774277930000,17.21,17.22,14921,10585.0,17.13,17.31,17.11,17.3,1774278285000,17.3,17.3,4345,3521.0,1774277530000,17.12,17.12,1515,0.0,418
1774278290000,1774278290000,17.21,17.31,17.2,17.3,1774278290000,17.3,17.3,5334,3161.5,1774277930000,17.21,17.22,14921,10585.0,17.13,17.31,17.11,17.3,1774278290000,17.3,17.3,5334,3161.5,1774277530000,17.12,17.12,1515,0.0,419
1774278295000,1774278295000,17.21,17.31,17.2,17.31,1774278295000,17.31,17.31,5750,3083.0,1774277930000,17.21,17.22,14921,10585.0,17.13,17.31,17.11,17.31,1774278295000,17.31,17.31,5750,3083.0,1774277530000,17.12,17.12,1515,0.0,420
1774278300000,1774278300000,17.23,17.32,17.21,17.32,1774278300000,17.3,17.32,135596,132721.0,1774278110000,17.22,17.22,3426,0.0,17.13,17.32,17.12,17.32,1774278300000,17.3,17.32,135596,132721.0,1774277550000,17.13,17.14,16579,13211.0,421
1774278305000,1774278305000,17.23,17.32,17.21,17.3,1774278300000,17.3,17.32,135596,121635.5,1774278110000,17.22,17.22,3426,0.0,17.13,17.32,17.12,17.3,1774278300000,17.3,17.32,135596,121635.5,1774277550000,17.13,17.14,16579,13211.0,422
1774278310000,1774278310000,17.23,17.32,17.21,17.3,1774278300000,17.3,17.32,135596,121635.5,1774278110000,17.22,17.22,3426,0.0,17.14,17.32,17.14,17.3,1774278300000,17.3,17.32,135596,121635.5,1774277575000,17.14,17.16,4672,0.0,423
1774278315000,1774278315000,17.25,17.32,17.21,17.3,1774278300000,17.3,17.32,135596,121635.5,1774278110000,17.22,17.22,3426,0.0,17.14,17.32,17.14,17.3,1774278300000,17.3,17.32,135596,121635.5,1774277575000,17.14,17.16,4672,0.0,424
1774278320000,1774278320000,17.25,17.32,17.21,17.3,1774278300000,17.3,17.32,135596,121635.5,1774278110000,17.22,17.22,3426,0.0,17.16,17.32,17.15,17.3,1774278300000,17.3,17.32,135596,121635.5,1774277635000,17.15,17.16,5949,0.0,425
1774278325000,1774278325000,17.25,17.32,17.21,17.3,1774278300000,17.3,17.32,135596,121635.5,1774278110000,17.22,17.22,3426,0.0,17.16,17.32,17.15,17.3,1774278300000,17.3,17.32,135596,121635.5,1774277635000,17.15,17.16,5949,0.0,426
1774278330000,1774278330000,17.25,17.32,17.21,17.29,1774278300000,17.3,17.32,135596,121635.5,1774278110000,17.22,17.22,3426,0.0,17.16,17.32,17.15,17.29,1774278300000,17.3,17.32,135596,121635.5,1774277635000,17.15,17.16,5949,0.0,427
1774278335000,1774278335000,17.26,17.32,17.21,17.29,1774278300000,17.3,17.32,135596,121635.5,1774278110000,17.22,17.22,3426,0.0,17.16,17.32,17.15,17.29,1774278300000,17.3,17.32,135596,121635.5,1774277635000,17.15,17.16,5949,0.0,428
1774278340000,1774278340000,17.25,17.32,17.21,17.28,1774278300000,17.3,17.32,135596,121635.5,1774278110000,17.22,17.22,3426,0.0,17.16,17.32,17.15,17.28,1774278300000,17.3,17.32,135596,121635.5,1774277635000,17.15,17.16,5949,0.0,429
1774278345000,1774278345000,17.25,17.32,17.21,17.28,1774278300000,17.3,17.32,135596,121635.5,1774278110000,17.22,17.22,3426,0.0,17.16,17.32,17.15,17.28,1774278300000,17.3,17.32,135596,121635.5,1774277635000,17.15,17.16,5949,0.0,430
1774278350000,1774278350000,17.25,17.32,17.21,17.29,1774278300000,17.3,17.32,135596,121635.5,1774278110000,17.22,17.22,3426,0.0,17.19,17.32,17.15,17.29,1774278300000,17.3,17.32,135596,121635.5,1774277635000,17.15,17.16,5949,0.0,431
1774278355000,1774278355000,17.25,17.32,17.21,17.29,1774278300000,17.3,17.32,135596,121635.5,1774278110000,17.22,17.22,3426,0.0,17.19,17.32,17.15,17.29,1774278300000,17.3,17.32,135596,121635.5,1774277635000,17.15,17.16,5949,0.0,432
1774278360000,1774278360000,17.25,17.32,17.21,17.3,1774278300000,17.3,17.32,135596,121635.5,1774278110000,17.22,17.22,3426,0.0,17.19,17.32,17.15,17.3,1774278300000,17.3,17.32,135596,121635.5,1774277635000,17.15,17.16,5949,0.0,433
1774278365000,1774278365000,17.22,17.32,17.21,17.3,1774278300000,17.3,17.32,135596,121635.5,1774278110000,17.22,17.22,3426,0.0,17.19,17.32,17.15,17.3,1774278300000,17.3,17.32,135596,121635.5,1774277635000,17.15,17.16,5949,0.0,434
1774278370000,1774278370000,17.22,17.32,17.21,17.3,1774278300000,17.3,17.32,135596,121635.5,1774278110000,17.22,17.22,3426,0.0,17.19,17.32,17.15,17.3,1774278300000,17.3,17.32,135596,121635.5,1774277635000,17.15,17.16,5949,0.0,435
1774278375000,1774278375000,17.22,17.32,17.21,17.3,1774278300000,17.3,17.32,135596,121635.5,1774278110000,17.22,17.22,3426,0.0,17.19,17.32,17.15,17.3,1774278300000,17.3,17.32,135596,121635.5,1774277635000,17.15,17.16,5949,0.0,436
1774278380000,1774278380000,17.23,17.32,17.21,17.3,1774278300000,17.3,17.32,135596,121635.5,1774278110000,17.22,17.22,3426,0.0,17.19,17.32,17.15,17.3,1774278300000,17.3,17.32,135596,121635.5,1774277635000,17.15,17.16,5949,0.0,437
1774278385000,1774278385000,17.24,17.32,17.21,17.28,1774278300000,17.3,17.32,135596,121635.5,1774278110000,17.22,17.22,3426,0.0,17.19,17.32,17.15,17.28,1774278300000,17.3,17.32,135596,121635.5,1774277635000,17.15,17.16,5949,0.0,438
1774278390000,1774278390000,17.23,17.32,17.21,17.29,1774278300000,17.3,17.32,135596,121635.5,1774278110000,17.22,17.22,3426,0.0,17.18,17.32,17.15,17.29,1774278300000,17.3,17.32,135596,121635.5,1774277635000,17.15,17.16,5949,0.0,439
1774278395000,1774278395000,17.23,17.32,17.21,17.29,1774278300000,17.3,17.32,135596,121635.5,1774278110000,17.22,17.22,3426,0.0,17.18,17.32,17.15,17.29,1774278300000,17.3,17.32,135596,121635.5,1774277635000,17.15,17.16,5949,0.0,440
1774278400000,1774278400000,17.23,17.32,17.21,17.28,1774278300000,17.3,17.32,135596,121635.5,1774278110000,17.22,17.22,3426,0.0,17.17,17.32,17.15,17.28,1774278300000,17.3,17.32,135596,121635.5,1774277635000,17.15,17.16,5949,0.0,441
1774278405000,1774278405000,17.23,17.32,17.21,17.29,1774278300000,17.3,17.32,135596,121635.5,1774278110000,17.22,17.22,3426,0.0,17.17,17.32,17.15,17.29,1774278300000,17.3,17.32,135596,121635.5,1774277635000,17.15,17.16,5949,0.0,442
1774278410000,1774278410000,17.22,17.32,17.21,17.28,1774278300000,17.3,17.32,135596,121635.5,1774278110000,17.22,17.22,3426,0.0,17.16,17.32,17.15,17.28,1774278300000,17.3,17.32,135596,121635.5,1774277635000,17.15,17.16,5949,0.0,443
1774278415000,1774278415000,17.21,17.32,17.21,17.29,1774278300000,17.3,17.32,135596,121635.5,1774278110000,17.22,17.22,3426,0.0,17.16,17.32,17.15,17.29,1774278300000,17.3,17.32,135596,121635.5,1774277635000,17.15,17.16,5949,0.0,444
1774278420000,1774278420000,17.21,17.32,17.21,17.28,1774278300000,17.3,17.32,135596,121635.5,1774278110000,17.22,17.22,3426,0.0,17.15,17.32,17.15,17.28,1774278300000,17.3,17.32,135596,121635.5,1774277635000,17.15,17.16,5949,0.0,445
1774278425000,1774278425000,17.21,17.32,17.21,17.28,1774278300000,17.3,17.32,135596,121635.5,1774278110000,17.22,17.22,3426,0.0,17.16,17.32,17.16,17.28,1774278300000,17.3,17.32,135596,121635.5,1774277700000,17.17,17.18,3133,2029.5,446
1774278430000,1774278430000,17.22,17.32,17.21,17.29,1774278300000,17.3,17.32,135596,121635.5,1774278110000,17.22,17.22,3426,0.0,17.16,17.32,17.16,17.29,1774278300000,17.3,17.32,135596,121635.5,1774277700000,17.17,17.18,3133,2029.5,447
1774278435000,1774278435000,17.23,17.32,17.22,17.29,1774278300000,17.3,17.32,135596,121635.5,1774278115000,17.23,17.23,9136,6945.5,17.16,17.32,17.16,17.29,1774278300000,17.3,17.32,135596,121635.5,1774277700000,17.17,17.18,3133,2029.5,448
1774278440000,1774278440000,17.23,17.32,17.22,17.3,1774278300000,17.3,17.32,135596,121635.5,1774278115000,17.23,17.23,9136,6945.5,17.16,17.32,17.16,17.3,1774278300000,17.3,17.32,135596,121635.5,1774277700000,17.17,17.18,3133,2029.5,449
1774278445000,1774278445000,17.23,17.32,17.23,17.3,1774278300000,17.3,17.32,135596,121635.5,1774278135000,17.24,17.25,4434,0.0,17.18,17.32,17.16,17.3,1774278300000,17.3,17.32,135596,121635.5,1774277700000,17.17,17.18,3133,2029.5,450
1774278450000,1774278450000,17.23,17.32,17.23,17.3,1774278300000,17.3,17.32,135596,121635.5,1774278135000,17.24,17.25,4434,0.0,17.18,17.32,17.16,17.3,1774278300000,17.3,17.32,135596,121635.5,1774277700000,17.17,17.18,3133,2029.5,451
1774278455000,1774278455000,17.25,17.32,17.24,17.31,1774278300000,17.3,17.32,135596,121635.5,1774278150000,17.24,17.26,5950,0.0,17.18,17.32,17.17,17.31,1774278300000,17.3,17.32,135596,121635.5,1774277875000,17.18,17.18,11774,9233.0,452
1774278460000,1774278460000,17.25,17.32,17.24,17.3,1774278300000,17.3,17.32,135596,121635.5,1774278150000,17.24,17.26,5950,0.0,17.18,17.32,17.17,17.3,1774278300000,17.3,17.32,135596,121635.5,1774277875000,17.18,17.18,11774,9233.0,453
1774278465000,1774278465000,17.25,17.32,17.24,17.3,1774278300000,17.3,17.32,135596,121635.5,1774278150000,17.24,17.26,5950,0.0,17.18,17.32,17.17,17.3,1774278300000,17.3,17.32,135596,121635.5,1774277875000,17.18,17.18,11774,9233.0,454
1774278470000,1774278470000,17.27,17.34,17.27,17.34,1774278470000,17.3,17.34,58685,55237.5,1774278425000,17.28,17.28,9533,5764.5,17.19,17.34,17.17,17.34,1774278470000,17.3,17.34,58685,55237.5,1774277875000,17.18,17.18,11774,9233.0,455
1774278475000,1774278475000,17.3,17.34,17.27,17.3,1774278475000,17.34,17.3,92714,63371.5,1774278425000,17.28,17.28,9533,5764.5,17.2,17.34,17.17,17.3,1774278475000,17.34,17.3,92714,63371.5,1774277875000,17.18,17.18,11774,9233.0,456
1774278480000,1774278480000,17.3,17.34,17.27,17.3,1774278475000,17.34,17.3,92714,62571.5,1774278425000,17.28,17.28,9533,5764.5,17.2,17.34,17.17,17.3,1774278475000,17.34,17.3,92714,62571.5,1774277875000,17.18,17.18,11774,9233.0,457
1774278485000,1774278485000,17.3,17.34,17.27,17.32,1774278475000,17.34,17.3,92714,62571.5,1774278425000,17.28,17.28,9533,5764.5,17.2,17.34,17.19,17.32,1774278475000,17.34,17.3,92714,62571.5,1774277910000,17.2,17.21,13757,0.0,458
1774278490000,1774278490000,17.3,17.34,17.27,17.32,1774278475000,17.34,17.3,92714,62571.5,1774278425000,17.28,17.28,9533,5764.5,17.2,17.34,17.19,17.32,1774278475000,17.34,17.3,92714,62571.5,1774277910000,17.2,17.21,13757,0.0,459
1774278495000,1774278495000,17.3,17.34,17.27,17.32,1774278475000,17.34,17.3,92714,62571.5,1774278425000,17.28,17.28,9533,5764.5,17.2,17.34,17.19,17.32,1774278475000,17.34,17.3,92714,62571.5,1774277910000,17.2,17.21,13757,0.0,460
1774278500000,1774278500000,17.31,17.34,17.27,17.32,1774278475000,17.34,17.3,92714,62571.5,1774278425000,17.28,17.28,9533,5764.5,17.2,17.34,17.19,17.32,1774278475000,17.34,17.3,92714,62571.5,1774277910000,17.2,17.21,13757,0.0,461
1774278505000,1774278505000,17.3,17.34,17.27,17.3,1774278475000,17.34,17.3,92714,62571.5,1774278425000,17.28,17.28,9533,5764.5,17.2,17.34,17.19,17.3,1774278475000,17.34,17.3,92714,62571.5,1774277910000,17.2,17.21,13757,0.0,462
1774278510000,1774278510000,17.31,17.34,17.27,17.29,1774278475000,17.34,17.3,92714,62571.5,1774278425000,17.28,17.28,9533,5764.5,17.21,17.34,17.2,17.29,1774278475000,17.34,17.3,92714,62571.5,1774277930000,17.21,17.22,14921,10585.0,463
1774278515000,1774278515000,17.29,17.34,17.27,17.31,1774278475000,17.34,17.3,92714,62571.5,1774278425000,17.28,17.28,9533,5764.5,17.21,17.34,17.2,17.31,1774278475000,17.34,17.3,92714,62571.5,1774277930000,17.21,17.22,14921,10585.0,464
1774278520000,1774278520000,17.29,17.34,17.27,17.3,1774278475000,17.34,17.3,92714,62571.5,1774278425000,17.28,17.28,9533,5764.5,17.21,17.34,17.2,17.3,1774278475000,17.34,17.3,92714,62571.5,1774277930000,17.21,17.22,14921,10585.0,465
1774278525000,1774278525000,17.29,17.34,17.27,17.3,1774278475000,17.34,17.3,92714,62571.5,1774278425000,17.28,17.28,9533,5764.5,17.21,17.34,17.2,17.3,1774278475000,17.34,17.3,92714,62571.5,1774277930000,17.21,17.22,14921,10585.0,466
1774278530000,1774278530000,17.3,17.34,17.27,17.31,1774278475000,17.34,17.3,92714,62571.5,1774278425000,17.28,17.28,9533,5764.5,17.2,17.34,17.2,17.31,1774278475000,17.34,17.3,92714,62571.5,1774277930000,17.21,17.22,14921,10585.0,467
1774278535000,1774278535000,17.3,17.34,17.27,17.31,1774278475000,17.34,17.3,92714,62571.5,1774278425000,17.28,17.28,9533,5764.5,17.2,17.34,17.2,17.31,1774278475000,17.34,17.3,92714,62571.5,1774277930000,17.21,17.22,14921,10585.0,468
1774278540000,1774278540000,17.3,17.34,17.27,17.31,1774278475000,17.34,17.3,92714,62571.5,1774278425000,17.28,17.28,9533,5764.5,17.21,17.34,17.2,17.31,1774278475000,17.34,17.3,92714,62571.5,1774277930000,17.21,17.22,14921,10585.0,469
1774278545000,1774278545000,17.31,17.34,17.27,17.32,1774278475000,17.34,17.3,92714,62571.5,1774278425000,17.28,17.28,9533,5764.5,17.21,17.34,17.2,17.32,1774278475000,17.34,17.3,92714,62571.5,1774277930000,17.21,17.22,14921,10585.0,470
1774278550000,1774278550000,17.3,17.34,17.27,17.32,1774278475000,17.34,17.3,92714,62571.5,1774278425000,17.28,17.28,9533,5764.5,17.21,17.34,17.2,17.32,1774278475000,17.34,17.3,92714,62571.5,1774277930000,17.21,17.22,14921,10585.0,471
1774278555000,1774278555000,17.3,17.34,17.27,17.33,1774278475000,17.34,17.3,92714,62571.5,1774278425000,17.28,17.28,9533,5764.5,17.21,17.34,17.21,17.33,1774278475000,17.34,17.3,92714,62571.5,1774278110000,17.22,17.22,3426,0.0,472
1774278560000,1774278560000,17.3,17.34,17.27,17.32,1774278475000,17.34,17.3,92714,62571.5,1774278425000,17.28,17.28,9533,5764.5,17.21,17.34,17.21,17.32,1774278475000,17.34,17.3,92714,62571.5,1774278110000,17.22,17.22,3426,0.0,473
1774278565000,1774278565000,17.3,17.34,17.27,17.32,1774278475000,17.34,17.3,92714,62571.5,1774278425000,17.28,17.28,9533,5764.5,17.21,17.34,17.21,17.32,1774278475000,17.34,17.3,92714,62571.5,1774278110000,17.22,17.22,3426,0.0,474
1774278570000,1774278570000,17.3,17.34,17.27,17.33,1774278475000,17.34,17.3,92714,62571.5,1774278425000,17.28,17.28,9533,5764.5,17.21,17.34,17.21,17.33,1774278475000,17.34,17.3,92714,62571.5,1774278110000,17.22,17.22,3426,0.0,475
1774278575000,1774278575000,17.3,17.34,17.27,17.33,1774278475000,17.34,17.3,92714,62571.5,1774278425000,17.28,17.28,9533,5764.5,17.21,17.34,17.21,17.33,1774278475000,17.34,17.3,92714,62571.5,1774278110000,17.22,17.22,3426,0.0,476
1774278580000,1774278580000,17.3,17.34,17.27,17.32,1774278475000,17.34,17.3,92714,62571.5,1774278425000,17.28,17.28,9533,5764.5,17.21,17.34,17.21,17.32,1774278475000,17.34,17.3,92714,62571.5,1774278110000,17.22,17.22,3426,0.0,477
1774278585000,1774278585000,17.3,17.34,17.27,17.33,1774278475000,17.34,17.3,92714,62571.5,1774278425000,17.28,17.28,9533,5764.5,17.24,17.34,17.21,17.33,1774278475000,17.34,17.3,92714,62571.5,1774278110000,17.22,17.22,3426,0.0,478
1774278590000,1774278590000,17.3,17.34,17.27,17.32,1774278475000,17.34,17.3,92714,62571.5,1774278425000,17.28,17.28,9533,5764.5,17.23,17.34,17.21,17.32,1774278475000,17.34,17.3,92714,62571.5,1774278110000,17.22,17.22,3426,0.0,479
1774278595000,1774278595000,17.3,17.34,17.27,17.32,1774278475000,17.34,17.3,92714,62571.5,1774278425000,17.28,17.28,9533,5764.5,17.23,17.34,17.21,17.32,1774278475000,17.34,17.3,92714,62571.5,1774278110000,17.22,17.22,3426,0.0,480
1774278600000,1774278600000,17.3,17.34,17.27,17.32,1774278475000,17.34,17.3,92714,62571.5,1774278425000,17.28,17.28,9533,5764.5,17.23,17.34,17.21,17.32,1774278475000,17.34,17.3,92714,62571.5,1774278110000,17.22,17.22,3426,0.0,481
1774278605000,1774278605000,17.3,17.34,17.27,17.32,1774278475000,17.34,17.3,92714,62571.5,1774278425000,17.28,17.28,9533,5764.5,17.23,17.34,17.21,17.32,1774278475000,17.34,17.3,92714,62571.5,1774278110000,17.22,17.22,3426,0.0,482
1774278610000,1774278610000,17.3,17.34,17.27,17.32,1774278475000,17.34,17.3,92714,62571.5,1774278425000,17.28,17.28,9533,5764.5,17.23,17.34,17.21,17.32,1774278475000,17.34,17.3,92714,62571.5,1774278110000,17.22,17.22,3426,0.0,483
1774278615000,1774278615000,17.3,17.34,17.27,17.34,1774278615000,17.33,17.34,20925,16591.0,1774278425000,17.28,17.28,9533,5764.5,17.23,17.34,17.21,17.34,1774278615000,17.33,17.34,20925,16591.0,1774278110000,17.22,17.22,3426,0.0,484
1774278620000,1774278620000,17.3,17.34,17.27,17.34,1774278620000,17.34,17.34,11480,1017.5,1774278425000,17.28,17.28,9533,5764.5,17.23,17.34,17.21,17.34,1774278620000,17.34,17.34,11480,1017.5,1774278110000,17.22,17.22,3426,0.0,485
1774278625000,1774278625000,17.3,17.34,17.27,17.34,1774278625000,17.34,17.34,1584,0.0,1774278425000,17.28,17.28,9533,5764.5,17.23,17.34,17.21,17.34,1774278625000,17.34,17.34,1584,0.0,1774278110000,17.22,17.22,3426,0.0,486
1774278630000,1774278630000,17.3,17.35,17.27,17.35,1774278630000,17.33,17.35,16398,15606.0,1774278425000,17.28,17.28,9533,5764.5,17.23,17.35,17.21,17.35,1774278630000,17.33,17.35,16398,15606.0,1774278110000,17.22,17.22,3426,0.0,487
1774278635000,1774278635000,17.3,17.36,17.27,17.34,1774278635000,17.35,17.34,75372,67173.0,1774278425000,17.28,17.28,9533,5764.5,17.25,17.36,17.21,17.34,1774278635000,17.35,17.34,75372,67173.0,1774278110000,17.22,17.22,3426,0.0,488
1774278640000,1774278640000,17.3,17.36,17.27,17.34,1774278635000,17.35,17.34,75372,62621.5,1774278425000,17.28,17.28,9533,5764.5,17.25,17.36,17.21,17.34,1774278635000,17.35,17.34,75372,62621.5,1774278110000,17.22,17.22,3426,0.0,489
1774278645000,1774278645000,17.29,17.36,17.27,17.36,1774278645000,17.35,17.36,11174,6622.5,1774278425000,17.28,17.28,9533,5764.5,17.25,17.36,17.21,17.36,1774278645000,17.35,17.36,11174,6622.5,1774278110000,17.22,17.22,3426,0.0,490
1774278650000,1774278650000,17.29,17.36,17.27,17.35,1774278650000,17.36,17.35,5720,133.0,1774278425000,17.28,17.28,9533,5764.5,17.25,17.36,17.21,17.35,1774278650000,17.36,17.35,5720,133.0,1774278110000,17.22,17.22,3426,0.0,491
1774278655000,1774278655000,17.3,17.36,17.27,17.34,1774278655000,17.35,17.34,12434,9574.0,1774278425000,17.28,17.28,9533,5764.5,17.25,17.36,17.21,17.34,1774278655000,17.35,17.34,12434,9574.0,1774278110000,17.22,17.22,3426,0.0,492
1774278660000,1774278660000,17.31,17.36,17.27,17.34,1774278655000,17.35,17.34,12434,3390.0,1774278425000,17.28,17.28,9533,5764.5,17.23,17.36,17.21,17.34,1774278655000,17.35,17.34,12434,3390.0,1774278110000,17.22,17.22,3426,0.0,493
1774278665000,1774278665000,17.31,17.36,17.27,17.34,1774278655000,17.35,17.34,12434,3390.0,1774278425000,17.28,17.28,9533,5764.5,17.23,17.36,17.21,17.34,1774278655000,17.35,17.34,12434,3390.0,1774278110000,17.22,17.22,3426,0.0,494
1774278670000,1774278670000,17.31,17.36,17.27,17.34,1774278655000,17.35,17.34,12434,3390.0,1774278425000,17.28,17.28,9533,5764.5,17.22,17.36,17.21,17.34,1774278655000,17.35,17.34,12434,3390.0,1774278110000,17.22,17.22,3426,0.0,495
1774278675000,1774278675000,17.29,17.36,17.27,17.33,1774278655000,17.35,17.34,12434,3390.0,1774278425000,17.28,17.28,9533,5764.5,17.23,17.36,17.21,17.33,1774278655000,17.35,17.34,12434,3390.0,1774278110000,17.22,17.22,3426,0.0,496
1774278680000,1774278680000,17.29,17.36,17.27,17.34,1774278655000,17.35,17.34,12434,3390.0,1774278425000,17.28,17.28,9533,5764.5,17.23,17.36,17.21,17.34,1774278655000,17.35,17.34,12434,3390.0,1774278110000,17.22,17.22,3426,0.0,497
1774278685000,1774278685000,17.3,17.36,17.27,17.34,1774278655000,17.35,17.34,12434,3390.0,1774278425000,17.28,17.28,9533,5764.5,17.23,17.36,17.21,17.34,1774278655000,17.35,17.34,12434,3390.0,1774278110000,17.22,17.22,3426,0.0,498
1774278690000,1774278690000,17.3,17.36,17.27,17.34,1774278655000,17.35,17.34,12434,3390.0,1774278425000,17.28,17.28,9533,5764.5,17.24,17.36,17.21,17.34,1774278655000,17.35,17.34,12434,3390.0,1774278110000,17.22,17.22,3426,0.0,499
1774278695000,1774278695000,17.28,17.36,17.27,17.33,1774278655000,17.35,17.34,12434,3390.0,1774278425000,17.28,17.28,9533,5764.5,17.23,17.36,17.21,17.33,1774278655000,17.35,17.34,12434,3390.0,1774278110000,17.22,17.22,3426,0.0,500
1774278700000,1774278700000,17.28,17.36,17.27,17.33,1774278655000,17.35,17.34,12434,3390.0,1774278425000,17.28,17.28,9533,5764.5,17.23,17.36,17.21,17.33,1774278655000,17.35,17.34,12434,3390.0,1774278110000,17.22,17.22,3426,0.0,501
1774278705000,1774278705000,17.28,17.36,17.27,17.35,1774278655000,17.35,17.34,12434,3390.0,1774278425000,17.28,17.28,9533,5764.5,17.23,17.36,17.21,17.35,1774278655000,17.35,17.34,12434,3390.0,1774278110000,17.22,17.22,3426,0.0,502
1774278710000,1774278710000,17.28,17.36,17.27,17.35,1774278655000,17.35,17.34,12434,3390.0,1774278425000,17.28,17.28,9533,5764.5,17.23,17.36,17.21,17.35,1774278655000,17.35,17.34,12434,3390.0,1774278110000,17.22,17.22,3426,0.0,503
1774278715000,1774278715000,17.28,17.36,17.27,17.35,1774278655000,17.35,17.34,12434,3390.0,1774278425000,17.28,17.28,9533,5764.5,17.23,17.36,17.21,17.35,1774278655000,17.35,17.34,12434,3390.0,1774278110000,17.22,17.22,3426,0.0,504
1774278720000,1774278720000,17.29,17.36,17.27,17.33,1774278655000,17.35,17.34,12434,3390.0,1774278425000,17.28,17.28,9533,5764.5,17.23,17.36,17.21,17.33,1774278655000,17.35,17.34,12434,3390.0,1774278110000,17.22,17.22,3426,0.0,505
1774278725000,1774278725000,17.29,17.36,17.27,17.33,1774278655000,17.35,17.34,12434,3390.0,1774278425000,17.28,17.28,9533,5764.5,17.23,17.36,17.21,17.33,1774278655000,17.35,17.34,12434,3390.0,1774278110000,17.22,17.22,3426,0.0,506
1774278730000,1774278730000,17.29,17.36,17.27,17.34,1774278655000,17.35,17.34,12434,3390.0,1774278425000,17.28,17.28,9533,5764.5,17.21,17.36,17.21,17.34,1774278655000,17.35,17.34,12434,3390.0,1774278110000,17.22,17.22,3426,0.0,507
1774278735000,1774278735000,17.28,17.36,17.27,17.33,1774278655000,17.35,17.34,12434,3390.0,1774278425000,17.28,17.28,9533,5764.5,17.21,17.36,17.21,17.33,1774278655000,17.35,17.34,12434,3390.0,1774278110000,17.22,17.22,3426,0.0,508
1774278740000,1774278740000,17.29,17.36,17.28,17.34,1774278655000,17.35,17.34,12434,3390.0,1774278435000,17.29,17.29,14989,10181.5,17.23,17.36,17.21,17.34,1774278655000,17.35,17.34,12434,3390.0,1774278110000,17.22,17.22,3426,0.0,509
1774278745000,1774278745000,17.29,17.36,17.28,17.34,1774278655000,17.35,17.34,12434,3390.0,1774278435000,17.29,17.29,14989,10181.5,17.23,17.36,17.21,17.34,1774278655000,17.35,17.34,12434,3390.0,1774278110000,17.22,17.22,3426,0.0,510
1774278750000,1774278750000,17.3,17.36,17.29,17.35,1774278655000,17.35,17.34,12434,3390.0,1774278530000,17.3,17.31,15209,9945.0,17.23,17.36,17.22,17.35,1774278655000,17.35,17.34,12434,3390.0,1774278115000,17.23,17.23,9136,6945.5,511
1774278755000,1774278755000,17.3,17.36,17.29,17.34,1774278655000,17.35,17.34,12434,3390.0,1774278530000,17.3,17.31,15209,9945.0,17.23,17.36,17.22,17.34,1774278655000,17.35,17.34,12434,3390.0,1774278115000,17.23,17.23,9136,6945.5,512
1774278760000,1774278760000,17.3,17.36,17.29,17.35,1774278655000,17.35,17.34,12434,3390.0,1774278530000,17.3,17.31,15209,9945.0,17.23,17.36,17.23,17.35,1774278655000,17.35,17.34,12434,3390.0,1774278135000,17.24,17.25,4434,0.0,513
1774278765000,1774278765000,17.3,17.36,17.29,17.35,1774278655000,17.35,17.34,12434,3390.0,1774278530000,17.3,17.31,15209,9945.0,17.23,17.36,17.23,17.35,1774278655000,17.35,17.34,12434,3390.0,1774278135000,17.24,17.25,4434,0.0,514
1774278770000,1774278770000,17.3,17.36,17.29,17.35,1774278770000,17.35,17.35,5365,4615.0,1774278530000,17.3,17.31,15209,9945.0,17.23,17.36,17.23,17.35,1774278770000,17.35,17.35,5365,4615.0,1774278135000,17.24,17.25,4434,0.0,515
1774278775000,1774278775000,17.3,17.36,17.29,17.35,1774278770000,17.35,17.35,5365,676.5,1774278530000,17.3,17.31,15209,9945.0,17.23,17.36,17.23,17.35,1774278770000,17.35,17.35,5365,676.5,1774278135000,17.24,17.25,4434,0.0,516
1774278780000,1774278780000,17.3,17.36,17.29,17.34,1774278770000,17.35,17.35,5365,676.5,1774278530000,17.3,17.31,15209,9945.0,17.25,17.36,17.24,17.34,1774278770000,17.35,17.35,5365,676.5,1774278150000,17.24,17.26,5950,0.0,517
1774278785000,1774278785000,17.3,17.36,17.29,17.33,1774278770000,17.35,17.35,5365,676.5,1774278530000,17.3,17.31,15209,9945.0,17.25,17.36,17.24,17.33,1774278770000,17.35,17.35,5365,676.5,1774278150000,17.24,17.26,5950,0.0,518
1774278790000,1774278790000,17.3,17.36,17.29,17.35,1774278770000,17.35,17.35,5365,676.5,1774278530000,17.3,17.31,15209,9945.0,17.25,17.36,17.24,17.35,1774278770000,17.35,17.35,5365,676.5,1774278150000,17.24,17.26,5950,0.0,519
1774278795000,1774278795000,17.3,17.36,17.29,17.35,1774278770000,17.35,17.35,5365,676.5,1774278530000,17.3,17.31,15209,9945.0,17.24,17.36,17.24,17.35,1774278770000,17.35,17.35,5365,676.5,1774278150000,17.24,17.26,5950,0.0,520
1774278800000,1774278800000,17.3,17.36,17.29,17.35,1774278770000,17.35,17.35,5365,676.5,1774278530000,17.3,17.31,15209,9945.0,17.26,17.36,17.25,17.35,1774278770000,17.35,17.35,5365,676.5,1774278155000,17.26,17.26,20301,16681.5,521
1774278805000,1774278805000,17.3,17.36,17.29,17.35,1774278770000,17.35,17.35,5365,676.5,1774278530000,17.3,17.31,15209,9945.0,17.26,17.36,17.25,17.35,1774278770000,17.35,17.35,5365,676.5,1774278155000,17.26,17.26,20301,16681.5,522
1774278810000,1774278810000,17.3,17.36,17.29,17.35,1774278770000,17.35,17.35,5365,676.5,1774278530000,17.3,17.31,15209,9945.0,17.26,17.36,17.25,17.35,1774278770000,17.35,17.35,5365,676.5,1774278155000,17.26,17.26,20301,16681.5,523
1774278815000,1774278815000,17.3,17.36,17.29,17.35,1774278770000,17.35,17.35,5365,676.5,1774278530000,17.3,17.31,15209,9945.0,17.26,17.36,17.25,17.35,1774278770000,17.35,17.35,5365,676.5,1774278155000,17.26,17.26,20301,16681.5,524
1774278820000,1774278820000,17.3,17.36,17.29,17.35,1774278770000,17.35,17.35,5365,676.5,1774278530000,17.3,17.31,15209,9945.0,17.26,17.36,17.25,17.35,1774278770000,17.35,17.35,5365,676.5,1774278155000,17.26,17.26,20301,16681.5,525
1774278825000,1774278825000,17.3,17.36,17.29,17.34,1774278770000,17.35,17.35,5365,676.5,1774278530000,17.3,17.31,15209,9945.0,17.26,17.36,17.25,17.34,1774278770000,17.35,17.35,5365,676.5,1774278155000,17.26,17.26,20301,16681.5,526
1774278830000,1774278830000,17.3,17.36,17.29,17.35,1774278770000,17.35,17.35,5365,676.5,1774278530000,17.3,17.31,15209,9945.0,17.26,17.36,17.25,17.35,1774278770000,17.35,17.35,5365,676.5,1774278155000,17.26,17.26,20301,16681.5,527
1774278835000,1774278835000,17.3,17.36,17.29,17.35,1774278770000,17.35,17.35,5365,676.5,1774278530000,17.3,17.31,15209,9945.0,17.26,17.36,17.25,17.35,1774278770000,17.35,17.35,5365,676.5,1774278155000,17.26,17.26,20301,16681.5,528
1774278840000,1774278840000,17.3,17.36,17.29,17.34,1774278770000,17.35,17.35,5365,676.5,1774278530000,17.3,17.31,15209,9945.0,17.27,17.36,17.27,17.34,1774278770000,17.35,17.35,5365,676.5,1774278425000,17.28,17.28,9533,5764.5,529
1774278845000,1774278845000,17.3,17.36,17.29,17.36,1774278845000,17.35,17.36,3971,0.0,1774278530000,17.3,17.31,15209,9945.0,17.27,17.36,17.27,17.36,1774278845000,17.35,17.36,3971,0.0,1774278425000,17.28,17.28,9533,5764.5,530
1774278850000,1774278850000,17.3,17.36,17.29,17.36,1774278850000,17.35,17.36,4200,2214.5,1774278530000,17.3,17.31,15209,9945.0,17.27,17.36,17.27,17.36,1774278850000,17.35,17.36,4200,2214.5,1774278425000,17.28,17.28,9533,5764.5,531
1774278855000,1774278855000,17.3,17.36,17.29,17.36,1774278855000,17.36,17.36,7026,4926.0,1774278530000,17.3,17.31,15209,9945.0,17.27,17.36,17.27,17.36,1774278855000,17.36,17.36,7026,4926.0,1774278425000,17.28,17.28,9533,5764.5,532
1774278860000,1774278860000,17.34,17.36,17.29,17.35,1774278860000,17.36,17.35,7922,4409.0,1774278530000,17.3,17.31,15209,9945.0,17.27,17.36,17.27,17.35,1774278860000,17.36,17.35,7922,4409.0,1774278425000,17.28,17.28,9533,5764.5,533
1774278865000,1774278865000,17.34,17.36,17.29,17.35,1774278860000,17.36,17.35,7922,606.5,1774278530000,17.3,17.31,15209,9945.0,17.27,17.36,17.27,17.35,1774278860000,17.36,17.35,7922,606.5,1774278425000,17.28,17.28,9533,5764.5,534
1774278870000,1774278870000,17.34,17.36,17.29,17.35,1774278860000,17.36,17.35,7922,606.5,1774278530000,17.3,17.31,15209,9945.0,17.27,17.36,17.27,17.35,1774278860000,17.36,17.35,7922,606.5,1774278425000,17.28,17.28,9533,5764.5,535
1774278875000,1774278875000,17.34,17.36,17.29,17.36,1774278875000,17.35,17.36,10718,9712.5,1774278530000,17.3,17.31,15209,9945.0,17.29,17.36,17.27,17.36,1774278875000,17.35,17.36,10718,9712.5,1774278425000,17.28,17.28,9533,5764.5,536
1774278880000,1774278880000,17.34,17.36,17.29,17.36,1774278880000,17.36,17.36,9100,3741.0,1774278530000,17.3,17.31,15209,9945.0,17.3,17.36,17.27,17.36,1774278880000,17.36,17.36,9100,3741.0,1774278425000,17.28,17.28,9533,5764.5,537
1774278885000,1774278885000,17.34,17.36,17.29,17.36,1774278885000,17.36,17.36,1367,0.0,1774278530000,17.3,17.31,15209,9945.0,17.3,17.36,17.27,17.36,1774278885000,17.36,17.36,1367,0.0,1774278425000,17.28,17.28,9533,5764.5,538
1774278890000,1774278890000,17.34,17.36,17.29,17.36,1774278890000,17.35,17.36,1934,1250.5,1774278530000,17.3,17.31,15209,9945.0,17.3,17.36,17.27,17.36,1774278890000,17.35,17.36,1934,1250.5,1774278425000,17.28,17.28,9533,5764.5,539
1774278895000,1774278895000,17.34,17.36,17.29,17.36,1774278895000,17.35,17.36,810,0.0,1774278530000,17.3,17.31,15209,9945.0,17.3,17.36,17.27,17.36,1774278895000,17.35,17.36,810,0.0,1774278425000,17.28,17.28,9533,5764.5,540
1774278900000,1774278900000,17.34,17.36,17.29,17.36,1774278900000,17.35,17.36,20027,19622.0,1774278530000,17.3,17.31,15209,9945.0,17.3,17.36,17.27,17.36,1774278900000,17.35,17.36,20027,19622.0,1774278425000,17.28,17.28,9533,5764.5,541
1774278905000,1774278905000,17.34,17.36,17.29,17.35,1774278900000,17.35,17.36,20027,19244.5,1774278530000,17.3,17.31,15209,9945.0,17.3,17.36,17.27,17.35,1774278900000,17.35,17.36,20027,19244.5,1774278425000,17.28,17.28,9533,5764.5,542
1774278910000,1774278910000,17.34,17.36,17.29,17.35,1774278900000,17.35,17.36,20027,19244.5,1774278530000,17.3,17.31,15209,9945.0,17.3,17.36,17.27,17.35,1774278900000,17.35,17.36,20027,19244.5,1774278425000,17.28,17.28,9533,5764.5,543
1774278915000,1774278915000,17.34,17.36,17.29,17.35,1774278900000,17.35,17.36,20027,19244.5,1774278530000,17.3,17.31,15209,9945.0,17.3,17.36,17.27,17.35,1774278900000,17.35,17.36,20027,19244.5,1774278425000,17.28,17.28,9533,5764.5,544
1774278920000,1774278920000,17.34,17.36,17.29,17.34,1774278900000,17.35,17.36,20027,19244.5,1774278530000,17.3,17.31,15209,9945.0,17.3,17.36,17.27,17.34,1774278900000,17.35,17.36,20027,19244.5,1774278425000,17.28,17.28,9533,5764.5,545
1774278925000,1774278925000,17.3,17.36,17.29,17.33,1774278900000,17.35,17.36,20027,19244.5,1774278530000,17.3,17.31,15209,9945.0,17.3,17.36,17.27,17.33,1774278900000,17.35,17.36,20027,19244.5,1774278425000,17.28,17.28,9533,5764.5,546
1774278930000,1774278930000,17.3,17.36,17.29,17.33,1774278900000,17.35,17.36,20027,19244.5,1774278530000,17.3,17.31,15209,9945.0,17.3,17.36,17.27,17.33,1774278900000,17.35,17.36,20027,19244.5,1774278425000,17.28,17.28,9533,5764.5,547
1774278935000,1774278935000,17.3,17.36,17.29,17.34,1774278900000,17.35,17.36,20027,19244.5,1774278530000,17.3,17.31,15209,9945.0,17.3,17.36,17.27,17.34,1774278900000,17.35,17.36,20027,19244.5,1774278425000,17.28,17.28,9533,5764.5,548
1774278940000,1774278940000,17.3,17.36,17.29,17.35,1774278900000,17.35,17.36,20027,19244.5,1774278530000,17.3,17.31,15209,9945.0,17.3,17.36,17.27,17.35,1774278900000,17.35,17.36,20027,19244.5,1774278425000,17.28,17.28,9533,5764.5,549
1774278945000,1774278945000,17.3,17.36,17.29,17.34,1774278900000,17.35,17.36,20027,19244.5,1774278530000,17.3,17.31,15209,9945.0,17.3,17.36,17.27,17.34,1774278900000,17.35,17.36,20027,19244.5,1774278425000,17.28,17.28,9533,5764.5,550
1774278950000,1774278950000,17.3,17.36,17.29,17.35,1774278900000,17.35,17.36,20027,19244.5,1774278530000,17.3,17.31,15209,9945.0,17.3,17.36,17.27,17.35,1774278900000,17.35,17.36,20027,19244.5,1774278425000,17.28,17.28,9533,5764.5,551
1774278955000,1774278955000,17.3,17.36,17.29,17.35,1774278900000,17.35,17.36,20027,19244.5,1774278530000,17.3,17.31,15209,9945.0,17.3,17.36,17.27,17.35,1774278900000,17.35,17.36,20027,19244.5,1774278425000,17.28,17.28,9533,5764.5,552
1774278960000,1774278960000,17.3,17.36,17.29,17.35,1774278900000,17.35,17.36,20027,19244.5,1774278530000,17.3,17.31,15209,9945.0,17.3,17.36,17.27,17.35,1774278900000,17.35,17.36,20027,19244.5,1774278425000,17.28,17.28,9533,5764.5,553
1774278965000,1774278965000,17.3,17.36,17.29,17.35,1774278900000,17.35,17.36,20027,19244.5,1774278530000,17.3,17.31,15209,9945.0,17.29,17.36,17.27,17.35,1774278900000,17.35,17.36,20027,19244.5,1774278425000,17.28,17.28,9533,5764.5,554
1774278970000,1774278970000,17.3,17.36,17.29,17.35,1774278900000,17.35,17.36,20027,19244.5,1774278530000,17.3,17.31,15209,9945.0,17.29,17.36,17.27,17.35,1774278900000,17.35,17.36,20027,19244.5,1774278425000,17.28,17.28,9533,5764.5,555
1774278975000,1774278975000,17.3,17.36,17.29,17.35,1774278900000,17.35,17.36,20027,19244.5,1774278530000,17.3,17.31,15209,9945.0,17.29,17.36,17.27,17.35,1774278900000,17.35,17.36,20027,19244.5,1774278425000,17.28,17.28,9533,5764.5,556
1774278980000,1774278980000,17.3,17.36,17.29,17.34,1774278900000,17.35,17.36,20027,19244.5,1774278530000,17.3,17.31,15209,9945.0,17.29,17.36,17.27,17.34,1774278900000,17.35,17.36,20027,19244.5,1774278425000,17.28,17.28,9533,5764.5,557
1774278985000,1774278985000,17.3,17.36,17.29,17.34,1774278900000,17.35,17.36,20027,19244.5,1774278530000,17.3,17.31,15209,9945.0,17.29,17.36,17.27,17.34,1774278900000,17.35,17.36,20027,19244.5,1774278425000,17.28,17.28,9533,5764.5,558
1774278990000,1774278990000,17.3,17.36,17.3,17.33,1774278900000,17.35,17.36,20027,19244.5,1774278540000,17.3,17.31,7537,0.0,17.3,17.36,17.27,17.33,1774278900000,17.35,17.36,20027,19244.5,1774278425000,17.28,17.28,9533,5764.5,559
1774278995000,1774278995000,17.3,17.36,17.3,17.32,1774278900000,17.35,17.36,20027,19244.5,1774278540000,17.3,17.31,7537,0.0,17.3,17.36,17.27,17.32,1774278900000,17.35,17.36,20027,19244.5,1774278425000,17.28,17.28,9533,5764.5,560
1774279000000,1774279000000,17.32,17.36,17.31,17.32,1774278900000,17.35,17.36,20027,19244.5,1774279000000,17.32,17.32,8896,7816.0,17.3,17.36,17.27,17.32,1774278900000,17.35,17.36,20027,19244.5,1774278425000,17.28,17.28,9533,5764.5,561
1774279005000,1774279005000,17.32,17.36,17.3,17.32,1774278900000,17.35,17.36,20027,19244.5,1774279005000,17.32,17.32,17906,13458.0,17.3,17.36,17.27,17.32,1774278900000,17.35,17.36,20027,19244.5,1774278425000,17.28,17.28,9533,5764.5,562
1774279010000,1774279010000,17.33,17.36,17.3,17.31,1774278900000,17.35,17.36,20027,19244.5,1774279005000,17.32,17.32,17906,11706.5,17.3,17.36,17.27,17.31,1774278900000,17.35,17.36,20027,19244.5,1774278425000,17.28,17.28,9533,5764.5,563
1774279015000,1774279015000,17.33,17.36,17.3,17.32,1774278900000,17.35,17.36,20027,19244.5,1774279005000,17.32,17.32,17906,11706.5,17.3,17.36,17.27,17.32,1774278900000,17.35,17.36,20027,19244.5,1774278425000,17.28,17.28,9533,5764.5,564
1774279020000,1774279020000,17.33,17.36,17.3,17.32,1774278900000,17.35,17.36,20027,19244.5,1774279005000,17.32,17.32,17906,11706.5,17.3,17.36,17.27,17.32,1774278900000,17.35,17.36,20027,19244.5,1774278425000,17.28,17.28,9533,5764.5,565
1774279025000,1774279025000,17.33,17.36,17.29,17.3,1774278900000,17.35,17.36,20027,19244.5,1774279025000,17.31,17.3,16292,15787.0,17.3,17.36,17.27,17.3,1774278900000,17.35,17.36,20027,19244.5,1774278425000,17.28,17.28,9533,5764.5,566
1774279030000,1774279030000,17.33,17.36,17.29,17.3,1774278900000,17.35,17.36,20027,19244.5,1774279030000,17.3,17.3,4210,0.0,17.3,17.36,17.27,17.3,1774278900000,17.35,17.36,20027,19244.5,1774278425000,17.28,17.28,9533,5764.5,567
1774279035000,1774279035000,17.33,17.36,17.29,17.3,1774278900000,17.35,17.36,20027,19244.5,1774279035000,17.29,17.3,21336,19231.0,17.3,17.36,17.27,17.3,1774278900000,17.35,17.36,20027,19244.5,1774278425000,17.28,17.28,9533,5764.5,568
1774279040000,1774279040000,17.32,17.36,17.29,17.3,1774278900000,17.35,17.36,20027,19244.5,1774279035000,17.29,17.3,21336,18131.0,17.3,17.36,17.27,17.3,1774278900000,17.35,17.36,20027,19244.5,1774278425000,17.28,17.28,9533,5764.5,569
1774279045000,1774279045000,17.32,17.36,17.29,17.3,1774278900000,17.35,17.36,20027,19244.5,1774279035000,17.29,17.3,21336,18131.0,17.3,17.36,17.27,17.3,1774278900000,17.35,17.36,20027,19244.5,1774278425000,17.28,17.28,9533,5764.5,570
1774279050000,1774279050000,17.33,17.36,17.29,17.29,1774278900000,17.35,17.36,20027,19244.5,1774279050000,17.3,17.29,16173,15108.0,17.3,17.36,17.27,17.29,1774278900000,17.35,17.36,20027,19244.5,1774278425000,17.28,17.28,9533,5764.5,571
1774279055000,1774279055000,17.33,17.36,17.28,17.29,1774278900000,17.35,17.36,20027,19244.5,1774279055000,17.29,17.29,1758,0.0,17.3,17.36,17.27,17.29,1774278900000,17.35,17.36,20027,19244.5,1774278425000,17.28,17.28,9533,5764.5,572
1774279060000,1774279060000,17.33,17.36,17.28,17.29,1774278900000,17.35,17.36,20027,19244.5,1774279060000,17.28,17.29,4032,3153.0,17.3,17.36,17.27,17.29,1774278900000,17.35,17.36,20027,19244.5,1774278425000,17.28,17.28,9533,5764.5,573
1774279065000,1774279065000,17.33,17.36,17.28,17.3,1774278900000,17.35,17.36,20027,19244.5,1774279065000,17.29,17.3,7802,5786.0,17.3,17.36,17.27,17.3,1774278900000,17.35,17.36,20027,19244.5,1774278425000,17.28,17.28,9533,5764.5,574
1774279070000,1774279070000,17.34,17.36,17.28,17.29,1774278900000,17.35,17.36,20027,19244.5,1774279065000,17.29,17.3,7802,2659.0,17.3,17.36,17.27,17.29,1774278900000,17.35,17.36,20027,19244.5,1774278425000,17.28,17.28,9533,5764.5,575
1774279075000,1774279075000,17.34,17.36,17.28,17.3,1774278900000,17.35,17.36,20027,19244.5,1774279065000,17.29,17.3,7802,2659.0,17.3,17.36,17.27,17.3,1774278900000,17.35,17.36,20027,19244.5,1774278425000,17.28,17.28,9533,5764.5,576
1774279080000,1774279080000,17.34,17.36,17.28,17.28,1774278900000,17.35,17.36,20027,19244.5,1774279080000,17.29,17.28,5980,5635.5,17.3,17.36,17.27,17.28,1774278900000,17.35,17.36,20027,19244.5,1774278425000,17.28,17.28,9533,5764.5,577
1774279085000,1774279085000,17.35,17.36,17.28,17.28,1774278900000,17.35,17.36,20027,19244.5,1774279085000,17.28,17.28,22067,19077.0,17.3,17.36,17.27,17.28,1774278900000,17.35,17.36,20027,19244.5,1774278425000,17.28,17.28,9533,5764.5,578
1774279090000,1774279090000,17.35,17.36,17.27,17.28,1774278900000,17.35,17.36,20027,19244.5,1774279090000,17.29,17.28,1427,0.0,17.3,17.36,17.27,17.28,1774278900000,17.35,17.36,20027,19244.5,1774279090000,17.29,17.28,1427,0.0,579
1774279095000,1774279095000,17.35,17.36,17.27,17.27,1774278900000,17.35,17.36,20027,19244.5,1774279095000,17.28,17.27,6729,6015.5,17.3,17.36,17.27,17.27,1774278900000,17.35,17.36,20027,19244.5,1774279095000,17.28,17.27,6729,6015.5,580
1774279100000,1774279100000,17.35,17.36,17.24,17.25,1774278900000,17.35,17.36,20027,19244.5,1774279100000,17.27,17.25,25801,22436.5,17.31,17.36,17.24,17.25,1774278900000,17.35,17.36,20027,19244.5,1774279100000,17.27,17.25,25801,22436.5,581
1774279105000,1774279105000,17.35,17.36,17.23,17.23,1774278900000,17.35,17.36,20027,19244.5,1774279105000,17.25,17.23,18995,6094.5,17.3,17.36,17.23,17.23,1774278900000,17.35,17.36,20027,19244.5,1774279105000,17.25,17.23,18995,6094.5,582
1774279110000,1774279110000,17.35,17.36,17.23,17.24,1774278900000,17.35,17.36,20027,19244.5,1774279110000,17.23,17.24,10266,768.5,17.3,17.36,17.23,17.24,1774278900000,17.35,17.36,20027,19244.5,1774279110000,17.23,17.24,10266,768.5,583
1774279115000,1774279115000,17.35,17.36,17.23,17.25,1774278900000,17.35,17.36,20027,19244.5,1774279110000,17.23,17.24,10266,0.0,17.3,17.36,17.23,17.25,1774278900000,17.35,17.36,20027,19244.5,1774279110000,17.23,17.24,10266,0.0,584
1774279120000,1774279120000,17.35,17.36,17.23,17.24,1774278900000,17.35,17.36,20027,19244.5,1774279110000,17.23,17.24,10266,0.0,17.3,17.36,17.23,17.24,1774278900000,17.35,17.36,20027,19244.5,1774279110000,17.23,17.24,10266,0.0,585
1774279125000,1774279125000,17.35,17.36,17.23,17.23,1774278900000,17.35,17.36,20027,19244.5,1774279125000,17.23,17.23,10240,7452.0,17.29,17.36,17.23,17.23,1774278900000,17.35,17.36,20027,19244.5,1774279125000,17.23,17.23,10240,7452.0,586
1774279130000,1774279130000,17.36,17.36,17.23,17.23,1774278900000,17.35,17.36,20027,19244.5,1774279130000,17.23,17.23,2505,0.0,17.29,17.36,17.23,17.23,1774278900000,17.35,17.36,20027,19244.5,1774279130000,17.23,17.23,2505,0.0,587
1774279135000,1774279135000,17.35,17.36,17.23,17.25,1774278900000,17.35,17.36,20027,19244.5,1774279135000,17.23,17.25,4733,3480.5,17.29,17.36,17.23,17.25,1774278900000,17.35,17.36,20027,19244.5,1774279135000,17.23,17.25,4733,3480.5,588
1774279140000,1774279140000,17.34,17.36,17.23,17.26,1774278900000,17.35,17.36,20027,19244.5,1774279135000,17.23,17.25,4733,0.0,17.31,17.36,17.23,17.26,1774278900000,17.35,17.36,20027,19244.5,1774279135000,17.23,17.25,4733,0.0,589
1774279145000,1774279145000,17.34,17.36,17.23,17.25,1774278900000,17.35,17.36,20027,19244.5,1774279135000,17.23,17.25,4733,0.0,17.29,17.36,17.23,17.25,1774278900000,17.35,17.36,20027,19244.5,1774279135000,17.23,17.25,4733,0.0,590
1774279150000,1774279150000,17.32,17.36,17.23,17.25,1774278900000,17.35,17.36,20027,19244.5,1774279135000,17.23,17.25,4733,0.0,17.28,17.36,17.23,17.25,1774278900000,17.35,17.36,20027,19244.5,1774279135000,17.23,17.25,4733,0.0,591
1774279155000,1774279155000,17.34,17.36,17.23,17.25,1774278900000,17.35,17.36,20027,19244.5,1774279135000,17.23,17.25,4733,0.0,17.28,17.36,17.23,17.25,1774278900000,17.35,17.36,20027,19244.5,1774279135000,17.23,17.25,4733,0.0,592
1774279160000,1774279160000,17.34,17.36,17.23,17.25,1774278900000,17.35,17.36,20027,19244.5,1774279135000,17.23,17.25,4733,0.0,17.28,17.36,17.23,17.25,1774278900000,17.35,17.36,20027,19244.5,1774279135000,17.23,17.25,4733,0.0,593
1774279165000,1774279165000,17.34,17.36,17.23,17.25,1774278900000,17.35,17.36,20027,19244.5,1774279135000,17.23,17.25,4733,0.0,17.28,17.36,17.23,17.25,1774278900000,17.35,17.36,20027,19244.5,1774279135000,17.23,17.25,4733,0.0,594
1774279170000,1774279170000,17.35,17.36,17.23,17.23,1774278900000,17.35,17.36,20027,19244.5,1774279170000,17.25,17.23,3950,3080.0,17.28,17.36,17.23,17.23,1774278900000,17.35,17.36,20027,19244.5,1774279170000,17.25,17.23,3950,3080.0,595
1774279175000,1774279175000,17.35,17.36,17.23,17.24,1774278900000,17.35,17.36,20027,19244.5,1774279175000,17.24,17.24,5911,3936.0,17.28,17.36,17.23,17.24,1774278900000,17.35,17.36,20027,19244.5,1774279175000,17.24,17.24,5911,3936.0,596
1774279180000,1774279180000,17.35,17.36,17.23,17.24,1774278900000,17.35,17.36,20027,19244.5,1774279175000,17.24,17.24,5911,3376.0,17.28,17.36,17.23,17.24,1774278900000,17.35,17.36,20027,19244.5,1774279175000,17.24,17.24,5911,3376.0,597
1774279185000,1774279185000,17.35,17.36,17.23,17.24,1774278900000,17.35,17.36,20027,19244.5,1774279175000,17.24,17.24,5911,3376.0,17.29,17.36,17.23,17.24,1774278900000,17.35,17.36,20027,19244.5,1774279175000,17.24,17.24,5911,3376.0,598
1774279190000,1774279190000,17.33,17.36,17.23,17.23,1774278900000,17.35,17.36,20027,19244.5,1774279190000,17.24,17.23,9576,5627.0,17.29,17.36,17.23,17.23,1774278900000,17.35,17.36,20027,19244.5,1774279190000,17.24,17.23,9576,5627.0,599
1774279195000,1774279195000,17.34,17.36,17.23,17.24,1774278900000,17.35,17.36,20027,19244.5,1774279195000,17.23,17.24,8730,3942.0,17.28,17.36,17.23,17.24,1774278900000,17.35,17.36,20027,19244.5,1774279195000,17.23,17.24,8730,3942.0,600
1774279200000,1774279200000,17.33,17.36,17.22,17.23,1774278900000,17.35,17.36,20027,19244.5,1774279200000,17.23,17.23,3438,0.0,17.28,17.36,17.22,17.23,1774278900000,17.35,17.36,20027,19244.5,1774279200000,17.23,17.23,3438,0.0,601
1774279205000,1774279205000,17.34,17.36,17.22,17.23,1774278900000,17.35,17.36,20027,19244.5,1774279205000,17.23,17.23,12365,10646.0,17.29,17.36,17.22,17.23,1774278900000,17.35,17.36,20027,19244.5,1774279205000,17.23,17.23,12365,10646.0,602
1774279210000,1774279210000,17.35,17.36,17.22,17.23,1774278900000,17.35,17.36,20027,19244.5,1774279210000,17.23,17.23,20895,14712.5,17.3,17.36,17.22,17.23,1774278900000,17.35,17.36,20027,19244.5,1774279210000,17.23,17.23,20895,14712.5,603
1774279215000,1774279215000,17.35,17.36,17.22,17.23,1774278900000,17.35,17.36,20027,19244.5,1774279210000,17.23,17.23,20895,14411.0,17.3,17.36,17.22,17.23,1774278900000,17.35,17.36,20027,19244.5,1774279210000,17.23,17.23,20895,14411.0,604
1774279220000,1774279220000,17.34,17.36,17.22,17.26,1774278900000,17.35,17.36,20027,19244.5,1774279210000,17.23,17.23,20895,14411.0,17.3,17.36,17.22,17.26,1774278900000,17.35,17.36,20027,19244.5,1774279210000,17.23,17.23,20895,14411.0,605
1774279225000,1774279225000,17.35,17.36,17.22,17.26,1774278900000,17.35,17.36,20027,19244.5,1774279210000,17.23,17.23,20895,14411.0,17.31,17.36,17.22,17.26,1774278900000,17.35,17.36,20027,19244.5,1774279210000,17.23,17.23,20895,14411.0,606
1774279230000,1774279230000,17.35,17.36,17.22,17.28,1774278900000,17.35,17.36,20027,19244.5,1774279210000,17.23,17.23,20895,14411.0,17.31,17.36,17.22,17.28,1774278900000,17.35,17.36,20027,19244.5,1774279210000,17.23,17.23,20895,14411.0,607
1774279235000,1774279235000,17.34,17.36,17.22,17.27,1774278900000,17.35,17.36,20027,19244.5,1774279210000,17.23,17.23,20895,14411.0,17.3,17.36,17.22,17.27,1774278900000,17.35,17.36,20027,19244.5,1774279210000,17.23,17.23,20895,14411.0,608
1774279240000,1774279240000,17.35,17.36,17.22,17.26,1774278900000,17.35,17.36,20027,19244.5,1774279210000,17.23,17.23,20895,14411.0,17.3,17.36,17.22,17.26,1774278900000,17.35,17.36,20027,19244.5,1774279210000,17.23,17.23,20895,14411.0,609
1774279245000,1774279245000,17.35,17.36,17.22,17.26,1774278900000,17.35,17.36,20027,19244.5,1774279210000,17.23,17.23,20895,14411.0,17.3,17.36,17.22,17.26,1774278900000,17.35,17.36,20027,19244.5,1774279210000,17.23,17.23,20895,14411.0,610
1774279250000,1774279250000,17.35,17.36,17.22,17.26,1774278900000,17.35,17.36,20027,19244.5,1774279210000,17.23,17.23,20895,14411.0,17.3,17.36,17.22,17.26,1774278900000,17.35,17.36,20027,19244.5,1774279210000,17.23,17.23,20895,14411.0,611
1774279255000,1774279255000,17.35,17.36,17.22,17.26,1774278900000,17.35,17.36,20027,19244.5,1774279210000,17.23,17.23,20895,14411.0,17.3,17.36,17.22,17.26,1774278900000,17.35,17.36,20027,19244.5,1774279210000,17.23,17.23,20895,14411.0,612
1774279260000,1774279260000,17.36,17.36,17.22,17.25,1774278900000,17.35,17.36,20027,19244.5,1774279210000,17.23,17.23,20895,14411.0,17.3,17.36,17.22,17.25,1774278900000,17.35,17.36,20027,19244.5,1774279210000,17.23,17.23,20895,14411.0,613
1774279265000,1774279265000,17.36,17.36,17.22,17.26,1774278900000,17.35,17.36,20027,19244.5,1774279210000,17.23,17.23,20895,14411.0,17.3,17.36,17.22,17.26,1774278900000,17.35,17.36,20027,19244.5,1774279210000,17.23,17.23,20895,14411.0,614
1774279270000,1774279270000,17.35,17.36,17.22,17.28,1774278900000,17.35,17.36,20027,19244.5,1774279210000,17.23,17.23,20895,14411.0,17.34,17.36,17.22,17.28,1774278900000,17.35,17.36,20027,19244.5,1774279210000,17.23,17.23,20895,14411.0,615
1774279275000,1774279275000,17.35,17.35,17.22,17.32,1774278980000,17.35,17.34,10296,0.0,1774279210000,17.23,17.23,20895,14411.0,17.34,17.36,17.22,17.32,1774278900000,17.35,17.36,20027,19244.5,1774279210000,17.23,17.23,20895,14411.0,616
1774279280000,1774279280000,17.35,17.35,17.22,17.32,1774278980000,17.35,17.34,10296,0.0,1774279210000,17.23,17.23,20895,14411.0,17.34,17.36,17.22,17.32,1774278900000,17.35,17.36,20027,19244.5,1774279210000,17.23,17.23,20895,14411.0,617
1774279285000,1774279285000,17.35,17.35,17.22,17.32,1774278980000,17.35,17.34,10296,0.0,1774279210000,17.23,17.23,20895,14411.0,17.34,17.36,17.22,17.32,1774278900000,17.35,17.36,20027,19244.5,1774279210000,17.23,17.23,20895,14411.0,618
1774279290000,1774279290000,17.34,17.35,17.22,17.32,1774278980000,17.35,17.34,10296,0.0,1774279210000,17.23,17.23,20895,14411.0,17.3,17.36,17.22,17.32,1774278900000,17.35,17.36,20027,19244.5,1774279210000,17.23,17.23,20895,14411.0,619
1774279295000,1774279295000,17.34,17.35,17.22,17.32,1774278980000,17.35,17.34,10296,0.0,1774279210000,17.23,17.23,20895,14411.0,17.3,17.36,17.22,17.32,1774278900000,17.35,17.36,20027,19244.5,1774279210000,17.23,17.23,20895,14411.0,620
1774279300000,1774279300000,17.35,17.35,17.22,17.32,1774278980000,17.35,17.34,10296,0.0,1774279210000,17.23,17.23,20895,14411.0,17.3,17.36,17.22,17.32,1774278900000,17.35,17.36,20027,19244.5,1774279210000,17.23,17.23,20895,14411.0,621
1774279305000,1774279305000,17.34,17.35,17.22,17.32,1774278980000,17.35,17.34,10296,0.0,1774279210000,17.23,17.23,20895,14411.0,17.3,17.36,17.22,17.32,1774278900000,17.35,17.36,20027,19244.5,1774279210000,17.23,17.23,20895,14411.0,622
1774279310000,1774279310000,17.35,17.35,17.22,17.32,1774278980000,17.35,17.34,10296,0.0,1774279210000,17.23,17.23,20895,14411.0,17.3,17.36,17.22,17.32,1774278900000,17.35,17.36,20027,19244.5,1774279210000,17.23,17.23,20895,14411.0,623
1774279315000,1774279315000,17.35,17.35,17.22,17.34,1774278980000,17.35,17.34,10296,0.0,1774279210000,17.23,17.23,20895,14411.0,17.3,17.36,17.22,17.34,1774278900000,17.35,17.36,20027,19244.5,1774279210000,17.23,17.23,20895,14411.0,624
1774279320000,1774279320000,17.35,17.35,17.22,17.34,1774279320000,17.34,17.34,12656,8915.0,1774279210000,17.23,17.23,20895,14411.0,17.32,17.36,17.22,17.34,1774278900000,17.35,17.36,20027,19244.5,1774279210000,17.23,17.23,20895,14411.0,625
1774279325000,1774279325000,17.35,17.35,17.22,17.35,1774279325000,17.34,17.35,25362,19034.0,1774279210000,17.23,17.23,20895,14411.0,17.3,17.36,17.22,17.35,1774278900000,17.35,17.36,20027,19244.5,1774279210000,17.23,17.23,20895,14411.0,626
1774279330000,1774279330000,17.35,17.35,17.22,17.35,1774279330000,17.35,17.35,5029,0.0,1774279210000,17.23,17.23,20895,14411.0,17.3,17.36,17.22,17.35,1774278900000,17.35,17.36,20027,19244.5,1774279210000,17.23,17.23,20895,14411.0,627
1774279335000,1774279335000,17.35,17.35,17.22,17.34,1774279335000,17.35,17.34,6368,3853.5,1774279210000,17.23,17.23,20895,14411.0,17.3,17.36,17.22,17.34,1774278900000,17.35,17.36,20027,19244.5,1774279210000,17.23,17.23,20895,14411.0,628
1774279340000,1774279340000,17.35,17.35,17.22,17.35,1774279340000,17.35,17.35,2530,0.0,1774279210000,17.23,17.23,20895,14411.0,17.3,17.36,17.22,17.35,1774278900000,17.35,17.36,20027,19244.5,1774279210000,17.23,17.23,20895,14411.0,629
1774279345000,1774279345000,17.35,17.35,17.22,17.34,1774279345000,17.35,17.34,8665,7400.0,1774279210000,17.23,17.23,20895,14411.0,17.3,17.36,17.22,17.34,1774278900000,17.35,17.36,20027,19244.5,1774279210000,17.23,17.23,20895,14411.0,630
1774279350000,1774279350000,17.34,17.35,17.22,17.34,1774279345000,17.35,17.34,8665,2272.0,1774279210000,17.23,17.23,20895,14411.0,17.3,17.36,17.22,17.34,1774278900000,17.35,17.36,20027,19244.5,1774279210000,17.23,17.23,20895,14411.0,631
1774279355000,1774279355000,17.34,17.35,17.22,17.35,1774279355000,17.34,17.35,4591,0.0,1774279210000,17.23,17.23,20895,14411.0,17.3,17.36,17.22,17.35,1774278900000,17.35,17.36,20027,19244.5,1774279210000,17.23,17.23,20895,14411.0,632
1774279360000,1774279360000,17.32,17.37,17.22,17.35,1774279360000,17.35,17.35,42355,40059.5,1774279210000,17.23,17.23,20895,14411.0,17.32,17.37,17.22,17.35,1774279360000,17.35,17.35,42355,40059.5,1774279210000,17.23,17.23,20895,14411.0,633
1774279365000,1774279365000,17.32,17.37,17.22,17.36,1774279360000,17.35,17.35,42355,37245.0,1774279210000,17.23,17.23,20895,14411.0,17.33,17.37,17.22,17.36,1774279360000,17.35,17.35,42355,37245.0,1774279210000,17.23,17.23,20895,14411.0,634
1774279370000,1774279370000,17.31,17.37,17.22,17.36,1774279360000,17.35,17.35,42355,37245.0,1774279210000,17.23,17.23,20895,14411.0,17.32,17.37,17.22,17.36,1774279360000,17.35,17.35,42355,37245.0,1774279210000,17.23,17.23,20895,14411.0,635
1774279375000,1774279375000,17.31,17.37,17.22,17.36,1774279375000,17.37,17.36,2869,0.0,1774279210000,17.23,17.23,20895,14411.0,17.32,17.37,17.22,17.36,1774279375000,17.37,17.36,2869,0.0,1774279210000,17.23,17.23,20895,14411.0,636
1774279380000,1774279380000,17.29,17.38,17.22,17.37,1774279380000,17.37,17.37,28271,26836.5,1774279210000,17.23,17.23,20895,14411.0,17.32,17.38,17.22,17.37,1774279380000,17.37,17.37,28271,26836.5,1774279210000,17.23,17.23,20895,14411.0,637
1774279385000,1774279385000,17.3,17.38,17.22,17.36,1774279380000,17.37,17.37,28271,22554.5,1774279210000,17.23,17.23,20895,14411.0,17.32,17.38,17.22,17.36,1774279380000,17.37,17.37,28271,22554.5,1774279210000,17.23,17.23,20895,14411.0,638
1774279390000,1774279390000,17.3,17.38,17.22,17.36,1774279380000,17.37,17.37,28271,22554.5,1774279210000,17.23,17.23,20895,14411.0,17.31,17.38,17.22,17.36,1774279380000,17.37,17.37,28271,22554.5,1774279210000,17.23,17.23,20895,14411.0,639
1774279395000,1774279395000,17.28,17.38,17.22,17.36,1774279380000,17.37,17.37,28271,22554.5,1774279210000,17.23,17.23,20895,14411.0,17.33,17.38,17.22,17.36,1774279380000,17.37,17.37,28271,22554.5,1774279210000,17.23,17.23,20895,14411.0,640
1774279400000,1774279400000,17.29,17.38,17.22,17.37,1774279380000,17.37,17.37,28271,22554.5,1774279210000,17.23,17.23,20895,14411.0,17.33,17.38,17.22,17.37,1774279380000,17.37,17.37,28271,22554.5,1774279210000,17.23,17.23,20895,14411.0,641
1774279405000,1774279405000,17.29,17.38,17.22,17.36,1774279380000,17.37,17.37,28271,22554.5,1774279210000,17.23,17.23,20895,14411.0,17.33,17.38,17.22,17.36,1774279380000,17.37,17.37,28271,22554.5,1774279210000,17.23,17.23,20895,14411.0,642
1774279410000,1774279410000,17.29,17.38,17.22,17.37,1774279380000,17.37,17.37,28271,22554.5,1774279210000,17.23,17.23,20895,14411.0,17.33,17.38,17.22,17.37,1774279380000,17.37,17.37,28271,22554.5,1774279210000,17.23,17.23,20895,14411.0,643
1774279415000,1774279415000,17.29,17.38,17.22,17.37,1774279415000,17.37,17.37,6779,4685.5,1774279210000,17.23,17.23,20895,14411.0,17.34,17.38,17.22,17.37,1774279415000,17.37,17.37,6779,4685.5,1774279210000,17.23,17.23,20895,14411.0,644
1774279420000,1774279420000,17.28,17.38,17.22,17.38,1774279420000,17.37,17.38,7900,4510.5,1774279210000,17.23,17.23,20895,14411.0,17.33,17.38,17.22,17.38,1774279420000,17.37,17.38,7900,4510.5,1774279210000,17.23,17.23,20895,14411.0,645
1774279425000,1774279425000,17.28,17.39,17.22,17.39,1774279425000,17.38,17.39,23539,19589.0,1774279210000,17.23,17.23,20895,14411.0,17.35,17.39,17.22,17.39,1774279425000,17.38,17.39,23539,19589.0,1774279210000,17.23,17.23,20895,14411.0,646
1774279430000,1774279430000,17.25,17.41,17.22,17.41,1774279430000,17.39,17.41,110838,99068.5,1774279210000,17.23,17.23,20895,14411.0,17.34,17.41,17.22,17.41,1774279430000,17.39,17.41,110838,99068.5,1774279210000,17.23,17.23,20895,14411.0,647
1774279435000,1774279435000,17.25,17.41,17.22,17.39,1774279435000,17.41,17.39,22383,0.0,1774279210000,17.23,17.23,20895,14411.0,17.34,17.41,17.22,17.39,1774279435000,17.41,17.39,22383,0.0,1774279210000,17.23,17.23,20895,14411.0,648
1774279440000,1774279440000,17.25,17.41,17.22,17.39,1774279435000,17.41,17.39,22383,0.0,1774279210000,17.23,17.23,20895,14411.0,17.34,17.41,17.22,17.39,1774279435000,17.41,17.39,22383,0.0,1774279210000,17.23,17.23,20895,14411.0,649
1774279445000,1774279445000,17.25,17.41,17.22,17.39,1774279435000,17.41,17.39,22383,0.0,1774279210000,17.23,17.23,20895,14411.0,17.32,17.41,17.22,17.39,1774279435000,17.41,17.39,22383,0.0,1774279210000,17.23,17.23,20895,14411.0,650
1774279450000,1774279450000,17.25,17.41,17.22,17.39,1774279435000,17.41,17.39,22383,0.0,1774279210000,17.23,17.23,20895,14411.0,17.34,17.41,17.22,17.39,1774279435000,17.41,17.39,22383,0.0,1774279210000,17.23,17.23,20895,14411.0,651
1774279455000,1774279455000,17.25,17.41,17.22,17.39,1774279435000,17.41,17.39,22383,0.0,1774279210000,17.23,17.23,20895,14411.0,17.34,17.41,17.22,17.39,1774279435000,17.41,17.39,22383,0.0,1774279210000,17.23,17.23,20895,14411.0,652
1774279460000,1774279460000,17.25,17.41,17.22,17.38,1774279435000,17.41,17.39,22383,0.0,1774279210000,17.23,17.23,20895,14411.0,17.35,17.41,17.22,17.38,1774279435000,17.41,17.39,22383,0.0,1774279210000,17.23,17.23,20895,14411.0,653
1774279465000,1774279465000,17.24,17.41,17.22,17.38,1774279435000,17.41,17.39,22383,0.0,1774279210000,17.23,17.23,20895,14411.0,17.35,17.41,17.22,17.38,1774279435000,17.41,17.39,22383,0.0,1774279210000,17.23,17.23,20895,14411.0,654
1774279470000,1774279470000,17.24,17.41,17.22,17.39,1774279435000,17.41,17.39,22383,0.0,1774279210000,17.23,17.23,20895,14411.0,17.35,17.41,17.22,17.39,1774279435000,17.41,17.39,22383,0.0,1774279210000,17.23,17.23,20895,14411.0,655
1774279475000,1774279475000,17.24,17.41,17.22,17.39,1774279435000,17.41,17.39,22383,0.0,1774279210000,17.23,17.23,20895,14411.0,17.35,17.41,17.22,17.39,1774279435000,17.41,17.39,22383,0.0,1774279210000,17.23,17.23,20895,14411.0,656
1774279480000,1774279480000,17.24,17.41,17.22,17.39,1774279435000,17.41,17.39,22383,0.0,1774279210000,17.23,17.23,20895,14411.0,17.33,17.41,17.22,17.39,1774279435000,17.41,17.39,22383,0.0,1774279210000,17.23,17.23,20895,14411.0,657
1774279485000,1774279485000,17.23,17.41,17.22,17.4,1774279435000,17.41,17.39,22383,0.0,1774279210000,17.23,17.23,20895,14411.0,17.34,17.41,17.22,17.4,1774279435000,17.41,17.39,22383,0.0,1774279210000,17.23,17.23,20895,14411.0,658
1774279490000,1774279490000,17.23,17.41,17.22,17.39,1774279435000,17.41,17.39,22383,0.0,1774279210000,17.23,17.23,20895,14411.0,17.34,17.41,17.22,17.39,1774279435000,17.41,17.39,22383,0.0,1774279210000,17.23,17.23,20895,14411.0,659
1774279495000,1774279495000,17.23,17.41,17.22,17.39,1774279435000,17.41,17.39,22383,0.0,1774279210000,17.23,17.23,20895,14411.0,17.34,17.41,17.22,17.39,1774279435000,17.41,17.39,22383,0.0,1774279210000,17.23,17.23,20895,14411.0,660
1774279500000,1774279500000,17.23,17.41,17.22,17.38,1774279435000,17.41,17.39,22383,0.0,1774279210000,17.23,17.23,20895,14411.0,17.33,17.41,17.22,17.38,1774279435000,17.41,17.39,22383,0.0,1774279210000,17.23,17.23,20895,14411.0,661
1774279505000,1774279505000,17.23,17.41,17.22,17.38,1774279435000,17.41,17.39,22383,0.0,1774279210000,17.23,17.23,20895,14411.0,17.33,17.41,17.22,17.38,1774279435000,17.41,17.39,22383,0.0,1774279210000,17.23,17.23,20895,14411.0,662
1774279510000,1774279510000,17.23,17.41,17.22,17.37,1774279435000,17.41,17.39,22383,0.0,1774279210000,17.23,17.23,20895,14411.0,17.34,17.41,17.22,17.37,1774279435000,17.41,17.39,22383,0.0,1774279210000,17.23,17.23,20895,14411.0,663
1774279515000,1774279515000,17.23,17.41,17.22,17.38,1774279435000,17.41,17.39,22383,0.0,1774279210000,17.23,17.23,20895,14411.0,17.34,17.41,17.22,17.38,1774279435000,17.41,17.39,22383,0.0,1774279210000,17.23,17.23,20895,14411.0,664
1774279520000,1774279520000,17.23,17.41,17.22,17.38,1774279435000,17.41,17.39,22383,0.0,1774279210000,17.23,17.23,20895,14411.0,17.34,17.41,17.22,17.38,1774279435000,17.41,17.39,22383,0.0,1774279210000,17.23,17.23,20895,14411.0,665
1774279525000,1774279525000,17.23,17.41,17.22,17.38,1774279435000,17.41,17.39,22383,0.0,1774279210000,17.23,17.23,20895,14411.0,17.35,17.41,17.22,17.38,1774279435000,17.41,17.39,22383,0.0,1774279210000,17.23,17.23,20895,14411.0,666
1774279530000,1774279530000,17.24,17.41,17.23,17.39,1774279435000,17.41,17.39,22383,0.0,1774279220000,17.24,17.26,15615,8920.0,17.34,17.41,17.22,17.39,1774279435000,17.41,17.39,22383,0.0,1774279210000,17.23,17.23,20895,14411.0,667
1774279535000,1774279535000,17.26,17.41,17.24,17.38,1774279435000,17.41,17.39,22383,0.0,1774279260000,17.25,17.25,9243,8243.5,17.34,17.41,17.22,17.38,1774279435000,17.41,17.39,22383,0.0,1774279210000,17.23,17.23,20895,14411.0,668
1774279540000,1774279540000,17.26,17.41,17.24,17.39,1774279435000,17.41,17.39,22383,0.0,1774279260000,17.25,17.25,9243,8243.5,17.34,17.41,17.22,17.39,1774279435000,17.41,17.39,22383,0.0,1774279210000,17.23,17.23,20895,14411.0,669
1774279545000,1774279545000,17.26,17.41,17.24,17.39,1774279435000,17.41,17.39,22383,0.0,1774279260000,17.25,17.25,9243,8243.5,17.34,17.41,17.22,17.39,1774279435000,17.41,17.39,22383,0.0,1774279210000,17.23,17.23,20895,14411.0,670
1774279550000,1774279550000,17.26,17.41,17.24,17.39,1774279435000,17.41,17.39,22383,0.0,1774279260000,17.25,17.25,9243,8243.5,17.35,17.41,17.22,17.39,1774279435000,17.41,17.39,22383,0.0,1774279210000,17.23,17.23,20895,14411.0,671
1774279555000,1774279555000,17.26,17.41,17.24,17.37,1774279435000,17.41,17.39,22383,0.0,1774279260000,17.25,17.25,9243,8243.5,17.35,17.41,17.22,17.37,1774279435000,17.41,17.39,22383,0.0,1774279210000,17.23,17.23,20895,14411.0,672
1774279560000,1774279560000,17.27,17.41,17.24,17.38,1774279435000,17.41,17.39,22383,0.0,1774279260000,17.25,17.25,9243,8243.5,17.34,17.41,17.22,17.38,1774279435000,17.41,17.39,22383,0.0,1774279210000,17.23,17.23,20895,14411.0,673
1774279565000,1774279565000,17.26,17.41,17.24,17.38,1774279435000,17.41,17.39,22383,0.0,1774279260000,17.25,17.25,9243,8243.5,17.34,17.41,17.22,17.38,1774279435000,17.41,17.39,22383,0.0,1774279210000,17.23,17.23,20895,14411.0,674
1774279570000,1774279570000,17.26,17.41,17.24,17.37,1774279435000,17.41,17.39,22383,0.0,1774279260000,17.25,17.25,9243,8243.5,17.35,17.41,17.22,17.37,1774279435000,17.41,17.39,22383,0.0,1774279210000,17.23,17.23,20895,14411.0,675
1774279575000,1774279575000,17.26,17.41,17.24,17.37,1774279435000,17.41,17.39,22383,0.0,1774279260000,17.25,17.25,9243,8243.5,17.35,17.41,17.22,17.37,1774279435000,17.41,17.39,22383,0.0,1774279210000,17.23,17.23,20895,14411.0,676
1774279580000,1774279580000,17.26,17.41,17.24,17.37,1774279435000,17.41,17.39,22383,0.0,1774279260000,17.25,17.25,9243,8243.5,17.35,17.41,17.22,17.37,1774279435000,17.41,17.39,22383,0.0,1774279210000,17.23,17.23,20895,14411.0,677
1774279585000,1774279585000,17.26,17.41,17.24,17.36,1774279435000,17.41,17.39,22383,0.0,1774279260000,17.25,17.25,9243,8243.5,17.35,17.41,17.22,17.36,1774279435000,17.41,17.39,22383,0.0,1774279210000,17.23,17.23,20895,14411.0,678
1774279590000,1774279590000,17.26,17.41,17.24,17.36,1774279435000,17.41,17.39,22383,0.0,1774279260000,17.25,17.25,9243,8243.5,17.35,17.41,17.22,17.36,1774279435000,17.41,17.39,22383,0.0,1774279210000,17.23,17.23,20895,14411.0,679
1774279595000,1774279595000,17.26,17.41,17.24,17.35,1774279435000,17.41,17.39,22383,0.0,1774279260000,17.25,17.25,9243,8243.5,17.35,17.41,17.22,17.35,1774279435000,17.41,17.39,22383,0.0,1774279210000,17.23,17.23,20895,14411.0,680
1774279600000,1774279600000,17.25,17.41,17.24,17.34,1774279435000,17.41,17.39,22383,0.0,1774279260000,17.25,17.25,9243,8243.5,17.35,17.41,17.22,17.34,1774279435000,17.41,17.39,22383,0.0,1774279210000,17.23,17.23,20895,14411.0,681
1774279605000,1774279605000,17.25,17.41,17.24,17.34,1774279435000,17.41,17.39,22383,0.0,1774279260000,17.25,17.25,9243,8243.5,17.35,17.41,17.22,17.34,1774279435000,17.41,17.39,22383,0.0,1774279210000,17.23,17.23,20895,14411.0,682
1774279610000,1774279610000,17.25,17.41,17.24,17.34,1774279435000,17.41,17.39,22383,0.0,1774279260000,17.25,17.25,9243,8243.5,17.36,17.41,17.22,17.34,1774279435000,17.41,17.39,22383,0.0,1774279210000,17.23,17.23,20895,14411.0,683
1774279615000,1774279615000,17.26,17.41,17.25,17.34,1774279435000,17.41,17.39,22383,0.0,1774279270000,17.26,17.28,14678,0.0,17.35,17.41,17.22,17.34,1774279435000,17.41,17.39,22383,0.0,1774279210000,17.23,17.23,20895,14411.0,684
1774279620000,1774279620000,17.28,17.41,17.27,17.34,1774279435000,17.41,17.39,22383,0.0,1774279275000,17.28,17.32,60425,52236.0,17.35,17.41,17.22,17.34,1774279435000,17.41,17.39,22383,0.0,1774279210000,17.23,17.23,20895,14411.0,685
1774279625000,1774279625000,17.28,17.41,17.27,17.35,1774279435000,17.41,17.39,22383,0.0,1774279275000,17.28,17.32,60425,52236.0,17.35,17.41,17.22,17.35,1774279435000,17.41,17.39,22383,0.0,1774279210000,17.23,17.23,20895,14411.0,686
1774279630000,1774279630000,17.28,17.41,17.27,17.36,1774279435000,17.41,17.39,22383,0.0,1774279275000,17.28,17.32,60425,52236.0,17.35,17.41,17.22,17.36,1774279435000,17.41,17.39,22383,0.0,1774279210000,17.23,17.23,20895,14411.0,687
1774279635000,1774279635000,17.28,17.41,17.27,17.35,1774279435000,17.41,17.39,22383,0.0,1774279275000,17.28,17.32,60425,52236.0,17.35,17.41,17.22,17.35,1774279435000,17.41,17.39,22383,0.0,1774279210000,17.23,17.23,20895,14411.0,688
1774279640000,1774279640000,17.28,17.41,17.27,17.35,1774279435000,17.41,17.39,22383,0.0,1774279275000,17.28,17.32,60425,52236.0,17.35,17.41,17.22,17.35,1774279435000,17.41,17.39,22383,0.0,1774279210000,17.23,17.23,20895,14411.0,689
1774279645000,1774279645000,17.28,17.41,17.27,17.35,1774279435000,17.41,17.39,22383,0.0,1774279275000,17.28,17.32,60425,52236.0,17.35,17.41,17.22,17.35,1774279435000,17.41,17.39,22383,0.0,1774279210000,17.23,17.23,20895,14411.0,690
1774279650000,1774279650000,17.28,17.41,17.27,17.36,1774279435000,17.41,17.39,22383,0.0,1774279275000,17.28,17.32,60425,52236.0,17.35,17.41,17.22,17.36,1774279435000,17.41,17.39,22383,0.0,1774279210000,17.23,17.23,20895,14411.0,691
1774279655000,1774279655000,17.28,17.41,17.27,17.36,1774279435000,17.41,17.39,22383,0.0,1774279275000,17.28,17.32,60425,52236.0,17.35,17.41,17.22,17.36,1774279435000,17.41,17.39,22383,0.0,1774279210000,17.23,17.23,20895,14411.0,692
1774279660000,1774279660000,17.32,17.41,17.3,17.35,1774279435000,17.41,17.39,22383,0.0,1774279290000,17.32,17.32,50289,43256.0,17.35,17.41,17.22,17.35,1774279435000,17.41,17.39,22383,0.0,1774279210000,17.23,17.23,20895,14411.0,693
1774279665000,1774279665000,17.32,17.41,17.3,17.34,1774279435000,17.41,17.39,22383,0.0,1774279290000,17.32,17.32,50289,43256.0,17.35,17.41,17.22,17.34,1774279435000,17.41,17.39,22383,0.0,1774279210000,17.23,17.23,20895,14411.0,694
1774279670000,1774279670000,17.32,17.41,17.3,17.33,1774279435000,17.41,17.39,22383,0.0,1774279290000,17.32,17.32,50289,43256.0,17.35,17.41,17.22,17.33,1774279435000,17.41,17.39,22383,0.0,1774279210000,17.23,17.23,20895,14411.0,695
1774279675000,1774279675000,17.32,17.41,17.3,17.34,1774279435000,17.41,17.39,22383,0.0,1774279290000,17.32,17.32,50289,43256.0,17.35,17.41,17.22,17.34,1774279435000,17.41,17.39,22383,0.0,1774279210000,17.23,17.23,20895,14411.0,696
1774279680000,1774279680000,17.32,17.41,17.3,17.34,1774279435000,17.41,17.39,22383,0.0,1774279290000,17.32,17.32,50289,43256.0,17.35,17.41,17.22,17.34,1774279435000,17.41,17.39,22383,0.0,1774279210000,17.23,17.23,20895,14411.0,697
1774279685000,1774279685000,17.32,17.41,17.3,17.34,1774279435000,17.41,17.39,22383,0.0,1774279290000,17.32,17.32,50289,43256.0,17.34,17.41,17.22,17.34,1774279435000,17.41,17.39,22383,0.0,1774279210000,17.23,17.23,20895,14411.0,698
1774279690000,1774279690000,17.32,17.41,17.3,17.33,1774279435000,17.41,17.39,22383,0.0,1774279290000,17.32,17.32,50289,43256.0,17.34,17.41,17.22,17.33,1774279435000,17.41,17.39,22383,0.0,1774279210000,17.23,17.23,20895,14411.0,699
1774279695000,1774279695000,17.32,17.41,17.3,17.34,1774279435000,17.41,17.39,22383,0.0,1774279290000,17.32,17.32,50289,43256.0,17.34,17.41,17.22,17.34,1774279435000,17.41,17.39,22383,0.0,1774279210000,17.23,17.23,20895,14411.0,700
1774279700000,1774279700000,17.32,17.41,17.3,17.34,1774279435000,17.41,17.39,22383,0.0,1774279290000,17.32,17.32,50289,43256.0,17.34,17.41,17.22,17.34,1774279435000,17.41,17.39,22383,0.0,1774279210000,17.23,17.23,20895,14411.0,701
1774279705000,1774279705000,17.31,17.41,17.31,17.34,1774279435000,17.41,17.39,22383,0.0,1774279305000,17.32,17.32,2801,0.0,17.34,17.41,17.22,17.34,1774279435000,17.41,17.39,22383,0.0,1774279210000,17.23,17.23,20895,14411.0,702
1774279710000,1774279710000,17.32,17.41,17.31,17.34,1774279435000,17.41,17.39,22383,0.0,1774279305000,17.32,17.32,2801,0.0,17.35,17.41,17.22,17.34,1774279435000,17.41,17.39,22383,0.0,1774279210000,17.23,17.23,20895,14411.0,703
1774279715000,1774279715000,17.32,17.41,17.31,17.35,1774279435000,17.41,17.39,22383,0.0,1774279305000,17.32,17.32,2801,0.0,17.34,17.41,17.22,17.35,1774279435000,17.41,17.39,22383,0.0,1774279210000,17.23,17.23,20895,14411.0,704
1774279720000,1774279720000,17.32,17.41,17.31,17.35,1774279435000,17.41,17.39,22383,0.0,1774279305000,17.32,17.32,2801,0.0,17.34,17.41,17.22,17.35,1774279435000,17.41,17.39,22383,0.0,1774279210000,17.23,17.23,20895,14411.0,705
1774279725000,1774279725000,17.32,17.41,17.32,17.35,1774279435000,17.41,17.39,22383,0.0,1774279315000,17.33,17.34,7482,0.0,17.35,17.41,17.22,17.35,1774279435000,17.41,17.39,22383,0.0,1774279210000,17.23,17.23,20895,14411.0,706
1774279730000,1774279730000,17.33,17.41,17.32,17.34,1774279435000,17.41,17.39,22383,0.0,1774279315000,17.33,17.34,7482,0.0,17.35,17.41,17.22,17.34,1774279435000,17.41,17.39,22383,0.0,1774279210000,17.23,17.23,20895,14411.0,707
1774279735000,1774279735000,17.33,17.41,17.32,17.33,1774279435000,17.41,17.39,22383,0.0,1774279315000,17.33,17.34,7482,0.0,17.35,17.41,17.22,17.33,1774279435000,17.41,17.39,22383,0.0,1774279210000,17.23,17.23,20895,14411.0,708
1774279740000,1774279740000,17.33,17.41,17.32,17.33,1774279435000,17.41,17.39,22383,0.0,1774279315000,17.33,17.34,7482,0.0,17.35,17.41,17.22,17.33,1774279435000,17.41,17.39,22383,0.0,1774279210000,17.23,17.23,20895,14411.0,709
1774279745000,1774279745000,17.34,17.41,17.33,17.34,1774279435000,17.41,17.39,22383,0.0,1774279745000,17.34,17.34,6957,6732.0,17.35,17.41,17.22,17.34,1774279435000,17.41,17.39,22383,0.0,1774279210000,17.23,17.23,20895,14411.0,710
1774279750000,1774279750000,17.34,17.41,17.33,17.35,1774279435000,17.41,17.39,22383,0.0,1774279745000,17.34,17.34,6957,1750.0,17.35,17.41,17.22,17.35,1774279435000,17.41,17.39,22383,0.0,1774279210000,17.23,17.23,20895,14411.0,711
1774279755000,1774279755000,17.34,17.41,17.33,17.36,1774279435000,17.41,17.39,22383,0.0,1774279745000,17.34,17.34,6957,1750.0,17.35,17.41,17.22,17.36,1774279435000,17.41,17.39,22383,0.0,1774279210000,17.23,17.23,20895,14411.0,712
1774279760000,1774279760000,17.34,17.41,17.33,17.35,1774279435000,17.41,17.39,22383,0.0,1774279745000,17.34,17.34,6957,1750.0,17.35,17.41,17.22,17.35,1774279435000,17.41,17.39,22383,0.0,1774279210000,17.23,17.23,20895,14411.0,713
1774279765000,1774279765000,17.35,17.41,17.33,17.34,1774279435000,17.41,17.39,22383,0.0,1774279765000,17.35,17.34,5738,3508.5,17.35,17.41,17.22,17.34,1774279435000,17.41,17.39,22383,0.0,1774279210000,17.23,17.23,20895,14411.0,714
1774279770000,1774279770000,17.35,17.41,17.33,17.34,1774279435000,17.41,17.39,22383,0.0,1774279770000,17.33,17.34,3900,1031.0,17.35,17.41,17.22,17.34,1774279435000,17.41,17.39,22383,0.0,1774279210000,17.23,17.23,20895,14411.0,715
1774279775000,1774279775000,17.35,17.41,17.32,17.32,1774279435000,17.41,17.39,22383,0.0,1774279775000,17.34,17.32,4564,2614.0,17.35,17.41,17.22,17.32,1774279435000,17.41,17.39,22383,0.0,1774279210000,17.23,17.23,20895,14411.0,716
1774279780000,1774279780000,17.35,17.41,17.32,17.32,1774279435000,17.41,17.39,22383,0.0,1774279780000,17.32,17.32,1030,0.0,17.35,17.41,17.22,17.32,1774279435000,17.41,17.39,22383,0.0,1774279210000,17.23,17.23,20895,14411.0,717
1774279785000,1774279785000,17.35,17.41,17.32,17.34,1774279435000,17.41,17.39,22383,0.0,1774279785000,17.32,17.34,7700,7185.0,17.35,17.41,17.22,17.34,1774279435000,17.41,17.39,22383,0.0,1774279210000,17.23,17.23,20895,14411.0,718
1774279790000,1774279790000,17.35,17.41,17.32,17.34,1774279435000,17.41,17.39,22383,0.0,1774279785000,17.32,17.34,7700,7110.0,17.35,17.41,17.22,17.34,1774279435000,17.41,17.39,22383,0.0,1774279210000,17.23,17.23,20895,14411.0,719
1774279795000,1774279795000,17.35,17.41,17.32,17.34,1774279435000,17.41,17.39,22383,0.0,1774279785000,17.32,17.34,7700,7110.0,17.35,17.41,17.22,17.34,1774279435000,17.41,17.39,22383,0.0,1774279210000,17.23,17.23,20895,14411.0,720
1774279800000,1774279800000,17.34,17.41,17.32,17.35,1774279435000,17.41,17.39,22383,0.0,1774279785000,17.32,17.34,7700,7110.0,17.35,17.41,17.22,17.35,1774279435000,17.41,17.39,22383,0.0,1774279210000,17.23,17.23,20895,14411.0,721
1774279805000,1774279805000,17.34,17.41,17.32,17.35,1774279435000,17.41,17.39,22383,0.0,1774279785000,17.32,17.34,7700,7110.0,17.34,17.41,17.22,17.35,1774279435000,17.41,17.39,22383,0.0,1774279210000,17.23,17.23,20895,14411.0,722
1774279810000,1774279810000,17.35,17.41,17.32,17.36,1774279435000,17.41,17.39,22383,0.0,1774279785000,17.32,17.34,7700,7110.0,17.34,17.41,17.22,17.36,1774279435000,17.41,17.39,22383,0.0,1774279210000,17.23,17.23,20895,14411.0,723
1774279815000,1774279815000,17.35,17.41,17.32,17.36,1774279435000,17.41,17.39,22383,0.0,1774279785000,17.32,17.34,7700,7110.0,17.34,17.41,17.22,17.36,1774279435000,17.41,17.39,22383,0.0,1774279210000,17.23,17.23,20895,14411.0,724
1774279820000,1774279820000,17.35,17.41,17.32,17.36,1774279435000,17.41,17.39,22383,0.0,1774279785000,17.32,17.34,7700,7110.0,17.32,17.41,17.22,17.36,1774279435000,17.41,17.39,22383,0.0,1774279210000,17.23,17.23,20895,14411.0,725
1774279825000,1774279825000,17.35,17.41,17.32,17.36,1774279435000,17.41,17.39,22383,0.0,1774279785000,17.32,17.34,7700,7110.0,17.32,17.41,17.22,17.36,1774279435000,17.41,17.39,22383,0.0,1774279210000,17.23,17.23,20895,14411.0,726
1774279830000,1774279830000,17.36,17.41,17.32,17.36,1774279435000,17.41,17.39,22383,0.0,1774279785000,17.32,17.34,7700,7110.0,17.31,17.41,17.22,17.36,1774279435000,17.41,17.39,22383,0.0,1774279210000,17.23,17.23,20895,14411.0,727
1774279835000,1774279835000,17.37,17.41,17.32,17.36,1774279435000,17.41,17.39,22383,0.0,1774279785000,17.32,17.34,7700,7110.0,17.31,17.41,17.22,17.36,1774279435000,17.41,17.39,22383,0.0,1774279210000,17.23,17.23,20895,14411.0,728
1774279840000,1774279840000,17.37,17.41,17.32,17.35,1774279435000,17.41,17.39,22383,0.0,1774279785000,17.32,17.34,7700,7110.0,17.3,17.41,17.22,17.35,1774279435000,17.41,17.39,22383,0.0,1774279210000,17.23,17.23,20895,14411.0,729
1774279845000,1774279845000,17.37,17.41,17.32,17.36,1774279435000,17.41,17.39,22383,0.0,1774279785000,17.32,17.34,7700,7110.0,17.3,17.41,17.22,17.36,1774279435000,17.41,17.39,22383,0.0,1774279210000,17.23,17.23,20895,14411.0,730
1774279850000,1774279850000,17.36,17.41,17.32,17.35,1774279435000,17.41,17.39,22383,0.0,1774279785000,17.32,17.34,7700,7110.0,17.28,17.41,17.22,17.35,1774279435000,17.41,17.39,22383,0.0,1774279210000,17.23,17.23,20895,14411.0,731
1774279855000,1774279855000,17.36,17.41,17.32,17.35,1774279435000,17.41,17.39,22383,0.0,1774279785000,17.32,17.34,7700,7110.0,17.29,17.41,17.22,17.35,1774279435000,17.41,17.39,22383,0.0,1774279210000,17.23,17.23,20895,14411.0,732
1774279860000,1774279860000,17.36,17.41,17.32,17.34,1774279435000,17.41,17.39,22383,0.0,1774279785000,17.32,17.34,7700,7110.0,17.29,17.41,17.22,17.34,1774279435000,17.41,17.39,22383,0.0,1774279210000,17.23,17.23,20895,14411.0,733
1774279865000,1774279865000,17.37,17.41,17.32,17.34,1774279435000,17.41,17.39,22383,0.0,1774279785000,17.32,17.34,7700,7110.0,17.29,17.41,17.22,17.34,1774279435000,17.41,17.39,22383,0.0,1774279210000,17.23,17.23,20895,14411.0,734
1774279870000,1774279870000,17.37,17.41,17.32,17.35,1774279435000,17.41,17.39,22383,0.0,1774279785000,17.32,17.34,7700,7110.0,17.29,17.41,17.22,17.35,1774279435000,17.41,17.39,22383,0.0,1774279210000,17.23,17.23,20895,14411.0,735
1774279875000,1774279875000,17.37,17.41,17.32,17.35,1774279435000,17.41,17.39,22383,0.0,1774279785000,17.32,17.34,7700,7110.0,17.29,17.41,17.22,17.35,1774279435000,17.41,17.39,22383,0.0,1774279210000,17.23,17.23,20895,14411.0,736
1774279880000,1774279880000,17.37,17.41,17.32,17.35,1774279435000,17.41,17.39,22383,0.0,1774279785000,17.32,17.34,7700,7110.0,17.29,17.41,17.22,17.35,1774279435000,17.41,17.39,22383,0.0,1774279210000,17.23,17.23,20895,14411.0,737
1774279885000,1774279885000,17.37,17.41,17.32,17.34,1774279435000,17.41,17.39,22383,0.0,1774279785000,17.32,17.34,7700,7110.0,17.28,17.41,17.22,17.34,1774279435000,17.41,17.39,22383,0.0,1774279210000,17.23,17.23,20895,14411.0,738
1774279890000,1774279890000,17.38,17.41,17.32,17.34,1774279435000,17.41,17.39,22383,0.0,1774279785000,17.32,17.34,7700,7110.0,17.28,17.41,17.22,17.34,1774279435000,17.41,17.39,22383,0.0,1774279210000,17.23,17.23,20895,14411.0,739
1774279895000,1774279895000,17.38,17.41,17.32,17.33,1774279435000,17.41,17.39,22383,0.0,1774279785000,17.32,17.34,7700,7110.0,17.29,17.41,17.22,17.33,1774279435000,17.41,17.39,22383,0.0,1774279210000,17.23,17.23,20895,14411.0,740
1774279900000,1774279900000,17.39,17.41,17.32,17.34,1774279435000,17.41,17.39,22383,0.0,1774279785000,17.32,17.34,7700,7110.0,17.27,17.41,17.22,17.34,1774279435000,17.41,17.39,22383,0.0,1774279210000,17.23,17.23,20895,14411.0,741
1774279905000,1774279905000,17.39,17.41,17.32,17.34,1774279435000,17.41,17.39,22383,0.0,1774279785000,17.32,17.34,7700,7110.0,17.25,17.41,17.22,17.34,1774279435000,17.41,17.39,22383,0.0,1774279210000,17.23,17.23,20895,14411.0,742
1774279910000,1774279910000,17.39,17.41,17.32,17.34,1774279435000,17.41,17.39,22383,0.0,1774279785000,17.32,17.34,7700,7110.0,17.25,17.41,17.22,17.34,1774279435000,17.41,17.39,22383,0.0,1774279210000,17.23,17.23,20895,14411.0,743
1774279915000,1774279915000,17.39,17.41,17.32,17.34,1774279435000,17.41,17.39,22383,0.0,1774279785000,17.32,17.34,7700,7110.0,17.25,17.41,17.22,17.34,1774279435000,17.41,17.39,22383,0.0,1774279210000,17.23,17.23,20895,14411.0,744
1774279920000,1774279920000,17.39,17.41,17.32,17.35,1774279435000,17.41,17.39,22383,0.0,1774279785000,17.32,17.34,7700,7110.0,17.23,17.41,17.22,17.35,1774279435000,17.41,17.39,22383,0.0,1774279210000,17.23,17.23,20895,14411.0,745
1774279925000,1774279925000,17.39,17.41,17.32,17.35,1774279435000,17.41,17.39,22383,0.0,1774279785000,17.32,17.34,7700,7110.0,17.25,17.41,17.22,17.35,1774279435000,17.41,17.39,22383,0.0,1774279210000,17.23,17.23,20895,14411.0,746
1774279930000,1774279930000,17.39,17.41,17.32,17.34,1774279435000,17.41,17.39,22383,0.0,1774279785000,17.32,17.34,7700,7110.0,17.25,17.41,17.22,17.34,1774279435000,17.41,17.39,22383,0.0,1774279210000,17.23,17.23,20895,14411.0,747
1774279935000,1774279935000,17.39,17.41,17.32,17.34,1774279435000,17.41,17.39,22383,0.0,1774279785000,17.32,17.34,7700,7110.0,17.25,17.41,17.22,17.34,1774279435000,17.41,17.39,22383,0.0,1774279210000,17.23,17.23,20895,14411.0,748
1774279940000,1774279940000,17.39,17.41,17.32,17.35,1774279435000,17.41,17.39,22383,0.0,1774279785000,17.32,17.34,7700,7110.0,17.23,17.41,17.22,17.35,1774279435000,17.41,17.39,22383,0.0,1774279210000,17.23,17.23,20895,14411.0,749
1774279945000,1774279945000,17.39,17.41,17.32,17.35,1774279435000,17.41,17.39,22383,0.0,1774279785000,17.32,17.34,7700,7110.0,17.23,17.41,17.22,17.35,1774279435000,17.41,17.39,22383,0.0,1774279210000,17.23,17.23,20895,14411.0,750
1774279950000,1774279950000,17.39,17.41,17.32,17.34,1774279435000,17.41,17.39,22383,0.0,1774279785000,17.32,17.34,7700,7110.0,17.23,17.41,17.22,17.34,1774279435000,17.41,17.39,22383,0.0,1774279210000,17.23,17.23,20895,14411.0,751
1774279955000,1774279955000,17.39,17.41,17.32,17.35,1774279435000,17.41,17.39,22383,0.0,1774279785000,17.32,17.34,7700,7110.0,17.23,17.41,17.22,17.35,1774279435000,17.41,17.39,22383,0.0,1774279210000,17.23,17.23,20895,14411.0,752
1774279960000,1774279960000,17.39,17.41,17.32,17.34,1774279435000,17.41,17.39,22383,0.0,1774279785000,17.32,17.34,7700,7110.0,17.23,17.41,17.22,17.34,1774279435000,17.41,17.39,22383,0.0,1774279210000,17.23,17.23,20895,14411.0,753
1774279965000,1774279965000,17.39,17.41,17.32,17.35,1774279435000,17.41,17.39,22383,0.0,1774279785000,17.32,17.34,7700,7110.0,17.25,17.41,17.22,17.35,1774279435000,17.41,17.39,22383,0.0,1774279210000,17.23,17.23,20895,14411.0,754
1774279970000,1774279970000,17.39,17.41,17.32,17.36,1774279435000,17.41,17.39,22383,0.0,1774279785000,17.32,17.34,7700,7110.0,17.25,17.41,17.22,17.36,1774279435000,17.41,17.39,22383,0.0,1774279210000,17.23,17.23,20895,14411.0,755
1774279975000,1774279975000,17.41,17.41,17.32,17.36,1774279435000,17.41,17.39,22383,0.0,1774279785000,17.32,17.34,7700,7110.0,17.26,17.41,17.22,17.36,1774279435000,17.41,17.39,22383,0.0,1774279210000,17.23,17.23,20895,14411.0,756
1774279980000,1774279980000,17.41,17.41,17.32,17.36,1774279435000,17.41,17.39,22383,0.0,1774279785000,17.32,17.34,7700,7110.0,17.26,17.41,17.22,17.36,1774279435000,17.41,17.39,22383,0.0,1774279210000,17.23,17.23,20895,14411.0,757
1774279985000,1774279985000,17.41,17.41,17.32,17.36,1774279435000,17.41,17.39,22383,0.0,1774279785000,17.32,17.34,7700,7110.0,17.26,17.41,17.22,17.36,1774279435000,17.41,17.39,22383,0.0,1774279210000,17.23,17.23,20895,14411.0,758
1774279990000,1774279990000,17.39,17.4,17.32,17.35,1774279495000,17.39,17.39,2648,0.0,1774279785000,17.32,17.34,7700,7110.0,17.25,17.41,17.22,17.35,1774279435000,17.41,17.39,22383,0.0,1774279210000,17.23,17.23,20895,14411.0,759
1774279995000,1774279995000,17.39,17.4,17.32,17.35,1774279495000,17.39,17.39,2648,0.0,1774279785000,17.32,17.34,7700,7110.0,17.25,17.41,17.22,17.35,1774279435000,17.41,17.39,22383,0.0,1774279210000,17.23,17.23,20895,14411.0,760
1774280000000,1774280000000,17.39,17.4,17.32,17.35,1774279495000,17.39,17.39,2648,0.0,1774279785000,17.32,17.34,7700,7110.0,17.25,17.41,17.22,17.35,1774279435000,17.41,17.39,22383,0.0,1774279210000,17.23,17.23,20895,14411.0,761
1774280005000,1774280005000,17.39,17.4,17.32,17.35,1774279495000,17.39,17.39,2648,0.0,1774279785000,17.32,17.34,7700,7110.0,17.25,17.41,17.22,17.35,1774279435000,17.41,17.39,22383,0.0,1774279210000,17.23,17.23,20895,14411.0,762
1774280010000,1774280010000,17.39,17.4,17.32,17.34,1774279495000,17.39,17.39,2648,0.0,1774279785000,17.32,17.34,7700,7110.0,17.25,17.41,17.22,17.34,1774279435000,17.41,17.39,22383,0.0,1774279210000,17.23,17.23,20895,14411.0,763
1774280015000,1774280015000,17.38,17.39,17.32,17.34,1774279550000,17.39,17.39,5027,805.0,1774279785000,17.32,17.34,7700,7110.0,17.23,17.41,17.22,17.34,1774279435000,17.41,17.39,22383,0.0,1774279210000,17.23,17.23,20895,14411.0,764
1774280020000,1774280020000,17.37,17.39,17.32,17.34,1774279550000,17.39,17.39,5027,805.0,1774279785000,17.32,17.34,7700,7110.0,17.23,17.41,17.22,17.34,1774279435000,17.41,17.39,22383,0.0,1774279210000,17.23,17.23,20895,14411.0,765
1774280025000,1774280025000,17.38,17.39,17.32,17.35,1774279550000,17.39,17.39,5027,805.0,1774279785000,17.32,17.34,7700,7110.0,17.23,17.41,17.22,17.35,1774279435000,17.41,17.39,22383,0.0,1774279210000,17.23,17.23,20895,14411.0,766
1774280030000,1774280030000,17.38,17.39,17.32,17.35,1774279550000,17.39,17.39,5027,805.0,1774279785000,17.32,17.34,7700,7110.0,17.23,17.41,17.22,17.35,1774279435000,17.41,17.39,22383,0.0,1774279210000,17.23,17.23,20895,14411.0,767
1774280035000,1774280035000,17.38,17.39,17.32,17.35,1774279550000,17.39,17.39,5027,805.0,1774279785000,17.32,17.34,7700,7110.0,17.23,17.41,17.22,17.35,1774279435000,17.41,17.39,22383,0.0,1774279210000,17.23,17.23,20895,14411.0,768
1774280040000,1774280040000,17.38,17.39,17.32,17.36,1774279550000,17.39,17.39,5027,805.0,1774279785000,17.32,17.34,7700,7110.0,17.23,17.41,17.22,17.36,1774279435000,17.41,17.39,22383,0.0,1774279210000,17.23,17.23,20895,14411.0,769
1774280045000,1774280045000,17.38,17.39,17.32,17.35,1774279550000,17.39,17.39,5027,805.0,1774279785000,17.32,17.34,7700,7110.0,17.24,17.41,17.23,17.35,1774279435000,17.41,17.39,22383,0.0,1774279220000,17.24,17.26,15615,8920.0,770
1774280050000,1774280050000,17.38,17.39,17.32,17.34,1774279550000,17.39,17.39,5027,805.0,1774279785000,17.32,17.34,7700,7110.0,17.24,17.41,17.23,17.34,1774279435000,17.41,17.39,22383,0.0,1774279220000,17.24,17.26,15615,8920.0,771
1774280055000,1774280055000,17.39,17.39,17.32,17.35,1774279550000,17.39,17.39,5027,805.0,1774279785000,17.32,17.34,7700,7110.0,17.26,17.41,17.24,17.35,1774279435000,17.41,17.39,22383,0.0,1774279260000,17.25,17.25,9243,8243.5,772
1774280060000,1774280060000,17.39,17.39,17.32,17.34,1774279550000,17.39,17.39,5027,805.0,1774279785000,17.32,17.34,7700,7110.0,17.26,17.41,17.24,17.34,1774279435000,17.41,17.39,22383,0.0,1774279260000,17.25,17.25,9243,8243.5,773
1774280065000,1774280065000,17.37,17.38,17.32,17.34,1774279580000,17.38,17.37,6840,5922.0,1774279785000,17.32,17.34,7700,7110.0,17.26,17.41,17.24,17.34,1774279435000,17.41,17.39,22383,0.0,1774279260000,17.25,17.25,9243,8243.5,774
1774280070000,1774280070000,17.38,17.38,17.32,17.35,1774279580000,17.38,17.37,6840,5922.0,1774279785000,17.32,17.34,7700,7110.0,17.26,17.41,17.24,17.35,1774279435000,17.41,17.39,22383,0.0,1774279260000,17.25,17.25,9243,8243.5,775
1774280075000,1774280075000,17.38,17.38,17.32,17.35,1774279580000,17.38,17.37,6840,5922.0,1774279785000,17.32,17.34,7700,7110.0,17.26,17.41,17.24,17.35,1774279435000,17.41,17.39,22383,0.0,1774279260000,17.25,17.25,9243,8243.5,776
1774280080000,1774280080000,17.38,17.38,17.32,17.34,1774279580000,17.38,17.37,6840,5922.0,1774279785000,17.32,17.34,7700,7110.0,17.26,17.41,17.24,17.34,1774279435000,17.41,17.39,22383,0.0,1774279260000,17.25,17.25,9243,8243.5,777
1774280085000,1774280085000,17.36,17.37,17.32,17.34,1774279975000,17.36,17.36,16604,14343.5,1774279785000,17.32,17.34,7700,7110.0,17.26,17.41,17.24,17.34,1774279435000,17.41,17.39,22383,0.0,1774279260000,17.25,17.25,9243,8243.5,778
1774280090000,1774280090000,17.36,17.37,17.32,17.35,1774279975000,17.36,17.36,16604,14343.5,1774279785000,17.32,17.34,7700,7110.0,17.26,17.41,17.24,17.35,1774279435000,17.41,17.39,22383,0.0,1774279260000,17.25,17.25,9243,8243.5,779
1774280095000,1774280095000,17.35,17.37,17.32,17.35,1774279975000,17.36,17.36,16604,14343.5,1774279785000,17.32,17.34,7700,7110.0,17.26,17.41,17.24,17.35,1774279435000,17.41,17.39,22383,0.0,1774279260000,17.25,17.25,9243,8243.5,780
1774280100000,1774280100000,17.35,17.37,17.32,17.35,1774279975000,17.36,17.36,16604,14343.5,1774279785000,17.32,17.34,7700,7110.0,17.26,17.41,17.24,17.35,1774279435000,17.41,17.39,22383,0.0,1774279260000,17.25,17.25,9243,8243.5,781
1774280105000,1774280105000,17.34,17.37,17.32,17.35,1774279975000,17.36,17.36,16604,14343.5,1774279785000,17.32,17.34,7700,7110.0,17.25,17.41,17.25,17.35,1774279435000,17.41,17.39,22383,0.0,1774279270000,17.26,17.28,14678,0.0,782
1774280110000,1774280110000,17.34,17.37,17.32,17.35,1774279975000,17.36,17.36,16604,14343.5,1774279785000,17.32,17.34,7700,7110.0,17.25,17.41,17.25,17.35,1774279435000,17.41,17.39,22383,0.0,1774279270000,17.26,17.28,14678,0.0,783
1774280115000,1774280115000,17.34,17.37,17.32,17.34,1774279975000,17.36,17.36,16604,14343.5,1774279785000,17.32,17.34,7700,7110.0,17.26,17.41,17.25,17.34,1774279435000,17.41,17.39,22383,0.0,1774279270000,17.26,17.28,14678,0.0,784
1774280120000,1774280120000,17.34,17.37,17.32,17.33,1774279975000,17.36,17.36,16604,14343.5,1774280120000,17.33,17.33,3986,401.5,17.26,17.41,17.25,17.33,1774279435000,17.41,17.39,22383,0.0,1774279270000,17.26,17.28,14678,0.0,785
1774280125000,1774280125000,17.34,17.37,17.31,17.32,1774279975000,17.36,17.36,16604,14343.5,1774280125000,17.32,17.32,8718,6725.0,17.28,17.41,17.27,17.32,1774279435000,17.41,17.39,22383,0.0,1774279275000,17.28,17.32,60425,52236.0,786
1774280130000,1774280130000,17.34,17.37,17.31,17.32,1774279975000,17.36,17.36,16604,14343.5,1774280130000,17.32,17.32,7650,3291.0,17.28,17.41,17.27,17.32,1774279435000,17.41,17.39,22383,0.0,1774279275000,17.28,17.32,60425,52236.0,787
1774280135000,1774280135000,17.34,17.37,17.31,17.33,1774279975000,17.36,17.36,16604,14343.5,1774280135000,17.32,17.33,4900,1075.0,17.28,17.41,17.27,17.33,1774279435000,17.41,17.39,22383,0.0,1774279275000,17.28,17.32,60425,52236.0,788
1774280140000,1774280140000,17.34,17.37,17.31,17.33,1774279975000,17.36,17.36,16604,14343.5,1774280135000,17.32,17.33,4900,0.0,17.28,17.41,17.27,17.33,1774279435000,17.41,17.39,22383,0.0,1774279275000,17.28,17.32,60425,52236.0,789
1774280145000,1774280145000,17.34,17.37,17.31,17.32,1774279975000,17.36,17.36,16604,14343.5,1774280135000,17.32,17.33,4900,0.0,17.28,17.41,17.27,17.32,1774279435000,17.41,17.39,22383,0.0,1774279275000,17.28,17.32,60425,52236.0,790
1774280150000,1774280150000,17.35,17.37,17.31,17.33,1774279975000,17.36,17.36,16604,14343.5,1774280135000,17.32,17.33,4900,0.0,17.28,17.41,17.27,17.33,1774279435000,17.41,17.39,22383,0.0,1774279275000,17.28,17.32,60425,52236.0,791
1774280155000,1774280155000,17.35,17.37,17.31,17.32,1774279975000,17.36,17.36,16604,14343.5,1774280155000,17.32,17.32,21536,19061.0,17.28,17.41,17.27,17.32,1774279435000,17.41,17.39,22383,0.0,1774279275000,17.28,17.32,60425,52236.0,792
1774280160000,1774280160000,17.33,17.37,17.3,17.3,1774279975000,17.36,17.36,16604,14343.5,1774280160000,17.32,17.3,17694,6926.0,17.32,17.41,17.3,17.3,1774279435000,17.41,17.39,22383,0.0,1774280160000,17.32,17.3,17694,6926.0,793
1774280165000,1774280165000,17.33,17.37,17.3,17.3,1774279975000,17.36,17.36,16604,14343.5,1774280165000,17.3,17.3,637,0.0,17.32,17.41,17.3,17.3,1774279435000,17.41,17.39,22383,0.0,1774280165000,17.3,17.3,637,0.0,794
1774280170000,1774280170000,17.33,17.37,17.3,17.32,1774279975000,17.36,17.36,16604,14343.5,1774280165000,17.3,17.3,637,0.0,17.32,17.41,17.3,17.32,1774279435000,17.41,17.39,22383,0.0,1774280165000,17.3,17.3,637,0.0,795
1774280175000,1774280175000,17.33,17.37,17.3,17.31,1774279975000,17.36,17.36,16604,14343.5,1774280165000,17.3,17.3,637,0.0,17.32,17.41,17.3,17.31,1774279435000,17.41,17.39,22383,0.0,1774280165000,17.3,17.3,637,0.0,796
1774280180000,1774280180000,17.34,17.37,17.3,17.32,1774279975000,17.36,17.36,16604,14343.5,1774280165000,17.3,17.3,637,0.0,17.32,17.41,17.3,17.32,1774279435000,17.41,17.39,22383,0.0,1774280165000,17.3,17.3,637,0.0,797
1774280185000,1774280185000,17.34,17.37,17.3,17.32,1774279975000,17.36,17.36,16604,14343.5,1774280165000,17.3,17.3,637,0.0,17.32,17.41,17.3,17.32,1774279435000,17.41,17.39,22383,0.0,1774280165000,17.3,17.3,637,0.0,798
1774280190000,1774280190000,17.34,17.37,17.3,17.32,1774279975000,17.36,17.36,16604,14343.5,1774280165000,17.3,17.3,637,0.0,17.32,17.41,17.3,17.32,1774279435000,17.41,17.39,22383,0.0,1774280165000,17.3,17.3,637,0.0,799
1774280195000,1774280195000,17.33,17.37,17.3,17.32,1774279975000,17.36,17.36,16604,14343.5,1774280165000,17.3,17.3,637,0.0,17.31,17.41,17.3,17.32,1774279435000,17.41,17.39,22383,0.0,1774280165000,17.3,17.3,637,0.0,800
1774280200000,1774280200000,17.35,17.37,17.3,17.32,1774279975000,17.36,17.36,16604,14343.5,1774280165000,17.3,17.3,637,0.0,17.31,17.41,17.3,17.32,1774279435000,17.41,17.39,22383,0.0,1774280165000,17.3,17.3,637,0.0,801
1774280205000,1774280205000,17.35,17.37,17.3,17.3,1774279975000,17.36,17.36,16604,14343.5,1774280205000,17.32,17.3,17038,14978.0,17.32,17.41,17.3,17.3,1774279435000,17.41,17.39,22383,0.0,1774280205000,17.32,17.3,17038,14978.0,802
1774280210000,1774280210000,17.34,17.37,17.3,17.32,1774279975000,17.36,17.36,16604,14343.5,1774280210000,17.3,17.32,72500,63981.0,17.34,17.41,17.3,17.32,1774279435000,17.41,17.39,22383,0.0,1774280210000,17.3,17.32,72500,63981.0,803
1774280215000,1774280215000,17.35,17.37,17.3,17.32,1774279975000,17.36,17.36,16604,14343.5,1774280210000,17.3,17.32,72500,51040.5,17.35,17.41,17.3,17.32,1774279435000,17.41,17.39,22383,0.0,1774280210000,17.3,17.32,72500,51040.5,804
1774280220000,1774280220000,17.35,17.37,17.3,17.32,1774279975000,17.36,17.36,16604,14343.5,1774280210000,17.3,17.32,72500,51040.5,17.35,17.41,17.3,17.32,1774279435000,17.41,17.39,22383,0.0,1774280210000,17.3,17.32,72500,51040.5,805
1774280225000,1774280225000,17.36,17.37,17.3,17.34,1774279975000,17.36,17.36,16604,14343.5,1774280210000,17.3,17.32,72500,51040.5,17.35,17.41,17.3,17.34,1774279435000,17.41,17.39,22383,0.0,1774280210000,17.3,17.32,72500,51040.5,806
1774280230000,1774280230000,17.35,17.37,17.3,17.35,1774279975000,17.36,17.36,16604,14343.5,1774280210000,17.3,17.32,72500,51040.5,17.37,17.41,17.3,17.35,1774279435000,17.41,17.39,22383,0.0,1774280210000,17.3,17.32,72500,51040.5,807
1774280235000,1774280235000,17.35,17.37,17.3,17.34,1774279975000,17.36,17.36,16604,14343.5,1774280210000,17.3,17.32,72500,51040.5,17.37,17.41,17.3,17.34,1774279435000,17.41,17.39,22383,0.0,1774280210000,17.3,17.32,72500,51040.5,808
1774280240000,1774280240000,17.35,17.37,17.3,17.33,1774279975000,17.36,17.36,16604,14343.5,1774280210000,17.3,17.32,72500,51040.5,17.37,17.41,17.3,17.33,1774279435000,17.41,17.39,22383,0.0,1774280210000,17.3,17.32,72500,51040.5,809
1774280245000,1774280245000,17.35,17.37,17.3,17.34,1774279975000,17.36,17.36,16604,14343.5,1774280210000,17.3,17.32,72500,51040.5,17.37,17.41,17.3,17.34,1774279435000,17.41,17.39,22383,0.0,1774280210000,17.3,17.32,72500,51040.5,810
1774280250000,1774280250000,17.35,17.37,17.3,17.32,1774279975000,17.36,17.36,16604,14343.5,1774280210000,17.3,17.32,72500,51040.5,17.37,17.41,17.3,17.32,1774279435000,17.41,17.39,22383,0.0,1774280210000,17.3,17.32,72500,51040.5,811
1774280255000,1774280255000,17.35,17.37,17.3,17.32,1774279975000,17.36,17.36,16604,14343.5,1774280210000,17.3,17.32,72500,51040.5,17.37,17.41,17.3,17.32,1774279435000,17.41,17.39,22383,0.0,1774280210000,17.3,17.32,72500,51040.5,812
1774280260000,1774280260000,17.36,17.37,17.3,17.32,1774279975000,17.36,17.36,16604,14343.5,1774280210000,17.3,17.32,72500,51040.5,17.37,17.41,17.3,17.32,1774279435000,17.41,17.39,22383,0.0,1774280210000,17.3,17.32,72500,51040.5,813
1774280265000,1774280265000,17.36,17.37,17.3,17.32,1774279975000,17.36,17.36,16604,14343.5,1774280210000,17.3,17.32,72500,51040.5,17.36,17.41,17.3,17.32,1774279435000,17.41,17.39,22383,0.0,1774280210000,17.3,17.32,72500,51040.5,814
1774280270000,1774280270000,17.35,17.37,17.3,17.31,1774279975000,17.36,17.36,16604,14343.5,1774280210000,17.3,17.32,72500,51040.5,17.36,17.41,17.3,17.31,1774279435000,17.41,17.39,22383,0.0,1774280210000,17.3,17.32,72500,51040.5,815
1774280275000,1774280275000,17.34,17.37,17.3,17.31,1774279975000,17.36,17.36,16604,14343.5,1774280275000,17.32,17.31,23642,21629.0,17.37,17.41,17.3,17.31,1774279435000,17.41,17.39,22383,0.0,1774280275000,17.32,17.31,23642,21629.0,816
1774280280000,1774280280000,17.34,17.37,17.3,17.32,1774279975000,17.36,17.36,16604,14343.5,1774280280000,17.31,17.32,22859,11038.0,17.38,17.41,17.3,17.32,1774279435000,17.41,17.39,22383,0.0,1774280280000,17.31,17.32,22859,11038.0,817
1774280285000,1774280285000,17.34,17.37,17.3,17.3,1774279975000,17.36,17.36,16604,14343.5,1774280285000,17.31,17.3,10198,0.0,17.39,17.41,17.3,17.3,1774279435000,17.41,17.39,22383,0.0,1774280285000,17.31,17.3,10198,0.0,818
1774280290000,1774280290000,17.34,17.37,17.3,17.32,1774279975000,17.36,17.36,16604,14343.5,1774280290000,17.3,17.32,2980,0.0,17.39,17.41,17.3,17.32,1774279435000,17.41,17.39,22383,0.0,1774280290000,17.3,17.32,2980,0.0,819
1774280295000,1774280295000,17.34,17.37,17.3,17.32,1774279975000,17.36,17.36,16604,14343.5,1774280290000,17.3,17.32,2980,0.0,17.39,17.41,17.3,17.32,1774279435000,17.41,17.39,22383,0.0,1774280290000,17.3,17.32,2980,0.0,820
1774280300000,1774280300000,17.34,17.37,17.3,17.3,1774279975000,17.36,17.36,16604,14343.5,1774280300000,17.31,17.3,38175,33124.0,17.39,17.41,17.3,17.3,1774279435000,17.41,17.39,22383,0.0,1774280300000,17.31,17.3,38175,33124.0,821
1774280305000,1774280305000,17.34,17.37,17.3,17.3,1774279975000,17.36,17.36,16604,14343.5,1774280305000,17.31,17.3,3172,0.0,17.39,17.41,17.3,17.3,1774279435000,17.41,17.39,22383,0.0,1774280305000,17.31,17.3,3172,0.0,822
1774280310000,1774280310000,17.34,17.37,17.3,17.3,1774279975000,17.36,17.36,16604,14343.5,1774280310000,17.3,17.3,7619,6033.0,17.39,17.41,17.3,17.3,1774279435000,17.41,17.39,22383,0.0,1774280310000,17.3,17.3,7619,6033.0,823
1774280315000,1774280315000,17.35,17.36,17.29,17.3,1774280040000,17.35,17.36,4274,0.0,1774280315000,17.3,17.3,95828,92018.5,17.39,17.4,17.29,17.3,1774279495000,17.39,17.39,2648,0.0,1774280315000,17.3,17.3,95828,92018.5,824
1774280320000,1774280320000,17.35,17.36,17.27,17.28,1774280040000,17.35,17.36,4274,0.0,1774280320000,17.3,17.28,53663,5749.0,17.38,17.39,17.27,17.28,1774279550000,17.39,17.39,5027,805.0,1774280320000,17.3,17.28,53663,5749.0,825
1774280325000,1774280325000,17.35,17.35,17.26,17.27,1774280235000,17.35,17.34,4400,0.0,1774280325000,17.28,17.27,7511,0.0,17.38,17.39,17.26,17.27,1774279550000,17.39,17.39,5027,805.0,1774280325000,17.28,17.27,7511,0.0,826
1774280330000,1774280330000,17.35,17.35,17.24,17.24,1774280235000,17.35,17.34,4400,0.0,1774280330000,17.27,17.24,23686,19930.5,17.39,17.39,17.24,17.24,1774279550000,17.39,17.39,5027,805.0,1774280330000,17.27,17.24,23686,19930.5,827
1774280335000,1774280335000,17.35,17.35,17.23,17.23,1774280235000,17.35,17.34,4400,0.0,1774280335000,17.24,17.23,24657,12814.0,17.38,17.38,17.23,17.23,1774279580000,17.38,17.37,6840,5922.0,1774280335000,17.24,17.23,24657,12814.0,828
1774280340000,1774280340000,17.35,17.35,17.22,17.22,1774280235000,17.35,17.34,4400,0.0,1774280340000,17.23,17.22,15922,3593.5,17.36,17.37,17.22,17.22,1774279975000,17.36,17.36,16604,14343.5,1774280340000,17.23,17.22,15922,3593.5,829
1774280345000,1774280345000,17.35,17.35,17.21,17.22,1774280235000,17.35,17.34,4400,0.0,1774280345000,17.23,17.22,7363,0.0,17.35,17.37,17.21,17.22,1774279975000,17.36,17.36,16604,14343.5,1774280345000,17.23,17.22,7363,0.0,830
1774280350000,1774280350000,17.35,17.35,17.2,17.2,1774280235000,17.35,17.34,4400,0.0,1774280350000,17.21,17.2,5151,1469.5,17.35,17.37,17.2,17.2,1774279975000,17.36,17.36,16604,14343.5,1774280350000,17.21,17.2,5151,1469.5,831
1774280355000,1774280355000,17.35,17.35,17.2,17.21,1774280235000,17.35,17.34,4400,0.0,1774280355000,17.21,17.21,6981,4405.5,17.34,17.37,17.2,17.21,1774279975000,17.36,17.36,16604,14343.5,1774280355000,17.21,17.21,6981,4405.5,832
1774280360000,1774280360000,17.35,17.35,17.2,17.23,1774280235000,17.35,17.34,4400,0.0,1774280355000,17.21,17.21,6981,1955.5,17.34,17.37,17.2,17.23,1774279975000,17.36,17.36,16604,14343.5,1774280355000,17.21,17.21,6981,1955.5,833
1774280365000,1774280365000,17.32,17.35,17.2,17.24,1774280235000,17.35,17.34,4400,0.0,1774280355000,17.21,17.21,6981,1955.5,17.34,17.37,17.2,17.24,1774279975000,17.36,17.36,16604,14343.5,1774280355000,17.21,17.21,6981,1955.5,834
1774280370000,1774280370000,17.32,17.35,17.2,17.24,1774280235000,17.35,17.34,4400,0.0,1774280355000,17.21,17.21,6981,1955.5,17.34,17.37,17.2,17.24,1774279975000,17.36,17.36,16604,14343.5,1774280355000,17.21,17.21,6981,1955.5,835
1774280375000,1774280375000,17.32,17.35,17.2,17.26,1774280235000,17.35,17.34,4400,0.0,1774280355000,17.21,17.21,6981,1955.5,17.36,17.37,17.2,17.26,1774279975000,17.36,17.36,16604,14343.5,1774280355000,17.21,17.21,6981,1955.5,836
1774280380000,1774280380000,17.32,17.35,17.2,17.26,1774280235000,17.35,17.34,4400,0.0,1774280355000,17.21,17.21,6981,1955.5,17.36,17.37,17.2,17.26,1774279975000,17.36,17.36,16604,14343.5,1774280355000,17.21,17.21,6981,1955.5,837
1774280385000,1774280385000,17.32,17.35,17.2,17.26,1774280235000,17.35,17.34,4400,0.0,1774280355000,17.21,17.21,6981,1955.5,17.35,17.37,17.2,17.26,1774279975000,17.36,17.36,16604,14343.5,1774280355000,17.21,17.21,6981,1955.5,838
1774280390000,1774280390000,17.32,17.35,17.2,17.25,1774280235000,17.35,17.34,4400,0.0,1774280355000,17.21,17.21,6981,1955.5,17.35,17.37,17.2,17.25,1774279975000,17.36,17.36,16604,14343.5,1774280355000,17.21,17.21,6981,1955.5,839
1774280395000,1774280395000,17.32,17.35,17.2,17.25,1774280235000,17.35,17.34,4400,0.0,1774280355000,17.21,17.21,6981,1955.5,17.35,17.37,17.2,17.25,1774279975000,17.36,17.36,16604,14343.5,1774280355000,17.21,17.21,6981,1955.5,840
1774280400000,1774280400000,17.32,17.35,17.2,17.26,1774280235000,17.35,17.34,4400,0.0,1774280355000,17.21,17.21,6981,1955.5,17.33,17.37,17.2,17.26,1774279975000,17.36,17.36,16604,14343.5,1774280355000,17.21,17.21,6981,1955.5,841
1774280405000,1774280405000,17.32,17.35,17.2,17.27,1774280235000,17.35,17.34,4400,0.0,1774280355000,17.21,17.21,6981,1955.5,17.34,17.37,17.2,17.27,1774279975000,17.36,17.36,16604,14343.5,1774280355000,17.21,17.21,6981,1955.5,842
1774280410000,1774280410000,17.32,17.35,17.2,17.28,1774280235000,17.35,17.34,4400,0.0,1774280355000,17.21,17.21,6981,1955.5,17.34,17.37,17.2,17.28,1774279975000,17.36,17.36,16604,14343.5,1774280355000,17.21,17.21,6981,1955.5,843
1774280415000,1774280415000,17.32,17.35,17.2,17.27,1774280235000,17.35,17.34,4400,0.0,1774280355000,17.21,17.21,6981,1955.5,17.33,17.37,17.2,17.27,1774279975000,17.36,17.36,16604,14343.5,1774280355000,17.21,17.21,6981,1955.5,844
1774280420000,1774280420000,17.32,17.35,17.2,17.27,1774280235000,17.35,17.34,4400,0.0,1774280355000,17.21,17.21,6981,1955.5,17.35,17.37,17.2,17.27,1774279975000,17.36,17.36,16604,14343.5,1774280355000,17.21,17.21,6981,1955.5,845
1774280425000,1774280425000,17.32,17.35,17.2,17.28,1774280235000,17.35,17.34,4400,0.0,1774280355000,17.21,17.21,6981,1955.5,17.35,17.37,17.2,17.28,1774279975000,17.36,17.36,16604,14343.5,1774280355000,17.21,17.21,6981,1955.5,846
1774280430000,1774280430000,17.32,17.35,17.2,17.28,1774280235000,17.35,17.34,4400,0.0,1774280355000,17.21,17.21,6981,1955.5,17.35,17.37,17.2,17.28,1774279975000,17.36,17.36,16604,14343.5,1774280355000,17.21,17.21,6981,1955.5,847
1774280435000,1774280435000,17.32,17.35,17.2,17.28,1774280235000,17.35,17.34,4400,0.0,1774280355000,17.21,17.21,6981,1955.5,17.35,17.37,17.2,17.28,1774279975000,17.36,17.36,16604,14343.5,1774280355000,17.21,17.21,6981,1955.5,848
1774280440000,1774280440000,17.3,17.35,17.2,17.27,1774280235000,17.35,17.34,4400,0.0,1774280355000,17.21,17.21,6981,1955.5,17.35,17.37,17.2,17.27,1774279975000,17.36,17.36,16604,14343.5,1774280355000,17.21,17.21,6981,1955.5,849
1774280445000,1774280445000,17.3,17.35,17.2,17.27,1774280235000,17.35,17.34,4400,0.0,1774280355000,17.21,17.21,6981,1955.5,17.34,17.37,17.2,17.27,1774279975000,17.36,17.36,16604,14343.5,1774280355000,17.21,17.21,6981,1955.5,850
1774280450000,1774280450000,17.3,17.35,17.2,17.27,1774280235000,17.35,17.34,4400,0.0,1774280355000,17.21,17.21,6981,1955.5,17.34,17.37,17.2,17.27,1774279975000,17.36,17.36,16604,14343.5,1774280355000,17.21,17.21,6981,1955.5,851
1774280455000,1774280455000,17.3,17.35,17.2,17.26,1774280235000,17.35,17.34,4400,0.0,1774280355000,17.21,17.21,6981,1955.5,17.35,17.37,17.2,17.26,1774279975000,17.36,17.36,16604,14343.5,1774280355000,17.21,17.21,6981,1955.5,852
1774280460000,1774280460000,17.3,17.35,17.2,17.25,1774280235000,17.35,17.34,4400,0.0,1774280355000,17.21,17.21,6981,1955.5,17.35,17.37,17.2,17.25,1774279975000,17.36,17.36,16604,14343.5,1774280355000,17.21,17.21,6981,1955.5,853
1774280465000,1774280465000,17.3,17.35,17.2,17.25,1774280235000,17.35,17.34,4400,0.0,1774280355000,17.21,17.21,6981,1955.5,17.34,17.37,17.2,17.25,1774279975000,17.36,17.36,16604,14343.5,1774280355000,17.21,17.21,6981,1955.5,854
1774280470000,1774280470000,17.31,17.35,17.2,17.22,1774280235000,17.35,17.34,4400,0.0,1774280355000,17.21,17.21,6981,1955.5,17.34,17.37,17.2,17.22,1774279975000,17.36,17.36,16604,14343.5,1774280355000,17.21,17.21,6981,1955.5,855
1774280475000,1774280475000,17.31,17.35,17.2,17.23,1774280235000,17.35,17.34,4400,0.0,1774280355000,17.21,17.21,6981,1955.5,17.35,17.37,17.2,17.23,1774279975000,17.36,17.36,16604,14343.5,1774280355000,17.21,17.21,6981,1955.5,856
1774280480000,1774280480000,17.31,17.35,17.2,17.23,1774280235000,17.35,17.34,4400,0.0,1774280355000,17.21,17.21,6981,1955.5,17.35,17.37,17.2,17.23,1774279975000,17.36,17.36,16604,14343.5,1774280355000,17.21,17.21,6981,1955.5,857
1774280485000,1774280485000,17.31,17.35,17.2,17.24,1774280235000,17.35,17.34,4400,0.0,1774280355000,17.21,17.21,6981,1955.5,17.35,17.37,17.2,17.24,1774279975000,17.36,17.36,16604,14343.5,1774280355000,17.21,17.21,6981,1955.5,858
1774280490000,1774280490000,17.34,17.35,17.2,17.26,1774280235000,17.35,17.34,4400,0.0,1774280355000,17.21,17.21,6981,1955.5,17.36,17.37,17.2,17.26,1774279975000,17.36,17.36,16604,14343.5,1774280355000,17.21,17.21,6981,1955.5,859
1774280495000,1774280495000,17.34,17.35,17.2,17.26,1774280235000,17.35,17.34,4400,0.0,1774280355000,17.21,17.21,6981,1955.5,17.36,17.37,17.2,17.26,1774279975000,17.36,17.36,16604,14343.5,1774280355000,17.21,17.21,6981,1955.5,860
1774280500000,1774280500000,17.34,17.34,17.2,17.26,1774280250000,17.34,17.32,21148,17508.0,1774280355000,17.21,17.21,6981,1955.5,17.35,17.37,17.2,17.26,1774279975000,17.36,17.36,16604,14343.5,1774280355000,17.21,17.21,6981,1955.5,861
1774280505000,1774280505000,17.34,17.34,17.2,17.26,1774280250000,17.34,17.32,21148,17508.0,1774280355000,17.21,17.21,6981,1955.5,17.35,17.37,17.2,17.26,1774279975000,17.36,17.36,16604,14343.5,1774280355000,17.21,17.21,6981,1955.5,862
1774280510000,1774280510000,17.33,17.34,17.2,17.25,1774280250000,17.34,17.32,21148,17508.0,1774280355000,17.21,17.21,6981,1955.5,17.35,17.37,17.2,17.25,1774279975000,17.36,17.36,16604,14343.5,1774280355000,17.21,17.21,6981,1955.5,863
1774280515000,1774280515000,17.33,17.34,17.2,17.25,1774280250000,17.34,17.32,21148,17508.0,1774280355000,17.21,17.21,6981,1955.5,17.35,17.37,17.2,17.25,1774279975000,17.36,17.36,16604,14343.5,1774280355000,17.21,17.21,6981,1955.5,864
1774280520000,1774280520000,17.33,17.34,17.2,17.25,1774280250000,17.34,17.32,21148,17508.0,1774280355000,17.21,17.21,6981,1955.5,17.35,17.37,17.2,17.25,1774279975000,17.36,17.36,16604,14343.5,1774280355000,17.21,17.21,6981,1955.5,865
1774280525000,1774280525000,17.34,17.34,17.2,17.25,1774280250000,17.34,17.32,21148,17508.0,1774280355000,17.21,17.21,6981,1955.5,17.35,17.37,17.2,17.25,1774279975000,17.36,17.36,16604,14343.5,1774280355000,17.21,17.21,6981,1955.5,866
1774280530000,1774280530000,17.32,17.33,17.2,17.23,1774280260000,17.32,17.32,9543,7418.0,1774280355000,17.21,17.21,6981,1955.5,17.36,17.37,17.2,17.23,1774279975000,17.36,17.36,16604,14343.5,1774280355000,17.21,17.21,6981,1955.5,867
1774280535000,1774280535000,17.32,17.33,17.2,17.23,1774280260000,17.32,17.32,9543,7418.0,1774280355000,17.21,17.21,6981,1955.5,17.36,17.37,17.2,17.23,1774279975000,17.36,17.36,16604,14343.5,1774280355000,17.21,17.21,6981,1955.5,868
1774280540000,1774280540000,17.32,17.33,17.2,17.23,1774280260000,17.32,17.32,9543,7418.0,1774280355000,17.21,17.21,6981,1955.5,17.36,17.37,17.2,17.23,1774279975000,17.36,17.36,16604,14343.5,1774280355000,17.21,17.21,6981,1955.5,869
1774280545000,1774280545000,17.32,17.33,17.2,17.23,1774280260000,17.32,17.32,9543,7418.0,1774280355000,17.21,17.21,6981,1955.5,17.36,17.37,17.2,17.23,1774279975000,17.36,17.36,16604,14343.5,1774280355000,17.21,17.21,6981,1955.5,870
1774280550000,1774280550000,17.32,17.32,17.2,17.23,1774280295000,17.31,17.32,10102,0.0,1774280355000,17.21,17.21,6981,1955.5,17.35,17.37,17.2,17.23,1774279975000,17.36,17.36,16604,14343.5,1774280355000,17.21,17.21,6981,1955.5,871
1774280555000,1774280555000,17.32,17.32,17.2,17.23,1774280295000,17.31,17.32,10102,0.0,1774280355000,17.21,17.21,6981,1955.5,17.35,17.37,17.2,17.23,1774279975000,17.36,17.36,16604,14343.5,1774280355000,17.21,17.21,6981,1955.5,872
1774280560000,1774280560000,17.32,17.32,17.2,17.22,1774280295000,17.31,17.32,10102,0.0,1774280355000,17.21,17.21,6981,1955.5,17.35,17.37,17.2,17.22,1774279975000,17.36,17.36,16604,14343.5,1774280355000,17.21,17.21,6981,1955.5,873
1774280565000,1774280565000,17.32,17.32,17.2,17.22,1774280295000,17.31,17.32,10102,0.0,1774280355000,17.21,17.21,6981,1955.5,17.34,17.37,17.2,17.22,1774279975000,17.36,17.36,16604,14343.5,1774280355000,17.21,17.21,6981,1955.5,874
1774280570000,1774280570000,17.31,17.32,17.2,17.23,1774280295000,17.31,17.32,10102,0.0,1774280355000,17.21,17.21,6981,1955.5,17.34,17.37,17.2,17.23,1774279975000,17.36,17.36,16604,14343.5,1774280355000,17.21,17.21,6981,1955.5,875
1774280575000,1774280575000,17.31,17.32,17.2,17.23,1774280295000,17.31,17.32,10102,0.0,1774280355000,17.21,17.21,6981,1955.5,17.34,17.37,17.2,17.23,1774279975000,17.36,17.36,16604,14343.5,1774280355000,17.21,17.21,6981,1955.5,876
1774280580000,1774280580000,17.3,17.32,17.2,17.23,1774280295000,17.31,17.32,10102,0.0,1774280355000,17.21,17.21,6981,1955.5,17.34,17.37,17.2,17.23,1774279975000,17.36,17.36,16604,14343.5,1774280355000,17.21,17.21,6981,1955.5,877
1774280585000,1774280585000,17.3,17.32,17.2,17.23,1774280295000,17.31,17.32,10102,0.0,1774280355000,17.21,17.21,6981,1955.5,17.34,17.37,17.2,17.23,1774279975000,17.36,17.36,16604,14343.5,1774280355000,17.21,17.21,6981,1955.5,878
1774280590000,1774280590000,17.31,17.32,17.2,17.23,1774280295000,17.31,17.32,10102,0.0,1774280355000,17.21,17.21,6981,1955.5,17.34,17.37,17.2,17.23,1774279975000,17.36,17.36,16604,14343.5,1774280355000,17.21,17.21,6981,1955.5,879
1774280595000,1774280595000,17.31,17.31,17.2,17.22,1774280315000,17.3,17.3,95828,65187.0,1774280355000,17.21,17.21,6981,1955.5,17.34,17.37,17.2,17.22,1774279975000,17.36,17.36,16604,14343.5,1774280355000,17.21,17.21,6981,1955.5,880
1774280600000,1774280600000,17.31,17.31,17.2,17.21,1774280315000,17.3,17.3,95828,65187.0,1774280355000,17.21,17.21,6981,1955.5,17.34,17.37,17.2,17.21,1774279975000,17.36,17.36,16604,14343.5,1774280355000,17.21,17.21,6981,1955.5,881
1774280605000,1774280605000,17.31,17.31,17.2,17.22,1774280315000,17.3,17.3,95828,65187.0,1774280355000,17.21,17.21,6981,1955.5,17.34,17.37,17.2,17.22,1774279975000,17.36,17.36,16604,14343.5,1774280355000,17.21,17.21,6981,1955.5,882
1774280610000,1774280610000,17.31,17.31,17.2,17.21,1774280315000,17.3,17.3,95828,65187.0,1774280355000,17.21,17.21,6981,1955.5,17.34,17.37,17.2,17.21,1774279975000,17.36,17.36,16604,14343.5,1774280355000,17.21,17.21,6981,1955.5,883
1774280615000,1774280615000,17.31,17.31,17.19,17.21,1774280315000,17.3,17.3,95828,65187.0,1774280615000,17.21,17.21,15139,12664.0,17.35,17.37,17.19,17.21,1774279975000,17.36,17.36,16604,14343.5,1774280615000,17.21,17.21,15139,12664.0,884
1774280620000,1774280620000,17.31,17.31,17.19,17.2,1774280315000,17.3,17.3,95828,65187.0,1774280620000,17.2,17.2,3062,0.0,17.35,17.37,17.19,17.2,1774279975000,17.36,17.36,16604,14343.5,1774280620000,17.2,17.2,3062,0.0,885
1774280625000,1774280625000,17.31,17.31,17.18,17.19,1774280315000,17.3,17.3,95828,65187.0,1774280625000,17.19,17.19,2294,763.0,17.35,17.37,17.18,17.19,1774279975000,17.36,17.36,16604,14343.5,1774280625000,17.19,17.19,2294,763.0,886
1774280630000,1774280630000,17.31,17.31,17.18,17.19,1774280315000,17.3,17.3,95828,65187.0,1774280630000,17.19,17.19,7930,6783.0,17.34,17.37,17.18,17.19,1774279975000,17.36,17.36,16604,14343.5,1774280630000,17.19,17.19,7930,6783.0,887
1774280635000,1774280635000,17.3,17.31,17.18,17.19,1774280315000,17.3,17.3,95828,65187.0,1774280635000,17.2,17.19,16663,12698.0,17.34,17.37,17.18,17.19,1774279975000,17.36,17.36,16604,14343.5,1774280635000,17.2,17.19,16663,12698.0,888
1774280640000,1774280640000,17.3,17.31,17.18,17.2,1774280315000,17.3,17.3,95828,65187.0,1774280635000,17.2,17.19,16663,9424.5,17.35,17.37,17.18,17.2,1774279975000,17.36,17.36,16604,14343.5,1774280635000,17.2,17.19,16663,9424.5,889
1774280645000,1774280645000,17.3,17.31,17.18,17.2,1774280315000,17.3,17.3,95828,65187.0,1774280635000,17.2,17.19,16663,9424.5,17.35,17.37,17.18,17.2,1774279975000,17.36,17.36,16604,14343.5,1774280635000,17.2,17.19,16663,9424.5,890
1774280650000,1774280650000,17.3,17.31,17.18,17.2,1774280315000,17.3,17.3,95828,65187.0,1774280635000,17.2,17.19,16663,9424.5,17.35,17.37,17.18,17.2,1774279975000,17.36,17.36,16604,14343.5,1774280635000,17.2,17.19,16663,9424.5,891
1774280655000,1774280655000,17.3,17.31,17.18,17.2,1774280315000,17.3,17.3,95828,65187.0,1774280635000,17.2,17.19,16663,9424.5,17.35,17.37,17.18,17.2,1774279975000,17.36,17.36,16604,14343.5,1774280635000,17.2,17.19,16663,9424.5,892
1774280660000,1774280660000,17.3,17.31,17.18,17.2,1774280315000,17.3,17.3,95828,65187.0,1774280635000,17.2,17.19,16663,9424.5,17.35,17.37,17.18,17.2,1774279975000,17.36,17.36,16604,14343.5,1774280635000,17.2,17.19,16663,9424.5,893
1774280665000,1774280665000,17.3,17.31,17.18,17.2,1774280315000,17.3,17.3,95828,65187.0,1774280635000,17.2,17.19,16663,9424.5,17.35,17.37,17.18,17.2,1774279975000,17.36,17.36,16604,14343.5,1774280635000,17.2,17.19,16663,9424.5,894
1774280670000,1774280670000,17.3,17.31,17.18,17.21,1774280315000,17.3,17.3,95828,65187.0,1774280635000,17.2,17.19,16663,9424.5,17.35,17.37,17.18,17.21,1774279975000,17.36,17.36,16604,14343.5,1774280635000,17.2,17.19,16663,9424.5,895
1774280675000,1774280675000,17.3,17.31,17.18,17.21,1774280315000,17.3,17.3,95828,65187.0,1774280635000,17.2,17.19,16663,9424.5,17.35,17.37,17.18,17.21,1774279975000,17.36,17.36,16604,14343.5,1774280635000,17.2,17.19,16663,9424.5,896
1774280680000,1774280680000,17.3,17.31,17.18,17.21,1774280315000,17.3,17.3,95828,65187.0,1774280635000,17.2,17.19,16663,9424.5,17.36,17.37,17.18,17.21,1774279975000,17.36,17.36,16604,14343.5,1774280635000,17.2,17.19,16663,9424.5,897
1774280685000,1774280685000,17.3,17.31,17.18,17.21,1774280315000,17.3,17.3,95828,65187.0,1774280635000,17.2,17.19,16663,9424.5,17.36,17.37,17.18,17.21,1774279975000,17.36,17.36,16604,14343.5,1774280635000,17.2,17.19,16663,9424.5,898
1774280690000,1774280690000,17.3,17.31,17.18,17.22,1774280315000,17.3,17.3,95828,65187.0,1774280635000,17.2,17.19,16663,9424.5,17.36,17.37,17.18,17.22,1774279975000,17.36,17.36,16604,14343.5,1774280635000,17.2,17.19,16663,9424.5,899
1774280695000,1774280695000,17.3,17.31,17.18,17.22,1774280315000,17.3,17.3,95828,65187.0,1774280635000,17.2,17.19,16663,9424.5,17.36,17.37,17.18,17.22,1774279975000,17.36,17.36,16604,14343.5,1774280635000,17.2,17.19,16663,9424.5,900
1774280700000,1774280700000,17.3,17.31,17.18,17.2,1774280315000,17.3,17.3,95828,65187.0,1774280635000,17.2,17.19,16663,9424.5,17.36,17.36,17.18,17.2,1774280040000,17.35,17.36,4274,0.0,1774280635000,17.2,17.19,16663,9424.5,901
1774280705000,1774280705000,17.3,17.31,17.18,17.21,1774280315000,17.3,17.3,95828,65187.0,1774280635000,17.2,17.19,16663,9424.5,17.36,17.36,17.18,17.21,1774280040000,17.35,17.36,4274,0.0,1774280635000,17.2,17.19,16663,9424.5,902
1774280710000,1774280710000,17.3,17.31,17.18,17.21,1774280315000,17.3,17.3,95828,65187.0,1774280635000,17.2,17.19,16663,9424.5,17.35,17.36,17.18,17.21,1774280040000,17.35,17.36,4274,0.0,1774280635000,17.2,17.19,16663,9424.5,903
1774280715000,1774280715000,17.3,17.31,17.18,17.21,1774280315000,17.3,17.3,95828,65187.0,1774280635000,17.2,17.19,16663,9424.5,17.35,17.36,17.18,17.21,1774280040000,17.35,17.36,4274,0.0,1774280635000,17.2,17.19,16663,9424.5,904
1774280720000,1774280720000,17.3,17.31,17.18,17.2,1774280315000,17.3,17.3,95828,65187.0,1774280635000,17.2,17.19,16663,9424.5,17.35,17.36,17.18,17.2,1774280040000,17.35,17.36,4274,0.0,1774280635000,17.2,17.19,16663,9424.5,905
1774280725000,1774280725000,17.3,17.31,17.18,17.2,1774280315000,17.3,17.3,95828,65187.0,1774280635000,17.2,17.19,16663,9424.5,17.34,17.36,17.18,17.2,1774280040000,17.35,17.36,4274,0.0,1774280635000,17.2,17.19,16663,9424.5,906
1774280730000,1774280730000,17.3,17.31,17.18,17.19,1774280315000,17.3,17.3,95828,65187.0,1774280635000,17.2,17.19,16663,9424.5,17.35,17.36,17.18,17.19,1774280040000,17.35,17.36,4274,0.0,1774280635000,17.2,17.19,16663,9424.5,907
1774280735000,1774280735000,17.3,17.31,17.18,17.19,1774280315000,17.3,17.3,95828,65187.0,1774280635000,17.2,17.19,16663,9424.5,17.35,17.36,17.18,17.19,1774280040000,17.35,17.36,4274,0.0,1774280635000,17.2,17.19,16663,9424.5,908
1774280740000,1774280740000,17.3,17.31,17.18,17.19,1774280315000,17.3,17.3,95828,65187.0,1774280635000,17.2,17.19,16663,9424.5,17.35,17.36,17.18,17.19,1774280040000,17.35,17.36,4274,0.0,1774280635000,17.2,17.19,16663,9424.5,909
1774280745000,1774280745000,17.3,17.31,17.18,17.18,1774280315000,17.3,17.3,95828,65187.0,1774280745000,17.19,17.18,3774,3624.0,17.35,17.36,17.18,17.18,1774280040000,17.35,17.36,4274,0.0,1774280745000,17.19,17.18,3774,3624.0,910
1774280750000,1774280750000,17.3,17.3,17.17,17.17,1774280320000,17.3,17.28,53663,1993.5,1774280750000,17.18,17.17,21475,19588.0,17.35,17.36,17.17,17.17,1774280040000,17.35,17.36,4274,0.0,1774280750000,17.18,17.17,21475,19588.0,911
1774280755000,1774280755000,17.3,17.3,17.17,17.17,1774280320000,17.3,17.28,53663,1993.5,1774280755000,17.18,17.17,1620,0.0,17.35,17.36,17.17,17.17,1774280040000,17.35,17.36,4274,0.0,1774280755000,17.18,17.17,1620,0.0,912
1774280760000,1774280760000,17.3,17.3,17.15,17.16,1774280320000,17.3,17.28,53663,1993.5,1774280760000,17.18,17.16,12291,11481.0,17.35,17.36,17.15,17.16,1774280040000,17.35,17.36,4274,0.0,1774280760000,17.18,17.16,12291,11481.0,913
1774280765000,1774280765000,17.3,17.3,17.15,17.16,1774280320000,17.3,17.28,53663,1993.5,1774280765000,17.16,17.16,14581,8435.5,17.34,17.36,17.15,17.16,1774280040000,17.35,17.36,4274,0.0,1774280765000,17.16,17.16,14581,8435.5,914
1774280770000,1774280770000,17.28,17.28,17.15,17.15,1774280445000,17.27,17.27,19646,14581.0,1774280770000,17.16,17.15,16160,8869.5,17.35,17.35,17.15,17.15,1774280235000,17.35,17.34,4400,0.0,1774280770000,17.16,17.15,16160,8869.5,915
1774280775000,1774280775000,17.27,17.28,17.15,17.16,1774280445000,17.27,17.27,19646,14581.0,1774280775000,17.16,17.16,9435,1355.0,17.34,17.35,17.15,17.16,1774280235000,17.35,17.34,4400,0.0,1774280775000,17.16,17.16,9435,1355.0,916
1774280780000,1774280780000,17.24,17.28,17.13,17.14,1774280445000,17.27,17.27,19646,14581.0,1774280780000,17.16,17.14,21954,17236.5,17.35,17.35,17.13,17.14,1774280235000,17.35,17.34,4400,0.0,1774280780000,17.16,17.14,21954,17236.5,917
1774280785000,1774280785000,17.24,17.28,17.12,17.13,1774280445000,17.27,17.27,19646,14581.0,1774280785000,17.14,17.13,5855,0.0,17.35,17.35,17.12,17.13,1774280235000,17.35,17.34,4400,0.0,1774280785000,17.14,17.13,5855,0.0,918
1774280790000,1774280790000,17.24,17.28,17.12,17.13,1774280445000,17.27,17.27,19646,14581.0,1774280790000,17.12,17.13,13796,10868.5,17.35,17.35,17.12,17.13,1774280235000,17.35,17.34,4400,0.0,1774280790000,17.12,17.13,13796,10868.5,919
1774280795000,1774280795000,17.23,17.28,17.12,17.14,1774280445000,17.27,17.27,19646,14581.0,1774280795000,17.12,17.14,11297,4399.0,17.35,17.35,17.12,17.14,1774280235000,17.35,17.34,4400,0.0,1774280795000,17.12,17.14,11297,4399.0,920
1774280800000,1774280800000,17.23,17.28,17.12,17.14,1774280445000,17.27,17.27,19646,14581.0,1774280795000,17.12,17.14,11297,3889.0,17.35,17.35,17.12,17.14,1774280235000,17.35,17.34,4400,0.0,1774280795000,17.12,17.14,11297,3889.0,921
1774280805000,1774280805000,17.23,17.28,17.12,17.14,1774280445000,17.27,17.27,19646,14581.0,1774280795000,17.12,17.14,11297,3889.0,17.35,17.35,17.12,17.14,1774280235000,17.35,17.34,4400,0.0,1774280795000,17.12,17.14,11297,3889.0,922
1774280810000,1774280810000,17.23,17.28,17.12,17.15,1774280445000,17.27,17.27,19646,14581.0,1774280795000,17.12,17.14,11297,3889.0,17.35,17.35,17.12,17.15,1774280235000,17.35,17.34,4400,0.0,1774280795000,17.12,17.14,11297,3889.0,923
1774280815000,1774280815000,17.23,17.28,17.12,17.14,1774280445000,17.27,17.27,19646,14581.0,1774280795000,17.12,17.14,11297,3889.0,17.35,17.35,17.12,17.14,1774280235000,17.35,17.34,4400,0.0,1774280795000,17.12,17.14,11297,3889.0,924
1774280820000,1774280820000,17.21,17.28,17.12,17.14,1774280445000,17.27,17.27,19646,14581.0,1774280795000,17.12,17.14,11297,3889.0,17.35,17.35,17.12,17.14,1774280235000,17.35,17.34,4400,0.0,1774280795000,17.12,17.14,11297,3889.0,925
1774280825000,1774280825000,17.21,17.28,17.12,17.13,1774280445000,17.27,17.27,19646,14581.0,1774280825000,17.13,17.13,2995,0.0,17.35,17.35,17.12,17.13,1774280235000,17.35,17.34,4400,0.0,1774280825000,17.13,17.13,2995,0.0,926
1774280830000,1774280830000,17.21,17.28,17.12,17.13,1774280445000,17.27,17.27,19646,14581.0,1774280830000,17.13,17.13,6481,4983.5,17.35,17.35,17.12,17.13,1774280235000,17.35,17.34,4400,0.0,1774280830000,17.13,17.13,6481,4983.5,927
1774280835000,1774280835000,17.23,17.28,17.12,17.13,1774280445000,17.27,17.27,19646,14581.0,1774280835000,17.12,17.13,3950,709.5,17.35,17.35,17.12,17.13,1774280235000,17.35,17.34,4400,0.0,1774280835000,17.12,17.13,3950,709.5,928
1774280840000,1774280840000,17.23,17.28,17.12,17.12,1774280445000,17.27,17.27,19646,14581.0,1774280840000,17.13,17.12,10063,8088.0,17.32,17.35,17.12,17.12,1774280235000,17.35,17.34,4400,0.0,1774280840000,17.13,17.12,10063,8088.0,929
1774280845000,1774280845000,17.23,17.28,17.12,17.13,1774280445000,17.27,17.27,19646,14581.0,1774280845000,17.13,17.13,32059,27027.5,17.32,17.35,17.12,17.13,1774280235000,17.35,17.34,4400,0.0,1774280845000,17.13,17.13,32059,27027.5,930
1774280850000,1774280850000,17.27,17.28,17.12,17.14,1774280445000,17.27,17.27,19646,14581.0,1774280845000,17.13,17.13,32059,4174.5,17.32,17.35,17.12,17.14,1774280235000,17.35,17.34,4400,0.0,1774280845000,17.13,17.13,32059,4174.5,931
1774280855000,1774280855000,17.27,17.28,17.12,17.14,1774280445000,17.27,17.27,19646,14581.0,1774280845000,17.13,17.13,32059,4174.5,17.32,17.35,17.12,17.14,1774280235000,17.35,17.34,4400,0.0,1774280845000,17.13,17.13,32059,4174.5,932
1774280860000,1774280860000,17.27,17.28,17.12,17.15,1774280445000,17.27,17.27,19646,14581.0,1774280845000,17.13,17.13,32059,4174.5,17.32,17.35,17.12,17.15,1774280235000,17.35,17.34,4400,0.0,1774280845000,17.13,17.13,32059,4174.5,933
1774280865000,1774280865000,17.28,17.28,17.12,17.19,1774280445000,17.27,17.27,19646,14581.0,1774280845000,17.13,17.13,32059,4174.5,17.32,17.35,17.12,17.19,1774280235000,17.35,17.34,4400,0.0,1774280845000,17.13,17.13,32059,4174.5,934
1774280870000,1774280870000,17.27,17.28,17.12,17.19,1774280445000,17.27,17.27,19646,14581.0,1774280845000,17.13,17.13,32059,4174.5,17.3,17.35,17.12,17.19,1774280235000,17.35,17.34,4400,0.0,1774280845000,17.13,17.13,32059,4174.5,935
1774280875000,1774280875000,17.26,17.27,17.12,17.18,1774280500000,17.27,17.26,36401,32445.0,1774280845000,17.13,17.13,32059,4174.5,17.3,17.35,17.12,17.18,1774280235000,17.35,17.34,4400,0.0,1774280845000,17.13,17.13,32059,4174.5,936
1774280880000,1774280880000,17.26,17.27,17.12,17.19,1774280500000,17.27,17.26,36401,32445.0,1774280845000,17.13,17.13,32059,4174.5,17.3,17.35,17.12,17.19,1774280235000,17.35,17.34,4400,0.0,1774280845000,17.13,17.13,32059,4174.5,937
1774280885000,1774280885000,17.26,17.27,17.12,17.19,1774280500000,17.27,17.26,36401,32445.0,1774280845000,17.13,17.13,32059,4174.5,17.3,17.35,17.12,17.19,1774280235000,17.35,17.34,4400,0.0,1774280845000,17.13,17.13,32059,4174.5,938
1774280890000,1774280890000,17.26,17.27,17.12,17.2,1774280500000,17.27,17.26,36401,32445.0,1774280845000,17.13,17.13,32059,4174.5,17.3,17.35,17.12,17.2,1774280235000,17.35,17.34,4400,0.0,1774280845000,17.13,17.13,32059,4174.5,939
1774280895000,1774280895000,17.25,17.27,17.12,17.19,1774280500000,17.27,17.26,36401,32445.0,1774280845000,17.13,17.13,32059,4174.5,17.3,17.35,17.12,17.19,1774280235000,17.35,17.34,4400,0.0,1774280845000,17.13,17.13,32059,4174.5,940
1774280900000,1774280900000,17.25,17.27,17.12,17.2,1774280500000,17.27,17.26,36401,32445.0,1774280845000,17.13,17.13,32059,4174.5,17.3,17.35,17.12,17.2,1774280235000,17.35,17.34,4400,0.0,1774280845000,17.13,17.13,32059,4174.5,941
1774280905000,1774280905000,17.25,17.27,17.12,17.19,1774280500000,17.27,17.26,36401,32445.0,1774280845000,17.13,17.13,32059,4174.5,17.3,17.35,17.12,17.19,1774280235000,17.35,17.34,4400,0.0,1774280845000,17.13,17.13,32059,4174.5,942
1774280910000,1774280910000,17.25,17.27,17.12,17.19,1774280500000,17.27,17.26,36401,32445.0,1774280845000,17.13,17.13,32059,4174.5,17.3,17.35,17.12,17.19,1774280235000,17.35,17.34,4400,0.0,1774280845000,17.13,17.13,32059,4174.5,943
1774280915000,1774280915000,17.25,17.27,17.12,17.19,1774280500000,17.27,17.26,36401,32445.0,1774280845000,17.13,17.13,32059,4174.5,17.31,17.35,17.12,17.19,1774280235000,17.35,17.34,4400,0.0,1774280845000,17.13,17.13,32059,4174.5,944
1774280920000,1774280920000,17.23,17.27,17.12,17.18,1774280500000,17.27,17.26,36401,32445.0,1774280845000,17.13,17.13,32059,4174.5,17.31,17.35,17.12,17.18,1774280235000,17.35,17.34,4400,0.0,1774280845000,17.13,17.13,32059,4174.5,945
1774280925000,1774280925000,17.23,17.27,17.12,17.18,1774280500000,17.27,17.26,36401,32445.0,1774280845000,17.13,17.13,32059,4174.5,17.31,17.35,17.12,17.18,1774280235000,17.35,17.34,4400,0.0,1774280845000,17.13,17.13,32059,4174.5,946
1774280930000,1774280930000,17.23,17.27,17.12,17.18,1774280500000,17.27,17.26,36401,32445.0,1774280845000,17.13,17.13,32059,4174.5,17.31,17.35,17.12,17.18,1774280235000,17.35,17.34,4400,0.0,1774280845000,17.13,17.13,32059,4174.5,947
1774280935000,1774280935000,17.23,17.27,17.12,17.17,1774280500000,17.27,17.26,36401,32445.0,1774280845000,17.13,17.13,32059,4174.5,17.31,17.35,17.12,17.17,1774280235000,17.35,17.34,4400,0.0,1774280845000,17.13,17.13,32059,4174.5,948
1774280940000,1774280940000,17.23,17.27,17.12,17.16,1774280500000,17.27,17.26,36401,32445.0,1774280845000,17.13,17.13,32059,4174.5,17.31,17.35,17.12,17.16,1774280235000,17.35,17.34,4400,0.0,1774280845000,17.13,17.13,32059,4174.5,949
1774280945000,1774280945000,17.26,17.27,17.12,17.16,1774280500000,17.27,17.26,36401,32445.0,1774280845000,17.13,17.13,32059,4174.5,17.34,17.35,17.12,17.16,1774280235000,17.35,17.34,4400,0.0,1774280845000,17.13,17.13,32059,4174.5,950
1774280950000,1774280950000,17.27,17.27,17.12,17.17,1774280500000,17.27,17.26,36401,32445.0,1774280845000,17.13,17.13,32059,4174.5,17.34,17.35,17.12,17.17,1774280235000,17.35,17.34,4400,0.0,1774280845000,17.13,17.13,32059,4174.5,951
1774280955000,1774280955000,17.27,17.27,17.12,17.16,1774280500000,17.27,17.26,36401,32445.0,1774280845000,17.13,17.13,32059,4174.5,17.34,17.35,17.12,17.16,1774280235000,17.35,17.34,4400,0.0,1774280845000,17.13,17.13,32059,4174.5,952
1774280960000,1774280960000,17.27,17.27,17.12,17.16,1774280500000,17.27,17.26,36401,32445.0,1774280845000,17.13,17.13,32059,4174.5,17.34,17.35,17.12,17.16,1774280235000,17.35,17.34,4400,0.0,1774280845000,17.13,17.13,32059,4174.5,953
1774280965000,1774280965000,17.27,17.27,17.12,17.18,1774280500000,17.27,17.26,36401,32445.0,1774280845000,17.13,17.13,32059,4174.5,17.34,17.35,17.12,17.18,1774280235000,17.35,17.34,4400,0.0,1774280845000,17.13,17.13,32059,4174.5,954
1774280970000,1774280970000,17.27,17.27,17.12,17.18,1774280500000,17.27,17.26,36401,32445.0,1774280845000,17.13,17.13,32059,4174.5,17.34,17.35,17.12,17.18,1774280235000,17.35,17.34,4400,0.0,1774280845000,17.13,17.13,32059,4174.5,955
1774280975000,1774280975000,17.27,17.27,17.12,17.16,1774280500000,17.27,17.26,36401,32445.0,1774280845000,17.13,17.13,32059,4174.5,17.34,17.35,17.12,17.16,1774280235000,17.35,17.34,4400,0.0,1774280845000,17.13,17.13,32059,4174.5,956
1774280980000,1774280980000,17.27,17.27,17.12,17.18,1774280500000,17.27,17.26,36401,32445.0,1774280845000,17.13,17.13,32059,4174.5,17.34,17.35,17.12,17.18,1774280235000,17.35,17.34,4400,0.0,1774280845000,17.13,17.13,32059,4174.5,957
1774280985000,1774280985000,17.27,17.27,17.12,17.16,1774280500000,17.27,17.26,36401,32445.0,1774280845000,17.13,17.13,32059,4174.5,17.34,17.35,17.12,17.16,1774280235000,17.35,17.34,4400,0.0,1774280845000,17.13,17.13,32059,4174.5,958
1774280990000,1774280990000,17.27,17.27,17.12,17.16,1774280500000,17.27,17.26,36401,32445.0,1774280845000,17.13,17.13,32059,4174.5,17.34,17.34,17.12,17.16,1774280250000,17.34,17.32,21148,17508.0,1774280845000,17.13,17.13,32059,4174.5,959
1774280995000,1774280995000,17.27,17.27,17.12,17.15,1774280500000,17.27,17.26,36401,32445.0,1774280845000,17.13,17.13,32059,4174.5,17.34,17.34,17.12,17.15,1774280250000,17.34,17.32,21148,17508.0,1774280845000,17.13,17.13,32059,4174.5,960
1774281000000,1774281000000,17.26,17.26,17.12,17.16,1774280510000,17.26,17.25,3633,2783.0,1774280845000,17.13,17.13,32059,4174.5,17.33,17.34,17.12,17.16,1774280250000,17.34,17.32,21148,17508.0,1774280845000,17.13,17.13,32059,4174.5,961
1774281005000,1774281005000,17.25,17.25,17.12,17.18,1774280530000,17.24,17.23,6170,0.0,1774280845000,17.13,17.13,32059,4174.5,17.34,17.34,17.12,17.18,1774280250000,17.34,17.32,21148,17508.0,1774280845000,17.13,17.13,32059,4174.5,962
1774281010000,1774281010000,17.25,17.25,17.12,17.16,1774280530000,17.24,17.23,6170,0.0,1774280845000,17.13,17.13,32059,4174.5,17.34,17.34,17.12,17.16,1774280250000,17.34,17.32,21148,17508.0,1774280845000,17.13,17.13,32059,4174.5,963
1774281015000,1774281015000,17.25,17.25,17.12,17.18,1774280530000,17.24,17.23,6170,0.0,1774280845000,17.13,17.13,32059,4174.5,17.34,17.34,17.12,17.18,1774280250000,17.34,17.32,21148,17508.0,1774280845000,17.13,17.13,32059,4174.5,964
1774281020000,1774281020000,17.25,17.25,17.12,17.16,1774280530000,17.24,17.23,6170,0.0,1774280845000,17.13,17.13,32059,4174.5,17.34,17.34,17.12,17.16,1774280250000,17.34,17.32,21148,17508.0,1774280845000,17.13,17.13,32059,4174.5,965
1774281025000,1774281025000,17.25,17.25,17.12,17.16,1774280530000,17.24,17.23,6170,0.0,1774280845000,17.13,17.13,32059,4174.5,17.34,17.34,17.12,17.16,1774280250000,17.34,17.32,21148,17508.0,1774280845000,17.13,17.13,32059,4174.5,966
1774281030000,1774281030000,17.25,17.25,17.12,17.16,1774280530000,17.24,17.23,6170,0.0,1774280845000,17.13,17.13,32059,4174.5,17.34,17.34,17.12,17.16,1774280250000,17.34,17.32,21148,17508.0,1774280845000,17.13,17.13,32059,4174.5,967
1774281035000,1774281035000,17.25,17.25,17.12,17.16,1774280530000,17.24,17.23,6170,0.0,1774280845000,17.13,17.13,32059,4174.5,17.34,17.34,17.12,17.16,1774280250000,17.34,17.32,21148,17508.0,1774280845000,17.13,17.13,32059,4174.5,968
1774281040000,1774281040000,17.24,17.25,17.12,17.14,1774280530000,17.24,17.23,6170,0.0,1774280845000,17.13,17.13,32059,4174.5,17.32,17.33,17.12,17.14,1774280260000,17.32,17.32,9543,7418.0,1774280845000,17.13,17.13,32059,4174.5,969
1774281045000,1774281045000,17.23,17.24,17.12,17.14,1774280585000,17.23,17.23,2142,0.0,1774280845000,17.13,17.13,32059,4174.5,17.32,17.33,17.12,17.14,1774280260000,17.32,17.32,9543,7418.0,1774280845000,17.13,17.13,32059,4174.5,970
1774281050000,1774281050000,17.23,17.24,17.12,17.14,1774280585000,17.23,17.23,2142,0.0,1774280845000,17.13,17.13,32059,4174.5,17.31,17.32,17.12,17.14,1774280295000,17.31,17.32,10102,0.0,1774280845000,17.13,17.13,32059,4174.5,971
1774281055000,1774281055000,17.22,17.24,17.12,17.16,1774280585000,17.23,17.23,2142,0.0,1774280845000,17.13,17.13,32059,4174.5,17.32,17.32,17.12,17.16,1774280295000,17.31,17.32,10102,0.0,1774280845000,17.13,17.13,32059,4174.5,972
1774281060000,1774281060000,17.23,17.24,17.12,17.2,1774280585000,17.23,17.23,2142,0.0,1774280845000,17.13,17.13,32059,4174.5,17.31,17.32,17.12,17.2,1774280295000,17.31,17.32,10102,0.0,1774280845000,17.13,17.13,32059,4174.5,973
1774281065000,1774281065000,17.23,17.24,17.12,17.2,1774280585000,17.23,17.23,2142,0.0,1774280845000,17.13,17.13,32059,4174.5,17.31,17.32,17.12,17.2,1774280295000,17.31,17.32,10102,0.0,1774280845000,17.13,17.13,32059,4174.5,974
1774281070000,1774281070000,17.23,17.24,17.12,17.19,1774280585000,17.23,17.23,2142,0.0,1774280845000,17.13,17.13,32059,4174.5,17.31,17.32,17.12,17.19,1774280295000,17.31,17.32,10102,0.0,1774280845000,17.13,17.13,32059,4174.5,975
1774281075000,1774281075000,17.23,17.24,17.12,17.19,1774280585000,17.23,17.23,2142,0.0,1774280845000,17.13,17.13,32059,4174.5,17.31,17.32,17.12,17.19,1774280295000,17.31,17.32,10102,0.0,1774280845000,17.13,17.13,32059,4174.5,976
1774281080000,1774281080000,17.23,17.24,17.12,17.18,1774280585000,17.23,17.23,2142,0.0,1774280845000,17.13,17.13,32059,4174.5,17.3,17.32,17.12,17.18,1774280295000,17.31,17.32,10102,0.0,1774280845000,17.13,17.13,32059,4174.5,977
1774281085000,1774281085000,17.23,17.23,17.12,17.19,1774280695000,17.23,17.22,1257,0.0,1774280845000,17.13,17.13,32059,4174.5,17.31,17.32,17.12,17.19,1774280295000,17.31,17.32,10102,0.0,1774280845000,17.13,17.13,32059,4174.5,978
1774281090000,1774281090000,17.21,17.23,17.12,17.18,1774280695000,17.23,17.22,1257,0.0,1774280845000,17.13,17.13,32059,4174.5,17.31,17.31,17.12,17.18,1774280315000,17.3,17.3,95828,65187.0,1774280845000,17.13,17.13,32059,4174.5,979
1774281095000,1774281095000,17.21,17.23,17.12,17.18,1774280695000,17.23,17.22,1257,0.0,1774280845000,17.13,17.13,32059,4174.5,17.31,17.31,17.12,17.18,1774280315000,17.3,17.3,95828,65187.0,1774280845000,17.13,17.13,32059,4174.5,980
1774281100000,1774281100000,17.21,17.23,17.12,17.18,1774280695000,17.23,17.22,1257,0.0,1774280845000,17.13,17.13,32059,4174.5,17.31,17.31,17.12,17.18,1774280315000,17.3,17.3,95828,65187.0,1774280845000,17.13,17.13,32059,4174.5,981
1774281105000,1774281105000,17.21,17.23,17.12,17.2,1774280695000,17.23,17.22,1257,0.0,1774280845000,17.13,17.13,32059,4174.5,17.31,17.31,17.12,17.2,1774280315000,17.3,17.3,95828,65187.0,1774280845000,17.13,17.13,32059,4174.5,982
1774281110000,1774281110000,17.21,17.23,17.12,17.19,1774280695000,17.23,17.22,1257,0.0,1774280845000,17.13,17.13,32059,4174.5,17.31,17.31,17.12,17.19,1774280315000,17.3,17.3,95828,65187.0,1774280845000,17.13,17.13,32059,4174.5,983
1774281115000,1774281115000,17.21,17.23,17.12,17.19,1774280695000,17.23,17.22,1257,0.0,1774280845000,17.13,17.13,32059,4174.5,17.31,17.31,17.12,17.19,1774280315000,17.3,17.3,95828,65187.0,1774280845000,17.13,17.13,32059,4174.5,984
1774281120000,1774281120000,17.2,17.23,17.12,17.19,1774280695000,17.23,17.22,1257,0.0,1774280845000,17.13,17.13,32059,4174.5,17.3,17.31,17.12,17.19,1774280315000,17.3,17.3,95828,65187.0,1774280845000,17.13,17.13,32059,4174.5,985
1774281125000,1774281125000,17.21,17.23,17.12,17.18,1774280695000,17.23,17.22,1257,0.0,1774280845000,17.13,17.13,32059,4174.5,17.3,17.31,17.12,17.18,1774280315000,17.3,17.3,95828,65187.0,1774280845000,17.13,17.13,32059,4174.5,986
1774281130000,1774281130000,17.21,17.23,17.12,17.16,1774280695000,17.23,17.22,1257,0.0,1774280845000,17.13,17.13,32059,4174.5,17.3,17.31,17.12,17.16,1774280315000,17.3,17.3,95828,65187.0,1774280845000,17.13,17.13,32059,4174.5,987
1774281135000,1774281135000,17.2,17.21,17.12,17.13,1774280725000,17.21,17.2,8074,2360.5,1774281135000,17.15,17.13,16049,8436.5,17.3,17.31,17.12,17.13,1774280315000,17.3,17.3,95828,65187.0,1774281135000,17.15,17.13,16049,8436.5,988
1774281140000,1774281140000,17.21,17.21,17.12,17.14,1774280725000,17.21,17.2,8074,2360.5,1774281140000,17.13,17.14,11641,3616.5,17.3,17.31,17.12,17.14,1774280315000,17.3,17.3,95828,65187.0,1774281140000,17.13,17.14,11641,3616.5,989
1774281145000,1774281145000,17.2,17.2,17.12,17.14,1774281120000,17.19,17.19,23516,9599.5,1774281140000,17.13,17.14,11641,0.0,17.3,17.31,17.12,17.14,1774280315000,17.3,17.3,95828,65187.0,1774281140000,17.13,17.14,11641,0.0,990
1774281150000,1774281150000,17.2,17.2,17.12,17.14,1774281120000,17.19,17.19,23516,9599.5,1774281140000,17.13,17.14,11641,0.0,17.3,17.31,17.12,17.14,1774280315000,17.3,17.3,95828,65187.0,1774281140000,17.13,17.14,11641,0.0,991
1774281155000,1774281155000,17.2,17.2,17.12,17.14,1774281120000,17.19,17.19,23516,9599.5,1774281140000,17.13,17.14,11641,0.0,17.3,17.31,17.12,17.14,1774280315000,17.3,17.3,95828,65187.0,1774281140000,17.13,17.14,11641,0.0,992
1774281160000,1774281160000,17.19,17.2,17.12,17.16,1774281120000,17.19,17.19,23516,9599.5,1774281140000,17.13,17.14,11641,0.0,17.3,17.31,17.12,17.16,1774280315000,17.3,17.3,95828,65187.0,1774281140000,17.13,17.14,11641,0.0,993
1774281165000,1774281165000,17.18,17.2,17.12,17.14,1774281120000,17.19,17.19,23516,9599.5,1774281140000,17.13,17.14,11641,0.0,17.3,17.31,17.12,17.14,1774280315000,17.3,17.3,95828,65187.0,1774281140000,17.13,17.14,11641,0.0,994
1774281170000,1774281170000,17.18,17.2,17.12,17.15,1774281120000,17.19,17.19,23516,9599.5,1774281140000,17.13,17.14,11641,0.0,17.3,17.31,17.12,17.15,1774280315000,17.3,17.3,95828,65187.0,1774281140000,17.13,17.14,11641,0.0,995
1774281175000,1774281175000,17.18,17.2,17.12,17.15,1774281120000,17.19,17.19,23516,9599.5,1774281140000,17.13,17.14,11641,0.0,17.3,17.31,17.12,17.15,1774280315000,17.3,17.3,95828,65187.0,1774281140000,17.13,17.14,11641,0.0,996
1774281180000,1774281180000,17.18,17.2,17.12,17.14,1774281120000,17.19,17.19,23516,9599.5,1774281140000,17.13,17.14,11641,0.0,17.3,17.3,17.12,17.14,1774280320000,17.3,17.28,53663,1993.5,1774281140000,17.13,17.14,11641,0.0,997
1774281185000,1774281185000,17.18,17.2,17.12,17.14,1774281120000,17.19,17.19,23516,9599.5,1774281140000,17.13,17.14,11641,0.0,17.3,17.3,17.12,17.14,1774280320000,17.3,17.28,53663,1993.5,1774281140000,17.13,17.14,11641,0.0,998
1774281190000,1774281190000,17.16,17.2,17.12,17.16,1774281120000,17.19,17.19,23516,9599.5,1774281140000,17.13,17.14,11641,0.0,17.3,17.3,17.12,17.16,1774280320000,17.3,17.28,53663,1993.5,1774281140000,17.13,17.14,11641,0.0,999
1774281195000,1774281195000,17.16,17.2,17.12,17.14,1774281120000,17.19,17.19,23516,9599.5,1774281140000,17.13,17.14,11641,0.0,17.3,17.3,17.12,17.14,1774280320000,17.3,17.28,53663,1993.5,1774281140000,17.13,17.14,11641,0.0,1000
1774281200000,1774281200000,17.16,17.2,17.12,17.14,1774281120000,17.19,17.19,23516,9599.5,1774281140000,17.13,17.14,11641,0.0,17.3,17.3,17.12,17.14,1774280320000,17.3,17.28,53663,1993.5,1774281140000,17.13,17.14,11641,0.0,1001
1774281205000,1774281205000,17.16,17.2,17.12,17.15,1774281120000,17.19,17.19,23516,9599.5,1774281140000,17.13,17.14,11641,0.0,17.3,17.3,17.12,17.15,1774280320000,17.3,17.28,53663,1993.5,1774281140000,17.13,17.14,11641,0.0,1002
1774281210000,1774281210000,17.16,17.2,17.12,17.14,1774281120000,17.19,17.19,23516,9599.5,1774281140000,17.13,17.14,11641,0.0,17.3,17.3,17.12,17.14,1774280320000,17.3,17.28,53663,1993.5,1774281140000,17.13,17.14,11641,0.0,1003
1774281215000,1774281215000,17.16,17.2,17.12,17.14,1774281120000,17.19,17.19,23516,9599.5,1774281140000,17.13,17.14,11641,0.0,17.3,17.3,17.12,17.14,1774280320000,17.3,17.28,53663,1993.5,1774281140000,17.13,17.14,11641,0.0,1004
1774281220000,1774281220000,17.16,17.2,17.12,17.14,1774281120000,17.19,17.19,23516,9599.5,1774281140000,17.13,17.14,11641,0.0,17.3,17.3,17.12,17.14,1774280320000,17.3,17.28,53663,1993.5,1774281140000,17.13,17.14,11641,0.0,1005
1774281225000,1774281225000,17.16,17.2,17.12,17.14,1774281120000,17.19,17.19,23516,9599.5,1774281140000,17.13,17.14,11641,0.0,17.3,17.3,17.12,17.14,1774280320000,17.3,17.28,53663,1993.5,1774281140000,17.13,17.14,11641,0.0,1006
1774281230000,1774281230000,17.16,17.2,17.12,17.15,1774281120000,17.19,17.19,23516,9599.5,1774281140000,17.13,17.14,11641,0.0,17.3,17.3,17.12,17.15,1774280320000,17.3,17.28,53663,1993.5,1774281140000,17.13,17.14,11641,0.0,1007
1774281235000,1774281235000,17.16,17.2,17.12,17.14,1774281120000,17.19,17.19,23516,9599.5,1774281140000,17.13,17.14,11641,0.0,17.27,17.28,17.12,17.14,1774280445000,17.27,17.27,19646,14581.0,1774281140000,17.13,17.14,11641,0.0,1008
1774281240000,1774281240000,17.16,17.2,17.12,17.13,1774281120000,17.19,17.19,23516,9599.5,1774281240000,17.14,17.13,15834,6154.5,17.24,17.28,17.12,17.13,1774280445000,17.27,17.27,19646,14581.0,1774281240000,17.14,17.13,15834,6154.5,1009
1774281245000,1774281245000,17.16,17.2,17.12,17.13,1774281120000,17.19,17.19,23516,9599.5,1774281240000,17.14,17.13,15834,5054.5,17.24,17.28,17.12,17.13,1774280445000,17.27,17.27,19646,14581.0,1774281240000,17.14,17.13,15834,5054.5,1010
1774281250000,1774281250000,17.12,17.2,17.12,17.14,1774281120000,17.19,17.19,23516,9599.5,1774281240000,17.14,17.13,15834,5054.5,17.24,17.28,17.12,17.14,1774280445000,17.27,17.27,19646,14581.0,1774281240000,17.14,17.13,15834,5054.5,1011
1774281255000,1774281255000,17.12,17.2,17.12,17.13,1774281120000,17.19,17.19,23516,9599.5,1774281240000,17.14,17.13,15834,5054.5,17.24,17.28,17.12,17.13,1774280445000,17.27,17.27,19646,14581.0,1774281240000,17.14,17.13,15834,5054.5,1012
1774281260000,1774281260000,17.12,17.2,17.12,17.13,1774281120000,17.19,17.19,23516,9599.5,1774281260000,17.14,17.13,3160,0.0,17.23,17.28,17.12,17.13,1774280445000,17.27,17.27,19646,14581.0,1774281260000,17.14,17.13,3160,0.0,1013
1774281265000,1774281265000,17.19,17.2,17.11,17.12,1774281120000,17.19,17.19,23516,9599.5,1774281265000,17.13,17.12,174852,173272.0,17.28,17.28,17.11,17.12,1774280445000,17.27,17.27,19646,14581.0,1774281265000,17.13,17.12,174852,173272.0,1014
1774281270000,1774281270000,17.19,17.2,17.11,17.12,1774281120000,17.19,17.19,23516,9599.5,1774281265000,17.13,17.12,174852,171386.0,17.28,17.28,17.11,17.12,1774280445000,17.27,17.27,19646,14581.0,1774281265000,17.13,17.12,174852,171386.0,1015
1774281275000,1774281275000,17.19,17.2,17.11,17.14,1774281120000,17.19,17.19,23516,9599.5,1774281265000,17.13,17.12,174852,171386.0,17.27,17.28,17.11,17.14,1774280445000,17.27,17.27,19646,14581.0,1774281265000,17.13,17.12,174852,171386.0,1016
1774281280000,1774281280000,17.19,17.2,17.11,17.14,1774281120000,17.19,17.19,23516,9599.5,1774281265000,17.13,17.12,174852,171386.0,17.27,17.28,17.11,17.14,1774280445000,17.27,17.27,19646,14581.0,1774281265000,17.13,17.12,174852,171386.0,1017
1774281285000,1774281285000,17.19,17.2,17.11,17.13,1774281120000,17.19,17.19,23516,9599.5,1774281265000,17.13,17.12,174852,171386.0,17.27,17.28,17.11,17.13,1774280445000,17.27,17.27,19646,14581.0,1774281265000,17.13,17.12,174852,171386.0,1018
1774281290000,1774281290000,17.19,17.2,17.11,17.13,1774281120000,17.19,17.19,23516,9599.5,1774281265000,17.13,17.12,174852,171386.0,17.27,17.28,17.11,17.13,1774280445000,17.27,17.27,19646,14581.0,1774281265000,17.13,17.12,174852,171386.0,1019
1774281295000,1774281295000,17.19,17.2,17.11,17.11,1774281120000,17.19,17.19,23516,9599.5,1774281295000,17.12,17.11,14020,11591.5,17.27,17.27,17.11,17.11,1774280500000,17.27,17.26,36401,32445.0,1774281295000,17.12,17.11,14020,11591.5,1020
1774281300000,1774281300000,17.19,17.2,17.09,17.1,1774281120000,17.19,17.19,23516,9599.5,1774281300000,17.12,17.1,34557,27547.0,17.25,17.27,17.09,17.1,1774280500000,17.27,17.26,36401,32445.0,1774281300000,17.12,17.1,34557,27547.0,1021
1774281305000,1774281305000,17.19,17.2,17.08,17.09,1774281120000,17.19,17.19,23516,9599.5,1774281305000,17.09,17.09,9846,0.0,17.25,17.27,17.08,17.09,1774280500000,17.27,17.26,36401,32445.0,1774281305000,17.09,17.09,9846,0.0,1022
1774281310000,1774281310000,17.16,17.2,17.04,17.05,1774281120000,17.19,17.19,23516,9599.5,1774281310000,17.09,17.05,57211,52288.0,17.27,17.27,17.04,17.05,1774280500000,17.27,17.26,36401,32445.0,1774281310000,17.09,17.05,57211,52288.0,1023
1774281315000,1774281315000,17.16,17.2,17.03,17.04,1774281120000,17.19,17.19,23516,9599.5,1774281315000,17.05,17.04,36675,8069.5,17.24,17.25,17.03,17.04,1774280530000,17.24,17.23,6170,0.0,1774281315000,17.05,17.04,36675,8069.5,1024
1774281320000,1774281320000,17.15,17.2,17.02,17.03,1774281120000,17.19,17.19,23516,9599.5,1774281320000,17.04,17.03,19185,847.5,17.25,17.25,17.02,17.03,1774280530000,17.24,17.23,6170,0.0,1774281320000,17.04,17.03,19185,847.5,1025
1774281325000,1774281325000,17.15,17.2,17.02,17.02,1774281120000,17.19,17.19,23516,9599.5,1774281325000,17.03,17.02,8884,0.0,17.23,17.24,17.02,17.02,1774280585000,17.23,17.23,2142,0.0,1774281325000,17.03,17.02,8884,0.0,1026
1774281330000,1774281330000,17.14,17.2,17.01,17.02,1774281120000,17.19,17.19,23516,9599.5,1774281330000,17.02,17.02,6826,2384.0,17.23,17.24,17.01,17.02,1774280585000,17.23,17.23,2142,0.0,1774281330000,17.02,17.02,6826,2384.0,1027
1774281335000,1774281335000,17.16,17.2,17.01,17.02,1774281120000,17.19,17.19,23516,9599.5,1774281335000,17.02,17.02,25626,22213.0,17.22,17.24,17.01,17.02,1774280585000,17.23,17.23,2142,0.0,1774281335000,17.02,17.02,25626,22213.0,1028
1774281340000,1774281340000,17.18,17.2,17.01,17.02,1774281120000,17.19,17.19,23516,9599.5,1774281340000,17.01,17.02,28777,15964.0,17.23,17.24,17.01,17.02,1774280585000,17.23,17.23,2142,0.0,1774281340000,17.01,17.02,28777,15964.0,1029
1774281345000,1774281345000,17.18,17.2,17.01,17.05,1774281120000,17.19,17.19,23516,9599.5,1774281340000,17.01,17.02,28777,13695.5,17.23,17.24,17.01,17.05,1774280585000,17.23,17.23,2142,0.0,1774281340000,17.01,17.02,28777,13695.5,1030
1774281350000,1774281350000,17.18,17.2,17.01,17.05,1774281120000,17.19,17.19,23516,9599.5,1774281340000,17.01,17.02,28777,13695.5,17.23,17.24,17.01,17.05,1774280585000,17.23,17.23,2142,0.0,1774281340000,17.01,17.02,28777,13695.5,1031
1774281355000,1774281355000,17.19,17.2,17.01,17.04,1774281120000,17.19,17.19,23516,9599.5,1774281340000,17.01,17.02,28777,13695.5,17.23,17.23,17.01,17.04,1774280695000,17.23,17.22,1257,0.0,1774281340000,17.01,17.02,28777,13695.5,1032
1774281360000,1774281360000,17.18,17.2,17.01,17.05,1774281120000,17.19,17.19,23516,9599.5,1774281340000,17.01,17.02,28777,13695.5,17.21,17.23,17.01,17.05,1774280695000,17.23,17.22,1257,0.0,1774281340000,17.01,17.02,28777,13695.5,1033
1774281365000,1774281365000,17.18,17.2,17.01,17.04,1774281120000,17.19,17.19,23516,9599.5,1774281340000,17.01,17.02,28777,13695.5,17.21,17.23,17.01,17.04,1774280695000,17.23,17.22,1257,0.0,1774281340000,17.01,17.02,28777,13695.5,1034
1774281370000,1774281370000,17.19,17.2,17.01,17.03,1774281120000,17.19,17.19,23516,9599.5,1774281340000,17.01,17.02,28777,13695.5,17.2,17.23,17.01,17.03,1774280695000,17.23,17.22,1257,0.0,1774281340000,17.01,17.02,28777,13695.5,1035
1774281375000,1774281375000,17.19,17.2,17.01,17.01,1774281120000,17.19,17.19,23516,9599.5,1774281375000,17.02,17.01,13700,6268.5,17.2,17.23,17.01,17.01,1774280695000,17.23,17.22,1257,0.0,1774281375000,17.02,17.01,13700,6268.5,1036
1774281380000,1774281380000,17.19,17.19,17.01,17.03,1774281125000,17.19,17.18,27047,7676.5,1774281380000,17.02,17.03,29947,23097.0,17.2,17.23,17.01,17.03,1774280695000,17.23,17.22,1257,0.0,1774281380000,17.02,17.03,29947,23097.0,1037
1774281385000,1774281385000,17.18,17.18,17.01,17.02,1774281130000,17.18,17.16,15225,0.0,1774281385000,17.02,17.02,10300,0.0,17.22,17.23,17.01,17.02,1774280695000,17.23,17.22,1257,0.0,1774281385000,17.02,17.02,10300,0.0,1038
1774281390000,1774281390000,17.15,17.16,17.0,17.01,1774281235000,17.15,17.14,19359,9842.5,1774281390000,17.02,17.01,14142,8992.0,17.22,17.23,17.0,17.01,1774280695000,17.23,17.22,1257,0.0,1774281390000,17.02,17.01,14142,8992.0,1039
1774281395000,1774281395000,17.13,17.16,17.0,17.03,1774281235000,17.15,17.14,19359,9842.5,1774281395000,17.01,17.03,16360,9289.0,17.21,17.21,17.0,17.03,1774280725000,17.21,17.2,8074,2360.5,1774281395000,17.01,17.03,16360,9289.0,1040
1774281400000,1774281400000,17.13,17.16,17.0,17.01,1774281235000,17.15,17.14,19359,9842.5,1774281395000,17.01,17.03,16360,4299.5,17.21,17.21,17.0,17.01,1774280725000,17.21,17.2,8074,2360.5,1774281395000,17.01,17.03,16360,4299.5,1041
1774281405000,1774281405000,17.15,17.16,17.0,17.02,1774281235000,17.15,17.14,19359,9842.5,1774281395000,17.01,17.03,16360,4299.5,17.18,17.2,17.0,17.02,1774281120000,17.19,17.19,23516,9599.5,1774281395000,17.01,17.03,16360,4299.5,1042
1774281410000,1774281410000,17.15,17.16,16.99,16.99,1774281235000,17.15,17.14,19359,9842.5,1774281410000,17.02,16.99,61731,51148.5,17.16,17.2,16.99,16.99,1774281120000,17.19,17.19,23516,9599.5,1774281410000,17.02,16.99,61731,51148.5,1043
1774281415000,1774281415000,17.13,17.14,16.99,17.0,1774281285000,17.13,17.13,10795,6966.5,1774281415000,17.0,17.0,44956,14090.5,17.12,17.2,16.99,17.0,1774281120000,17.19,17.19,23516,9599.5,1774281415000,17.0,17.0,44956,14090.5,1044
1774281420000,1774281420000,17.13,17.14,16.99,16.99,1774281285000,17.13,17.13,10795,6966.5,1774281420000,17.0,16.99,10612,0.0,17.12,17.2,16.99,16.99,1774281120000,17.19,17.19,23516,9599.5,1774281420000,17.0,16.99,10612,0.0,1045
1774281425000,1774281425000,17.13,17.14,16.99,17.0,1774281285000,17.13,17.13,10795,6966.5,1774281425000,17.0,17.0,4554,0.0,17.12,17.2,16.99,17.0,1774281120000,17.19,17.19,23516,9599.5,1774281425000,17.0,17.0,4554,0.0,1046
1774281430000,1774281430000,17.13,17.14,16.99,17.0,1774281285000,17.13,17.13,10795,6966.5,1774281430000,17.0,17.0,1345,0.0,17.12,17.2,16.99,17.0,1774281120000,17.19,17.19,23516,9599.5,1774281430000,17.0,17.0,1345,0.0,1047
1774281435000,1774281435000,17.13,17.14,16.99,17.0,1774281285000,17.13,17.13,10795,6966.5,1774281435000,17.0,17.0,38660,37987.5,17.13,17.2,16.99,17.0,1774281120000,17.19,17.19,23516,9599.5,1774281435000,17.0,17.0,38660,37987.5,1048
1774281440000,1774281440000,17.13,17.14,16.98,16.98,1774281285000,17.13,17.13,10795,6966.5,1774281440000,17.0,16.98,23488,4158.0,17.13,17.2,16.98,16.98,1774281120000,17.19,17.19,23516,9599.5,1774281440000,17.0,16.98,23488,4158.0,1049
1774281445000,1774281445000,17.13,17.14,16.97,16.98,1774281285000,17.13,17.13,10795,6966.5,1774281445000,16.98,16.98,39088,27344.0,17.13,17.2,16.97,16.98,1774281120000,17.19,17.19,23516,9599.5,1774281445000,16.98,16.98,39088,27344.0,1050
1774281450000,1774281450000,17.13,17.14,16.96,16.97,1774281285000,17.13,17.13,10795,6966.5,1774281450000,16.97,16.97,1487,0.0,17.13,17.2,16.96,16.97,1774281120000,17.19,17.19,23516,9599.5,1774281450000,16.97,16.97,1487,0.0,1051
1774281455000,1774281455000,17.13,17.14,16.96,16.96,1774281285000,17.13,17.13,10795,6966.5,1774281455000,16.96,16.96,11959,11215.5,17.13,17.2,16.96,16.96,1774281120000,17.19,17.19,23516,9599.5,1774281455000,16.96,16.96,11959,11215.5,1052
1774281460000,1774281460000,17.13,17.14,16.96,16.97,1774281285000,17.13,17.13,10795,6966.5,1774281455000,16.96,16.96,11959,2898.0,17.16,17.2,16.96,16.97,1774281120000,17.19,17.19,23516,9599.5,1774281455000,16.96,16.96,11959,2898.0,1053
1774281465000,1774281465000,17.13,17.14,16.96,16.97,1774281285000,17.13,17.13,10795,6966.5,1774281455000,16.96,16.96,11959,2898.0,17.16,17.2,16.96,16.97,1774281120000,17.19,17.19,23516,9599.5,1774281455000,16.96,16.96,11959,2898.0,1054
1774281470000,1774281470000,17.13,17.14,16.96,16.98,1774281285000,17.13,17.13,10795,6966.5,1774281455000,16.96,16.96,11959,2898.0,17.16,17.2,16.96,16.98,1774281120000,17.19,17.19,23516,9599.5,1774281455000,16.96,16.96,11959,2898.0,1055
1774281475000,1774281475000,17.13,17.14,16.96,16.98,1774281285000,17.13,17.13,10795,6966.5,1774281455000,16.96,16.96,11959,2898.0,17.19,17.2,16.96,16.98,1774281120000,17.19,17.19,23516,9599.5,1774281455000,16.96,16.96,11959,2898.0,1056
1774281480000,1774281480000,17.13,17.14,16.96,16.98,1774281285000,17.13,17.13,10795,6966.5,1774281455000,16.96,16.96,11959,2898.0,17.19,17.2,16.96,16.98,1774281120000,17.19,17.19,23516,9599.5,1774281455000,16.96,16.96,11959,2898.0,1057
1774281485000,1774281485000,17.13,17.14,16.96,16.98,1774281285000,17.13,17.13,10795,6966.5,1774281455000,16.96,16.96,11959,2898.0,17.19,17.2,16.96,16.98,1774281120000,17.19,17.19,23516,9599.5,1774281455000,16.96,16.96,11959,2898.0,1058
1774281490000,1774281490000,17.13,17.14,16.96,16.98,1774281285000,17.13,17.13,10795,6966.5,1774281455000,16.96,16.96,11959,2898.0,17.19,17.2,16.96,16.98,1774281120000,17.19,17.19,23516,9599.5,1774281455000,16.96,16.96,11959,2898.0,1059
1774281495000,1774281495000,17.14,17.14,16.96,17.0,1774281285000,17.13,17.13,10795,6966.5,1774281455000,16.96,16.96,11959,2898.0,17.19,17.2,16.96,17.0,1774281120000,17.19,17.19,23516,9599.5,1774281455000,16.96,16.96,11959,2898.0,1060
1774281500000,1774281500000,17.13,17.14,16.96,16.98,1774281285000,17.13,17.13,10795,6966.5,1774281455000,16.96,16.96,11959,2898.0,17.19,17.2,16.96,16.98,1774281120000,17.19,17.19,23516,9599.5,1774281455000,16.96,16.96,11959,2898.0,1061
1774281505000,1774281505000,17.13,17.13,16.96,16.98,1774281290000,17.13,17.13,4857,0.0,1774281455000,16.96,16.96,11959,2898.0,17.19,17.2,16.96,16.98,1774281120000,17.19,17.19,23516,9599.5,1774281455000,16.96,16.96,11959,2898.0,1062
1774281510000,1774281510000,17.12,17.12,16.96,16.98,1774281300000,17.12,17.1,34557,22624.0,1774281455000,16.96,16.96,11959,2898.0,17.19,17.2,16.96,16.98,1774281120000,17.19,17.19,23516,9599.5,1774281455000,16.96,16.96,11959,2898.0,1063
1774281515000,1774281515000,17.12,17.12,16.96,16.97,1774281300000,17.12,17.1,34557,22624.0,1774281455000,16.96,16.96,11959,2898.0,17.19,17.2,16.96,16.97,1774281120000,17.19,17.19,23516,9599.5,1774281455000,16.96,16.96,11959,2898.0,1064
1774281520000,1774281520000,17.12,17.12,16.96,16.98,1774281300000,17.12,17.1,34557,22624.0,1774281520000,16.98,16.98,6800,5450.0,17.19,17.2,16.96,16.98,1774281120000,17.19,17.19,23516,9599.5,1774281520000,16.98,16.98,6800,5450.0,1065
1774281525000,1774281525000,17.12,17.12,16.96,16.96,1774281300000,17.12,17.1,34557,22624.0,1774281525000,16.97,16.96,800,0.0,17.19,17.2,16.96,16.96,1774281120000,17.19,17.19,23516,9599.5,1774281525000,16.97,16.96,800,0.0,1066
1774281530000,1774281530000,17.09,17.1,16.94,16.94,1774281305000,17.09,17.09,9846,0.0,1774281530000,16.96,16.94,30684,30284.0,17.2,17.2,16.94,16.94,1774281120000,17.19,17.19,23516,9599.5,1774281530000,16.96,16.94,30684,30284.0,1067
1774281535000,1774281535000,17.09,17.09,16.94,16.94,1774281310000,17.09,17.05,57211,33950.5,1774281535000,16.94,16.94,38304,22962.0,17.17,17.2,16.94,16.94,1774281120000,17.19,17.19,23516,9599.5,1774281535000,16.94,16.94,38304,22962.0,1068
1774281540000,1774281540000,17.09,17.09,16.94,16.95,1774281310000,17.09,17.05,57211,33950.5,1774281540000,16.94,16.95,19122,0.0,17.16,17.2,16.94,16.95,1774281120000,17.19,17.19,23516,9599.5,1774281540000,16.94,16.95,19122,0.0,1069
1774281545000,1774281545000,17.05,17.06,16.94,16.96,1774281360000,17.05,17.05,9915,4174.0,1774281540000,16.94,16.95,19122,0.0,17.17,17.2,16.94,16.96,1774281120000,17.19,17.19,23516,9599.5,1774281540000,16.94,16.95,19122,0.0,1070
1774281550000,1774281550000,17.05,17.06,16.94,16.96,1774281360000,17.05,17.05,9915,4174.0,1774281540000,16.94,16.95,19122,0.0,17.17,17.2,16.94,16.96,1774281120000,17.19,17.19,23516,9599.5,1774281540000,16.94,16.95,19122,0.0,1071
1774281555000,1774281555000,17.04,17.06,16.94,16.96,1774281360000,17.05,17.05,9915,4174.0,1774281540000,16.94,16.95,19122,0.0,17.17,17.2,16.94,16.96,1774281120000,17.19,17.19,23516,9599.5,1774281540000,16.94,16.95,19122,0.0,1072
1774281560000,1774281560000,17.03,17.06,16.94,16.96,1774281360000,17.05,17.05,9915,4174.0,1774281540000,16.94,16.95,19122,0.0,17.15,17.2,16.94,16.96,1774281120000,17.19,17.19,23516,9599.5,1774281540000,16.94,16.95,19122,0.0,1073
1774281565000,1774281565000,17.03,17.06,16.94,16.97,1774281360000,17.05,17.05,9915,4174.0,1774281540000,16.94,16.95,19122,0.0,17.15,17.2,16.94,16.97,1774281120000,17.19,17.19,23516,9599.5,1774281540000,16.94,16.95,19122,0.0,1074
1774281570000,1774281570000,17.02,17.06,16.94,16.97,1774281360000,17.05,17.05,9915,4174.0,1774281540000,16.94,16.95,19122,0.0,17.15,17.2,16.94,16.97,1774281120000,17.19,17.19,23516,9599.5,1774281540000,16.94,16.95,19122,0.0,1075
1774281575000,1774281575000,17.02,17.06,16.94,16.97,1774281360000,17.05,17.05,9915,4174.0,1774281540000,16.94,16.95,19122,0.0,17.15,17.2,16.94,16.97,1774281120000,17.19,17.19,23516,9599.5,1774281540000,16.94,16.95,19122,0.0,1076
1774281580000,1774281580000,17.02,17.06,16.94,16.97,1774281360000,17.05,17.05,9915,4174.0,1774281540000,16.94,16.95,19122,0.0,17.14,17.2,16.94,16.97,1774281120000,17.19,17.19,23516,9599.5,1774281540000,16.94,16.95,19122,0.0,1077
1774281585000,1774281585000,17.02,17.06,16.94,16.96,1774281360000,17.05,17.05,9915,4174.0,1774281540000,16.94,16.95,19122,0.0,17.16,17.2,16.94,16.96,1774281120000,17.19,17.19,23516,9599.5,1774281540000,16.94,16.95,19122,0.0,1078
1774281590000,1774281590000,17.02,17.06,16.94,16.97,1774281360000,17.05,17.05,9915,4174.0,1774281540000,16.94,16.95,19122,0.0,17.16,17.2,16.94,16.97,1774281120000,17.19,17.19,23516,9599.5,1774281540000,16.94,16.95,19122,0.0,1079
1774281595000,1774281595000,17.01,17.06,16.94,16.98,1774281360000,17.05,17.05,9915,4174.0,1774281540000,16.94,16.95,19122,0.0,17.16,17.2,16.94,16.98,1774281120000,17.19,17.19,23516,9599.5,1774281540000,16.94,16.95,19122,0.0,1080
1774281600000,1774281600000,17.05,17.06,16.94,17.03,1774281360000,17.05,17.05,9915,4174.0,1774281540000,16.94,16.95,19122,0.0,17.18,17.2,16.94,17.03,1774281120000,17.19,17.19,23516,9599.5,1774281540000,16.94,16.95,19122,0.0,1081
1774281605000,1774281605000,17.05,17.05,16.94,17.03,1774281370000,17.05,17.03,14863,4756.0,1774281540000,16.94,16.95,19122,0.0,17.18,17.2,16.94,17.03,1774281120000,17.19,17.19,23516,9599.5,1774281540000,16.94,16.95,19122,0.0,1082
1774281610000,1774281610000,17.05,17.05,16.94,17.03,1774281370000,17.05,17.03,14863,4756.0,1774281540000,16.94,16.95,19122,0.0,17.19,17.2,16.94,17.03,1774281120000,17.19,17.19,23516,9599.5,1774281540000,16.94,16.95,19122,0.0,1083
1774281615000,1774281615000,17.02,17.04,16.94,17.03,1774281600000,16.98,17.03,39843,24845.5,1774281540000,16.94,16.95,19122,0.0,17.19,17.2,16.94,17.03,1774281120000,17.19,17.19,23516,9599.5,1774281540000,16.94,16.95,19122,0.0,1084
1774281620000,1774281620000,17.02,17.04,16.94,17.02,1774281600000,16.98,17.03,39843,24845.5,1774281540000,16.94,16.95,19122,0.0,17.19,17.19,16.94,17.02,1774281125000,17.19,17.18,27047,7676.5,1774281540000,16.94,16.95,19122,0.0,1085
1774281625000,1774281625000,17.02,17.04,16.94,17.04,1774281625000,17.03,17.04,4228,0.0,1774281540000,16.94,16.95,19122,0.0,17.19,17.19,16.94,17.04,1774281125000,17.19,17.18,27047,7676.5,1774281540000,16.94,16.95,19122,0.0,1086
1774281630000,1774281630000,17.02,17.04,16.94,17.04,1774281630000,17.04,17.04,19711,17597.0,1774281540000,16.94,16.95,19122,0.0,17.18,17.18,16.94,17.04,1774281130000,17.18,17.16,15225,0.0,1774281540000,16.94,16.95,19122,0.0,1087
1774281635000,1774281635000,17.02,17.04,16.94,17.03,1774281635000,17.04,17.03,10139,283.5,1774281540000,16.94,16.95,19122,0.0,17.18,17.18,16.94,17.03,1774281130000,17.18,17.16,15225,0.0,1774281540000,16.94,16.95,19122,0.0,1088
1774281640000,1774281640000,17.02,17.04,16.94,17.03,1774281635000,17.04,17.03,10139,0.0,1774281540000,16.94,16.95,19122,0.0,17.15,17.16,16.94,17.03,1774281235000,17.15,17.14,19359,9842.5,1774281540000,16.94,16.95,19122,0.0,1089
1774281645000,1774281645000,17.01,17.04,16.94,17.03,1774281635000,17.04,17.03,10139,0.0,1774281540000,16.94,16.95,19122,0.0,17.15,17.16,16.94,17.03,1774281235000,17.15,17.14,19359,9842.5,1774281540000,16.94,16.95,19122,0.0,1090
1774281650000,1774281650000,17.02,17.05,16.94,17.04,1774281650000,17.03,17.04,19195,15885.0,1774281540000,16.94,16.95,19122,0.0,17.13,17.16,16.94,17.04,1774281235000,17.15,17.14,19359,9842.5,1774281540000,16.94,16.95,19122,0.0,1091
1774281655000,1774281655000,17.01,17.05,16.94,17.04,1774281655000,17.05,17.04,14323,4725.5,1774281540000,16.94,16.95,19122,0.0,17.14,17.16,16.94,17.04,1774281235000,17.15,17.14,19359,9842.5,1774281540000,16.94,16.95,19122,0.0,1092
1774281660000,1774281660000,17.01,17.05,16.94,17.04,1774281660000,17.04,17.04,5989,0.0,1774281540000,16.94,16.95,19122,0.0,17.15,17.16,16.94,17.04,1774281235000,17.15,17.14,19359,9842.5,1774281540000,16.94,16.95,19122,0.0,1093
1774281665000,1774281665000,17.01,17.05,16.94,17.04,1774281660000,17.04,17.04,5989,0.0,1774281540000,16.94,16.95,19122,0.0,17.15,17.16,16.94,17.04,1774281235000,17.15,17.14,19359,9842.5,1774281540000,16.94,16.95,19122,0.0,1094
1774281670000,1774281670000,17.02,17.05,16.94,17.04,1774281660000,17.04,17.04,5989,0.0,1774281540000,16.94,16.95,19122,0.0,17.16,17.16,16.94,17.04,1774281235000,17.15,17.14,19359,9842.5,1774281540000,16.94,16.95,19122,0.0,1095
1774281675000,1774281675000,17.02,17.05,16.94,17.04,1774281660000,17.04,17.04,5989,0.0,1774281540000,16.94,16.95,19122,0.0,17.15,17.16,16.94,17.04,1774281235000,17.15,17.14,19359,9842.5,1774281540000,16.94,16.95,19122,0.0,1096
1774281680000,1774281680000,17.02,17.05,16.94,17.05,1774281680000,17.05,17.05,27269,22709.0,1774281540000,16.94,16.95,19122,0.0,17.14,17.16,16.94,17.05,1774281235000,17.15,17.14,19359,9842.5,1774281540000,16.94,16.95,19122,0.0,1097
1774281685000,1774281685000,17.02,17.05,16.94,17.05,1774281685000,17.04,17.05,1982,0.0,1774281540000,16.94,16.95,19122,0.0,17.14,17.16,16.94,17.05,1774281235000,17.15,17.14,19359,9842.5,1774281540000,16.94,16.95,19122,0.0,1098
1774281690000,1774281690000,17.02,17.05,16.94,17.05,1774281690000,17.05,17.05,5178,4187.0,1774281540000,16.94,16.95,19122,0.0,17.14,17.16,16.94,17.05,1774281235000,17.15,17.14,19359,9842.5,1774281540000,16.94,16.95,19122,0.0,1099
1774281695000,1774281695000,17.02,17.06,16.94,17.05,1774281695000,17.05,17.05,11928,9339.0,1774281540000,16.94,16.95,19122,0.0,17.15,17.16,16.94,17.05,1774281235000,17.15,17.14,19359,9842.5,1774281540000,16.94,16.95,19122,0.0,1100
1774281700000,1774281700000,17.0,17.07,16.94,17.07,1774281700000,17.05,17.07,17939,11975.0,1774281540000,16.94,16.95,19122,0.0,17.14,17.15,16.94,17.07,1774281250000,17.14,17.14,10950,5558.0,1774281540000,16.94,16.95,19122,0.0,1101
1774281705000,1774281705000,17.0,17.07,16.94,17.07,1774281705000,17.06,17.07,12910,3940.5,1774281540000,16.94,16.95,19122,0.0,17.13,17.15,16.94,17.07,1774281250000,17.14,17.14,10950,5558.0,1774281540000,16.94,16.95,19122,0.0,1102
1774281710000,1774281710000,17.0,17.08,16.94,17.07,1774281710000,17.07,17.07,23640,17185.0,1774281540000,16.94,16.95,19122,0.0,17.14,17.14,16.94,17.07,1774281285000,17.13,17.13,10795,6966.5,1774281540000,16.94,16.95,19122,0.0,1103
1774281715000,1774281715000,17.0,17.08,16.94,17.07,1774281715000,17.07,17.07,16918,5098.0,1774281540000,16.94,16.95,19122,0.0,17.13,17.14,16.94,17.07,1774281285000,17.13,17.13,10795,6966.5,1774281540000,16.94,16.95,19122,0.0,1104
1774281720000,1774281720000,17.0,17.1,16.94,17.1,1774281720000,17.08,17.1,19704,11245.0,1774281540000,16.94,16.95,19122,0.0,17.13,17.14,16.94,17.1,1774281285000,17.13,17.13,10795,6966.5,1774281540000,16.94,16.95,19122,0.0,1105
1774281725000,1774281725000,17.0,17.11,16.94,17.11,1774281725000,17.1,17.11,18272,8420.0,1774281540000,16.94,16.95,19122,0.0,17.13,17.14,16.94,17.11,1774281285000,17.13,17.13,10795,6966.5,1774281540000,16.94,16.95,19122,0.0,1106
1774281730000,1774281730000,17.0,17.11,16.94,17.1,1774281730000,17.11,17.1,8230,0.0,1774281540000,16.94,16.95,19122,0.0,17.13,17.14,16.94,17.1,1774281285000,17.13,17.13,10795,6966.5,1774281540000,16.94,16.95,19122,0.0,1107
1774281735000,1774281735000,16.98,17.11,16.94,17.1,1774281735000,17.1,17.1,15458,11343.0,1774281540000,16.94,16.95,19122,0.0,17.13,17.14,16.94,17.1,1774281285000,17.13,17.13,10795,6966.5,1774281540000,16.94,16.95,19122,0.0,1108
1774281740000,1774281740000,16.98,17.12,16.94,17.12,1774281740000,17.11,17.12,18715,10986.0,1774281540000,16.94,16.95,19122,0.0,17.13,17.14,16.94,17.12,1774281285000,17.13,17.13,10795,6966.5,1774281540000,16.94,16.95,19122,0.0,1109
1774281745000,1774281745000,16.96,17.12,16.94,17.11,1774281745000,17.12,17.11,16057,6699.5,1774281540000,16.94,16.95,19122,0.0,17.13,17.14,16.94,17.11,1774281285000,17.13,17.13,10795,6966.5,1774281540000,16.94,16.95,19122,0.0,1110
1774281750000,1774281750000,16.97,17.12,16.94,17.12,1774281750000,17.12,17.12,16889,8860.5,1774281540000,16.94,16.95,19122,0.0,17.13,17.14,16.94,17.12,1774281285000,17.13,17.13,10795,6966.5,1774281540000,16.94,16.95,19122,0.0,1111
1774281755000,1774281755000,16.98,17.13,16.94,17.13,1774281755000,17.12,17.13,13108,4663.5,1774281540000,16.94,16.95,19122,0.0,17.13,17.14,16.94,17.13,1774281285000,17.13,17.13,10795,6966.5,1774281540000,16.94,16.95,19122,0.0,1112
1774281760000,1774281760000,16.98,17.13,16.94,17.12,1774281760000,17.13,17.12,15104,8550.0,1774281540000,16.94,16.95,19122,0.0,17.13,17.14,16.94,17.12,1774281285000,17.13,17.13,10795,6966.5,1774281540000,16.94,16.95,19122,0.0,1113
1774281765000,1774281765000,16.98,17.13,16.94,17.13,1774281765000,17.12,17.13,1950,0.0,1774281540000,16.94,16.95,19122,0.0,17.13,17.14,16.94,17.13,1774281285000,17.13,17.13,10795,6966.5,1774281540000,16.94,16.95,19122,0.0,1114
1774281770000,1774281770000,16.98,17.15,16.94,17.14,1774281770000,17.13,17.14,12315,11340.0,1774281540000,16.94,16.95,19122,0.0,17.13,17.15,16.94,17.14,1774281770000,17.13,17.14,12315,11340.0,1774281540000,16.94,16.95,19122,0.0,1115
1774281775000,1774281775000,16.98,17.15,16.94,17.15,1774281775000,17.14,17.15,28948,22790.5,1774281540000,16.94,16.95,19122,0.0,17.13,17.15,16.94,17.15,1774281775000,17.14,17.15,28948,22790.5,1774281540000,16.94,16.95,19122,0.0,1116
1774281780000,1774281780000,16.98,17.17,16.94,17.16,1774281780000,17.14,17.16,11199,0.0,1774281540000,16.94,16.95,19122,0.0,17.12,17.17,16.94,17.16,1774281780000,17.14,17.16,11199,0.0,1774281540000,16.94,16.95,19122,0.0,1117
1774281785000,1774281785000,16.94,17.17,16.94,17.15,1774281780000,17.14,17.16,11199,0.0,1774281540000,16.94,16.95,19122,0.0,17.09,17.17,16.94,17.15,1774281780000,17.14,17.16,11199,0.0,1774281540000,16.94,16.95,19122,0.0,1118
1774281790000,1774281790000,16.94,17.17,16.94,17.15,1774281780000,17.14,17.16,11199,0.0,1774281540000,16.94,16.95,19122,0.0,17.09,17.17,16.94,17.15,1774281780000,17.14,17.16,11199,0.0,1774281540000,16.94,16.95,19122,0.0,1119
1774281795000,1774281795000,16.94,17.17,16.94,17.14,1774281780000,17.14,17.16,11199,0.0,1774281540000,16.94,16.95,19122,0.0,17.09,17.17,16.94,17.14,1774281780000,17.14,17.16,11199,0.0,1774281540000,16.94,16.95,19122,0.0,1120
1774281800000,1774281800000,16.94,17.17,16.94,17.15,1774281780000,17.14,17.16,11199,0.0,1774281540000,16.94,16.95,19122,0.0,17.09,17.17,16.94,17.15,1774281780000,17.14,17.16,11199,0.0,1774281540000,16.94,16.95,19122,0.0,1121
1774281805000,1774281805000,16.96,17.17,16.95,17.14,1774281780000,17.14,17.16,11199,0.0,1774281550000,16.96,16.96,10134,0.0,17.05,17.17,16.94,17.14,1774281780000,17.14,17.16,11199,0.0,1774281540000,16.94,16.95,19122,0.0,1122
1774281810000,1774281810000,16.96,17.17,16.95,17.14,1774281780000,17.14,17.16,11199,0.0,1774281550000,16.96,16.96,10134,0.0,17.05,17.17,16.94,17.14,1774281780000,17.14,17.16,11199,0.0,1774281540000,16.94,16.95,19122,0.0,1123
1774281815000,1774281815000,16.97,17.17,16.96,17.14,1774281780000,17.14,17.16,11199,0.0,1774281585000,16.97,16.96,11702,4385.5,17.02,17.17,16.94,17.14,1774281780000,17.14,17.16,11199,0.0,1774281540000,16.94,16.95,19122,0.0,1124
1774281820000,1774281820000,16.97,17.17,16.97,17.14,1774281780000,17.14,17.16,11199,0.0,1774281595000,16.97,16.98,12770,0.0,17.01,17.17,16.94,17.14,1774281780000,17.14,17.16,11199,0.0,1774281540000,16.94,16.95,19122,0.0,1125
1774281825000,1774281825000,17.02,17.17,17.01,17.14,1774281780000,17.14,17.16,11199,0.0,1774281620000,17.03,17.02,17242,10593.0,17.05,17.17,16.94,17.14,1774281780000,17.14,17.16,11199,0.0,1774281540000,16.94,16.95,19122,0.0,1126
1774281830000,1774281830000,17.02,17.17,17.01,17.15,1774281780000,17.14,17.16,11199,0.0,1774281620000,17.03,17.02,17242,10593.0,17.05,17.17,16.94,17.15,1774281780000,17.14,17.16,11199,0.0,1774281540000,16.94,16.95,19122,0.0,1127
1774281835000,1774281835000,17.03,17.17,17.01,17.14,1774281780000,17.14,17.16,11199,0.0,1774281620000,17.03,17.02,17242,10593.0,17.02,17.17,16.94,17.14,1774281780000,17.14,17.16,11199,0.0,1774281540000,16.94,16.95,19122,0.0,1128
1774281840000,1774281840000,17.03,17.17,17.02,17.13,1774281780000,17.14,17.16,11199,0.0,1774281650000,17.03,17.04,19195,8723.5,17.02,17.17,16.94,17.13,1774281780000,17.14,17.16,11199,0.0,1774281540000,16.94,16.95,19122,0.0,1129
1774281845000,1774281845000,17.03,17.17,17.02,17.14,1774281780000,17.14,17.16,11199,0.0,1774281650000,17.03,17.04,19195,8723.5,17.01,17.17,16.94,17.14,1774281780000,17.14,17.16,11199,0.0,1774281540000,16.94,16.95,19122,0.0,1130
1774281850000,1774281850000,17.03,17.17,17.02,17.14,1774281780000,17.14,17.16,11199,0.0,1774281650000,17.03,17.04,19195,8723.5,17.02,17.17,16.94,17.14,1774281780000,17.14,17.16,11199,0.0,1774281540000,16.94,16.95,19122,0.0,1131
1774281855000,1774281855000,17.04,17.17,17.03,17.13,1774281780000,17.14,17.16,11199,0.0,1774281685000,17.04,17.05,1982,0.0,17.01,17.17,16.94,17.13,1774281780000,17.14,17.16,11199,0.0,1774281540000,16.94,16.95,19122,0.0,1132
1774281860000,1774281860000,17.04,17.17,17.03,17.13,1774281780000,17.14,17.16,11199,0.0,1774281685000,17.04,17.05,1982,0.0,17.02,17.17,16.94,17.13,1774281780000,17.14,17.16,11199,0.0,1774281540000,16.94,16.95,19122,0.0,1133
1774281865000,1774281865000,17.04,17.17,17.03,17.14,1774281780000,17.14,17.16,11199,0.0,1774281685000,17.04,17.05,1982,0.0,17.02,17.17,16.94,17.14,1774281780000,17.14,17.16,11199,0.0,1774281540000,16.94,16.95,19122,0.0,1134
1774281870000,1774281870000,17.05,17.17,17.03,17.16,1774281780000,17.14,17.16,11199,0.0,1774281685000,17.04,17.05,1982,0.0,17.02,17.17,16.94,17.16,1774281780000,17.14,17.16,11199,0.0,1774281540000,16.94,16.95,19122,0.0,1135
1774281875000,1774281875000,17.05,17.17,17.03,17.16,1774281875000,17.16,17.16,1702,0.0,1774281685000,17.04,17.05,1982,0.0,17.02,17.17,16.94,17.16,1774281875000,17.16,17.16,1702,0.0,1774281540000,16.94,16.95,19122,0.0,1136
1774281880000,1774281880000,17.05,17.17,17.03,17.14,1774281875000,17.16,17.16,1702,0.0,1774281685000,17.04,17.05,1982,0.0,17.02,17.17,16.94,17.14,1774281875000,17.16,17.16,1702,0.0,1774281540000,16.94,16.95,19122,0.0,1137
1774281885000,1774281885000,17.05,17.17,17.03,17.14,1774281875000,17.16,17.16,1702,0.0,1774281685000,17.04,17.05,1982,0.0,17.02,17.17,16.94,17.14,1774281875000,17.16,17.16,1702,0.0,1774281540000,16.94,16.95,19122,0.0,1138
1774281890000,1774281890000,17.05,17.17,17.03,17.15,1774281875000,17.16,17.16,1702,0.0,1774281685000,17.04,17.05,1982,0.0,17.02,17.17,16.94,17.15,1774281875000,17.16,17.16,1702,0.0,1774281540000,16.94,16.95,19122,0.0,1139
1774281895000,1774281895000,17.05,17.17,17.03,17.14,1774281875000,17.16,17.16,1702,0.0,1774281685000,17.04,17.05,1982,0.0,17.02,17.17,16.94,17.14,1774281875000,17.16,17.16,1702,0.0,1774281540000,16.94,16.95,19122,0.0,1140
1774281900000,1774281900000,17.05,17.17,17.04,17.13,1774281875000,17.16,17.16,1702,0.0,1774281695000,17.05,17.05,11928,369.5,17.02,17.17,16.94,17.13,1774281875000,17.16,17.16,1702,0.0,1774281540000,16.94,16.95,19122,0.0,1141
1774281905000,1774281905000,17.05,17.17,17.04,17.14,1774281875000,17.16,17.16,1702,0.0,1774281695000,17.05,17.05,11928,369.5,17.02,17.17,16.94,17.14,1774281875000,17.16,17.16,1702,0.0,1774281540000,16.94,16.95,19122,0.0,1142
1774281910000,1774281910000,17.05,17.17,17.04,17.14,1774281875000,17.16,17.16,1702,0.0,1774281695000,17.05,17.05,11928,369.5,17.02,17.17,16.94,17.14,1774281875000,17.16,17.16,1702,0.0,1774281540000,16.94,16.95,19122,0.0,1143
1774281915000,1774281915000,17.06,17.17,17.06,17.14,1774281875000,17.16,17.16,1702,0.0,1774281710000,17.07,17.07,23640,8726.0,17.0,17.17,16.94,17.14,1774281875000,17.16,17.16,1702,0.0,1774281540000,16.94,16.95,19122,0.0,1144
1774281920000,1774281920000,17.06,17.17,17.06,17.14,1774281875000,17.16,17.16,1702,0.0,1774281710000,17.07,17.07,23640,8726.0,17.0,17.17,16.94,17.14,1774281875000,17.16,17.16,1702,0.0,1774281540000,16.94,16.95,19122,0.0,1145
1774281925000,1774281925000,17.07,17.17,17.06,17.14,1774281875000,17.16,17.16,1702,0.0,1774281710000,17.07,17.07,23640,8726.0,17.0,17.17,16.94,17.14,1774281875000,17.16,17.16,1702,0.0,1774281540000,16.94,16.95,19122,0.0,1146
1774281930000,1774281930000,17.07,17.17,17.07,17.14,1774281875000,17.16,17.16,1702,0.0,1774281720000,17.08,17.1,19704,2109.0,17.0,17.17,16.94,17.14,1774281875000,17.16,17.16,1702,0.0,1774281540000,16.94,16.95,19122,0.0,1147
1774281935000,1774281935000,17.08,17.17,17.07,17.14,1774281875000,17.16,17.16,1702,0.0,1774281720000,17.08,17.1,19704,2109.0,17.0,17.17,16.94,17.14,1774281875000,17.16,17.16,1702,0.0,1774281540000,16.94,16.95,19122,0.0,1148
1774281940000,1774281940000,17.1,17.17,17.09,17.13,1774281875000,17.16,17.16,1702,0.0,1774281735000,17.1,17.1,15458,1985.5,17.0,17.17,16.94,17.13,1774281875000,17.16,17.16,1702,0.0,1774281540000,16.94,16.95,19122,0.0,1149
1774281945000,1774281945000,17.1,17.17,17.09,17.12,1774281875000,17.16,17.16,1702,0.0,1774281735000,17.1,17.1,15458,1985.5,17.0,17.17,16.94,17.12,1774281875000,17.16,17.16,1702,0.0,1774281540000,16.94,16.95,19122,0.0,1150
1774281950000,1774281950000,17.1,17.17,17.09,17.12,1774281875000,17.16,17.16,1702,0.0,1774281735000,17.1,17.1,15458,1985.5,17.0,17.17,16.94,17.12,1774281875000,17.16,17.16,1702,0.0,1774281540000,16.94,16.95,19122,0.0,1151
1774281955000,1774281955000,17.1,17.17,17.09,17.13,1774281875000,17.16,17.16,1702,0.0,1774281735000,17.1,17.1,15458,1985.5,16.98,17.17,16.94,17.13,1774281875000,17.16,17.16,1702,0.0,1774281540000,16.94,16.95,19122,0.0,1152
1774281960000,1774281960000,17.11,17.17,17.1,17.13,1774281875000,17.16,17.16,1702,0.0,1774281745000,17.12,17.11,16057,0.0,16.98,17.17,16.94,17.13,1774281875000,17.16,17.16,1702,0.0,1774281540000,16.94,16.95,19122,0.0,1153
1774281965000,1774281965000,17.12,17.17,17.1,17.13,1774281875000,17.16,17.16,1702,0.0,1774281745000,17.12,17.11,16057,0.0,16.98,17.17,16.94,17.13,1774281875000,17.16,17.16,1702,0.0,1774281540000,16.94,16.95,19122,0.0,1154
1774281970000,1774281970000,17.12,17.17,17.11,17.12,1774281875000,17.16,17.16,1702,0.0,1774281950000,17.12,17.12,5826,0.0,16.96,17.17,16.94,17.12,1774281875000,17.16,17.16,1702,0.0,1774281540000,16.94,16.95,19122,0.0,1155
1774281975000,1774281975000,17.12,17.17,17.11,17.12,1774281875000,17.16,17.16,1702,0.0,1774281950000,17.12,17.12,5826,0.0,16.97,17.17,16.94,17.12,1774281875000,17.16,17.16,1702,0.0,1774281540000,16.94,16.95,19122,0.0,1156
1774281980000,1774281980000,17.12,17.17,17.11,17.14,1774281875000,17.16,17.16,1702,0.0,1774281950000,17.12,17.12,5826,0.0,16.97,17.17,16.94,17.14,1774281875000,17.16,17.16,1702,0.0,1774281540000,16.94,16.95,19122,0.0,1157
1774281985000,1774281985000,17.13,17.17,17.11,17.14,1774281875000,17.16,17.16,1702,0.0,1774281950000,17.12,17.12,5826,0.0,16.98,17.17,16.94,17.14,1774281875000,17.16,17.16,1702,0.0,1774281540000,16.94,16.95,19122,0.0,1158
1774281990000,1774281990000,17.13,17.17,17.11,17.14,1774281875000,17.16,17.16,1702,0.0,1774281950000,17.12,17.12,5826,0.0,16.98,17.17,16.94,17.14,1774281875000,17.16,17.16,1702,0.0,1774281540000,16.94,16.95,19122,0.0,1159
1774281995000,1774281995000,17.13,17.17,17.11,17.15,1774281875000,17.16,17.16,1702,0.0,1774281950000,17.12,17.12,5826,0.0,16.98,17.17,16.94,17.15,1774281875000,17.16,17.16,1702,0.0,1774281540000,16.94,16.95,19122,0.0,1160
1774282000000,1774282000000,17.13,17.17,17.11,17.16,1774281875000,17.16,17.16,1702,0.0,1774281950000,17.12,17.12,5826,0.0,16.98,17.17,16.94,17.16,1774281875000,17.16,17.16,1702,0.0,1774281540000,16.94,16.95,19122,0.0,1161
1774282005000,1774282005000,17.14,17.18,17.11,17.18,1774282005000,17.16,17.18,12875,12550.0,1774281950000,17.12,17.12,5826,0.0,16.98,17.18,16.94,17.18,1774282005000,17.16,17.18,12875,12550.0,1774281540000,16.94,16.95,19122,0.0,1162
1774282010000,1774282010000,17.14,17.18,17.11,17.16,1774282010000,17.18,17.16,4251,0.0,1774281950000,17.12,17.12,5826,0.0,16.98,17.18,16.94,17.16,1774282010000,17.18,17.16,4251,0.0,1774281540000,16.94,16.95,19122,0.0,1163
1774282015000,1774282015000,17.14,17.18,17.11,17.17,1774282010000,17.18,17.16,4251,0.0,1774281950000,17.12,17.12,5826,0.0,17.0,17.18,16.94,17.17,1774282010000,17.18,17.16,4251,0.0,1774281540000,16.94,16.95,19122,0.0,1164
1774282020000,1774282020000,17.16,17.19,17.11,17.16,1774282020000,17.17,17.16,28666,25966.0,1774281950000,17.12,17.12,5826,0.0,16.98,17.19,16.94,17.16,1774282020000,17.17,17.16,28666,25966.0,1774281540000,16.94,16.95,19122,0.0,1165
1774282025000,1774282025000,17.16,17.19,17.11,17.16,1774282020000,17.17,17.16,28666,23902.0,1774281950000,17.12,17.12,5826,0.0,16.98,17.19,16.94,17.16,1774282020000,17.17,17.16,28666,23902.0,1774281540000,16.94,16.95,19122,0.0,1166
1774282030000,1774282030000,17.16,17.19,17.11,17.18,1774282020000,17.17,17.16,28666,23902.0,1774281950000,17.12,17.12,5826,0.0,16.96,17.19,16.94,17.18,1774282020000,17.17,17.16,28666,23902.0,1774281540000,16.94,16.95,19122,0.0,1167
1774282035000,1774282035000,17.16,17.19,17.11,17.16,1774282020000,17.17,17.16,28666,23902.0,1774281950000,17.12,17.12,5826,0.0,16.96,17.19,16.94,17.16,1774282020000,17.17,17.16,28666,23902.0,1774281540000,16.94,16.95,19122,0.0,1168
1774282040000,1774282040000,17.14,17.19,17.11,17.16,1774282020000,17.17,17.16,28666,23902.0,1774281950000,17.12,17.12,5826,0.0,16.94,17.19,16.94,17.16,1774282020000,17.17,17.16,28666,23902.0,1774281540000,16.94,16.95,19122,0.0,1169
1774282045000,1774282045000,17.14,17.19,17.11,17.14,1774282020000,17.17,17.16,28666,23902.0,1774281950000,17.12,17.12,5826,0.0,16.94,17.19,16.94,17.14,1774282020000,17.17,17.16,28666,23902.0,1774281540000,16.94,16.95,19122,0.0,1170
1774282050000,1774282050000,17.15,17.19,17.11,17.14,1774282020000,17.17,17.16,28666,23902.0,1774281950000,17.12,17.12,5826,0.0,16.94,17.19,16.94,17.14,1774282020000,17.17,17.16,28666,23902.0,1774281540000,16.94,16.95,19122,0.0,1171
1774282055000,1774282055000,17.15,17.19,17.11,17.14,1774282020000,17.17,17.16,28666,23902.0,1774281950000,17.12,17.12,5826,0.0,16.94,17.19,16.94,17.14,1774282020000,17.17,17.16,28666,23902.0,1774281540000,16.94,16.95,19122,0.0,1172
1774282060000,1774282060000,17.15,17.19,17.11,17.15,1774282020000,17.17,17.16,28666,23902.0,1774281950000,17.12,17.12,5826,0.0,16.94,17.19,16.94,17.15,1774282020000,17.17,17.16,28666,23902.0,1774281540000,16.94,16.95,19122,0.0,1173
1774282065000,1774282065000,17.15,17.19,17.11,17.16,1774282020000,17.17,17.16,28666,23902.0,1774281950000,17.12,17.12,5826,0.0,16.94,17.19,16.94,17.16,1774282020000,17.17,17.16,28666,23902.0,1774281540000,16.94,16.95,19122,0.0,1174
1774282070000,1774282070000,17.15,17.19,17.11,17.16,1774282020000,17.17,17.16,28666,23902.0,1774281950000,17.12,17.12,5826,0.0,16.96,17.19,16.95,17.16,1774282020000,17.17,17.16,28666,23902.0,1774281550000,16.96,16.96,10134,0.0,1175
1774282075000,1774282075000,17.15,17.19,17.11,17.17,1774282020000,17.17,17.16,28666,23902.0,1774281950000,17.12,17.12,5826,0.0,16.96,17.19,16.96,17.17,1774282020000,17.17,17.16,28666,23902.0,1774281585000,16.97,16.96,11702,4385.5,1176
1774282080000,1774282080000,17.15,17.19,17.11,17.18,1774282020000,17.17,17.16,28666,23902.0,1774281950000,17.12,17.12,5826,0.0,16.97,17.19,16.96,17.18,1774282020000,17.17,17.16,28666,23902.0,1774281585000,16.97,16.96,11702,4385.5,1177
1774282085000,1774282085000,17.15,17.19,17.11,17.18,1774282020000,17.17,17.16,28666,23902.0,1774281950000,17.12,17.12,5826,0.0,16.97,17.19,16.96,17.18,1774282020000,17.17,17.16,28666,23902.0,1774281585000,16.97,16.96,11702,4385.5,1178
1774282090000,1774282090000,17.15,17.19,17.11,17.18,1774282020000,17.17,17.16,28666,23902.0,1774281950000,17.12,17.12,5826,0.0,16.97,17.19,16.96,17.18,1774282020000,17.17,17.16,28666,23902.0,1774281585000,16.97,16.96,11702,4385.5,1179
1774282095000,1774282095000,17.15,17.19,17.11,17.19,1774282095000,17.18,17.19,2348,0.0,1774281950000,17.12,17.12,5826,0.0,16.96,17.19,16.96,17.19,1774282095000,17.18,17.19,2348,0.0,1774281585000,16.97,16.96,11702,4385.5,1180
1774282100000,1774282100000,17.14,17.19,17.11,17.19,1774282100000,17.19,17.19,14022,12848.0,1774281950000,17.12,17.12,5826,0.0,16.97,17.19,16.96,17.19,1774282100000,17.19,17.19,14022,12848.0,1774281585000,16.97,16.96,11702,4385.5,1181
1774282105000,1774282105000,17.14,17.19,17.11,17.19,1774282105000,17.18,17.19,3030,0.0,1774281950000,17.12,17.12,5826,0.0,16.97,17.19,16.96,17.19,1774282105000,17.18,17.19,3030,0.0,1774281585000,16.97,16.96,11702,4385.5,1182
1774282110000,1774282110000,17.14,17.19,17.11,17.19,1774282110000,17.19,17.19,100,0.0,1774281950000,17.12,17.12,5826,0.0,16.97,17.19,16.96,17.19,1774282110000,17.19,17.19,100,0.0,1774281585000,16.97,16.96,11702,4385.5,1183
1774282115000,1774282115000,17.14,17.2,17.11,17.2,1774282115000,17.19,17.2,19862,19812.0,1774281950000,17.12,17.12,5826,0.0,16.97,17.2,16.97,17.2,1774282115000,17.19,17.2,19862,19812.0,1774281595000,16.97,16.98,12770,0.0,1184
1774282120000,1774282120000,17.14,17.21,17.11,17.21,1774282120000,17.2,17.21,25869,15938.0,1774281950000,17.12,17.12,5826,0.0,16.98,17.21,16.98,17.21,1774282120000,17.2,17.21,25869,15938.0,1774281600000,16.98,17.03,39843,24845.5,1185
1774282125000,1774282125000,17.14,17.23,17.11,17.22,1774282125000,17.22,17.22,31258,18323.5,1774281950000,17.12,17.12,5826,0.0,17.02,17.23,17.01,17.22,1774282125000,17.22,17.22,31258,18323.5,1774281620000,17.03,17.02,17242,10593.0,1186
1774282130000,1774282130000,17.14,17.23,17.11,17.21,1774282130000,17.22,17.21,6350,0.0,1774281950000,17.12,17.12,5826,0.0,17.02,17.23,17.01,17.21,1774282130000,17.22,17.21,6350,0.0,1774281620000,17.03,17.02,17242,10593.0,1187
1774282135000,1774282135000,17.14,17.23,17.11,17.23,1774282135000,17.22,17.23,3596,421.0,1774281950000,17.12,17.12,5826,0.0,17.03,17.23,17.01,17.23,1774282135000,17.22,17.23,3596,421.0,1774281620000,17.03,17.02,17242,10593.0,1188
1774282140000,1774282140000,17.14,17.23,17.11,17.21,1774282140000,17.23,17.21,19257,17459.0,1774281950000,17.12,17.12,5826,0.0,17.03,17.23,17.01,17.21,1774282140000,17.23,17.21,19257,17459.0,1774281620000,17.03,17.02,17242,10593.0,1189
1774282145000,1774282145000,17.14,17.23,17.11,17.21,1774282140000,17.23,17.21,19257,16697.0,1774281950000,17.12,17.12,5826,0.0,17.03,17.23,17.01,17.21,1774282140000,17.23,17.21,19257,16697.0,1774281620000,17.03,17.02,17242,10593.0,1190
1774282150000,1774282150000,17.14,17.23,17.11,17.2,1774282140000,17.23,17.21,19257,16697.0,1774281950000,17.12,17.12,5826,0.0,17.03,17.23,17.01,17.2,1774282140000,17.23,17.21,19257,16697.0,1774281620000,17.03,17.02,17242,10593.0,1191
1774282155000,1774282155000,17.14,17.23,17.11,17.19,1774282140000,17.23,17.21,19257,16697.0,1774281950000,17.12,17.12,5826,0.0,17.04,17.23,17.02,17.19,1774282140000,17.23,17.21,19257,16697.0,1774281650000,17.03,17.04,19195,8723.5,1192
1774282160000,1774282160000,17.14,17.23,17.11,17.19,1774282140000,17.23,17.21,19257,16697.0,1774281950000,17.12,17.12,5826,0.0,17.04,17.23,17.02,17.19,1774282140000,17.23,17.21,19257,16697.0,1774281650000,17.03,17.04,19195,8723.5,1193
1774282165000,1774282165000,17.14,17.23,17.11,17.21,1774282140000,17.23,17.21,19257,16697.0,1774281950000,17.12,17.12,5826,0.0,17.03,17.23,17.02,17.21,1774282140000,17.23,17.21,19257,16697.0,1774281650000,17.03,17.04,19195,8723.5,1194
1774282170000,1774282170000,17.14,17.23,17.11,17.2,1774282140000,17.23,17.21,19257,16697.0,1774281950000,17.12,17.12,5826,0.0,17.03,17.23,17.02,17.2,1774282140000,17.23,17.21,19257,16697.0,1774281650000,17.03,17.04,19195,8723.5,1195
1774282175000,1774282175000,17.14,17.23,17.11,17.2,1774282140000,17.23,17.21,19257,16697.0,1774281950000,17.12,17.12,5826,0.0,17.03,17.23,17.02,17.2,1774282140000,17.23,17.21,19257,16697.0,1774281650000,17.03,17.04,19195,8723.5,1196
1774282180000,1774282180000,17.14,17.23,17.11,17.2,1774282140000,17.23,17.21,19257,16697.0,1774281950000,17.12,17.12,5826,0.0,17.03,17.23,17.02,17.2,1774282140000,17.23,17.21,19257,16697.0,1774281650000,17.03,17.04,19195,8723.5,1197
1774282185000,1774282185000,17.14,17.23,17.11,17.19,1774282140000,17.23,17.21,19257,16697.0,1774281950000,17.12,17.12,5826,0.0,17.03,17.23,17.02,17.19,1774282140000,17.23,17.21,19257,16697.0,1774281650000,17.03,17.04,19195,8723.5,1198
1774282190000,1774282190000,17.14,17.23,17.11,17.19,1774282140000,17.23,17.21,19257,16697.0,1774281950000,17.12,17.12,5826,0.0,17.05,17.23,17.03,17.19,1774282140000,17.23,17.21,19257,16697.0,1774281685000,17.04,17.05,1982,0.0,1199
1774282195000,1774282195000,17.14,17.23,17.11,17.19,1774282140000,17.23,17.21,19257,16697.0,1774281950000,17.12,17.12,5826,0.0,17.05,17.23,17.03,17.19,1774282140000,17.23,17.21,19257,16697.0,1774281685000,17.04,17.05,1982,0.0,1200
1774282200000,1774282200000,17.14,17.23,17.11,17.18,1774282140000,17.23,17.21,19257,16697.0,1774281950000,17.12,17.12,5826,0.0,17.04,17.23,17.03,17.18,1774282140000,17.23,17.21,19257,16697.0,1774281685000,17.04,17.05,1982,0.0,1201
1774282205000,1774282205000,17.12,17.23,17.11,17.18,1774282140000,17.23,17.21,19257,16697.0,1774281950000,17.12,17.12,5826,0.0,17.04,17.23,17.03,17.18,1774282140000,17.23,17.21,19257,16697.0,1774281685000,17.04,17.05,1982,0.0,1202
1774282210000,1774282210000,17.15,17.23,17.11,17.17,1774282140000,17.23,17.21,19257,16697.0,1774281950000,17.12,17.12,5826,0.0,17.04,17.23,17.03,17.17,1774282140000,17.23,17.21,19257,16697.0,1774281685000,17.04,17.05,1982,0.0,1203
1774282215000,1774282215000,17.15,17.23,17.11,17.18,1774282140000,17.23,17.21,19257,16697.0,1774281950000,17.12,17.12,5826,0.0,17.05,17.23,17.03,17.18,1774282140000,17.23,17.21,19257,16697.0,1774281685000,17.04,17.05,1982,0.0,1204
1774282220000,1774282220000,17.15,17.23,17.11,17.18,1774282140000,17.23,17.21,19257,16697.0,1774281950000,17.12,17.12,5826,0.0,17.05,17.23,17.04,17.18,1774282140000,17.23,17.21,19257,16697.0,1774281695000,17.05,17.05,11928,369.5,1205
1774282225000,1774282225000,17.14,17.23,17.11,17.18,1774282140000,17.23,17.21,19257,16697.0,1774281950000,17.12,17.12,5826,0.0,17.05,17.23,17.05,17.18,1774282140000,17.23,17.21,19257,16697.0,1774281700000,17.05,17.07,17939,5520.0,1206
1774282230000,1774282230000,17.14,17.23,17.11,17.18,1774282140000,17.23,17.21,19257,16697.0,1774281950000,17.12,17.12,5826,0.0,17.05,17.23,17.05,17.18,1774282140000,17.23,17.21,19257,16697.0,1774281700000,17.05,17.07,17939,5520.0,1207
1774282235000,1774282235000,17.14,17.23,17.11,17.18,1774282140000,17.23,17.21,19257,16697.0,1774281950000,17.12,17.12,5826,0.0,17.05,17.23,17.05,17.18,1774282140000,17.23,17.21,19257,16697.0,1774281700000,17.05,17.07,17939,5520.0,1208
1774282240000,1774282240000,17.14,17.23,17.11,17.16,1774282140000,17.23,17.21,19257,16697.0,1774281950000,17.12,17.12,5826,0.0,17.06,17.23,17.06,17.16,1774282140000,17.23,17.21,19257,16697.0,1774281710000,17.07,17.07,23640,8726.0,1209
1774282245000,1774282245000,17.14,17.23,17.11,17.16,1774282140000,17.23,17.21,19257,16697.0,1774281950000,17.12,17.12,5826,0.0,17.06,17.23,17.06,17.16,1774282140000,17.23,17.21,19257,16697.0,1774281710000,17.07,17.07,23640,8726.0,1210
1774282250000,1774282250000,17.14,17.23,17.11,17.18,1774282140000,17.23,17.21,19257,16697.0,1774281950000,17.12,17.12,5826,0.0,17.07,17.23,17.06,17.18,1774282140000,17.23,17.21,19257,16697.0,1774281710000,17.07,17.07,23640,8726.0,1211
1774282255000,1774282255000,17.14,17.23,17.11,17.17,1774282140000,17.23,17.21,19257,16697.0,1774281950000,17.12,17.12,5826,0.0,17.07,17.23,17.07,17.17,1774282140000,17.23,17.21,19257,16697.0,1774281720000,17.08,17.1,19704,2109.0,1212
1774282260000,1774282260000,17.14,17.23,17.11,17.18,1774282140000,17.23,17.21,19257,16697.0,1774281950000,17.12,17.12,5826,0.0,17.07,17.23,17.07,17.18,1774282140000,17.23,17.21,19257,16697.0,1774281720000,17.08,17.1,19704,2109.0,1213
1774282265000,1774282265000,17.14,17.23,17.11,17.18,1774282140000,17.23,17.21,19257,16697.0,1774281950000,17.12,17.12,5826,0.0,17.07,17.23,17.07,17.18,1774282140000,17.23,17.21,19257,16697.0,1774281720000,17.08,17.1,19704,2109.0,1214
1774282270000,1774282270000,17.13,17.23,17.12,17.18,1774282140000,17.23,17.21,19257,16697.0,1774281975000,17.13,17.12,17271,7006.0,17.1,17.23,17.09,17.18,1774282140000,17.23,17.21,19257,16697.0,1774281735000,17.1,17.1,15458,1985.5,1215
1774282275000,1774282275000,17.13,17.23,17.12,17.18,1774282140000,17.23,17.21,19257,16697.0,1774281975000,17.13,17.12,17271,7006.0,17.1,17.23,17.09,17.18,1774282140000,17.23,17.21,19257,16697.0,1774281735000,17.1,17.1,15458,1985.5,1216
1774282280000,1774282280000,17.13,17.23,17.12,17.16,1774282140000,17.23,17.21,19257,16697.0,1774281975000,17.13,17.12,17271,7006.0,17.1,17.23,17.09,17.16,1774282140000,17.23,17.21,19257,16697.0,1774281735000,17.1,17.1,15458,1985.5,1217
1774282285000,1774282285000,17.13,17.23,17.12,17.18,1774282140000,17.23,17.21,19257,16697.0,1774281975000,17.13,17.12,17271,7006.0,17.1,17.23,17.09,17.18,1774282140000,17.23,17.21,19257,16697.0,1774281735000,17.1,17.1,15458,1985.5,1218
1774282290000,1774282290000,17.14,17.23,17.12,17.18,1774282140000,17.23,17.21,19257,16697.0,1774281975000,17.13,17.12,17271,7006.0,17.1,17.23,17.09,17.18,1774282140000,17.23,17.21,19257,16697.0,1774281735000,17.1,17.1,15458,1985.5,1219
1774282295000,1774282295000,17.14,17.23,17.12,17.18,1774282140000,17.23,17.21,19257,16697.0,1774281975000,17.13,17.12,17271,7006.0,17.11,17.23,17.1,17.18,1774282140000,17.23,17.21,19257,16697.0,1774281745000,17.12,17.11,16057,0.0,1220
1774282300000,1774282300000,17.14,17.23,17.12,17.18,1774282140000,17.23,17.21,19257,16697.0,1774281975000,17.13,17.12,17271,7006.0,17.11,17.23,17.1,17.18,1774282140000,17.23,17.21,19257,16697.0,1774281745000,17.12,17.11,16057,0.0,1221
1774282305000,1774282305000,17.13,17.23,17.12,17.18,1774282140000,17.23,17.21,19257,16697.0,1774281975000,17.13,17.12,17271,7006.0,17.12,17.23,17.1,17.18,1774282140000,17.23,17.21,19257,16697.0,1774281745000,17.12,17.11,16057,0.0,1222
1774282310000,1774282310000,17.13,17.23,17.12,17.2,1774282140000,17.23,17.21,19257,16697.0,1774281975000,17.13,17.12,17271,7006.0,17.12,17.23,17.1,17.2,1774282140000,17.23,17.21,19257,16697.0,1774281745000,17.12,17.11,16057,0.0,1223
1774282315000,1774282315000,17.13,17.23,17.12,17.19,1774282140000,17.23,17.21,19257,16697.0,1774281975000,17.13,17.12,17271,7006.0,17.12,17.23,17.11,17.19,1774282140000,17.23,17.21,19257,16697.0,1774281950000,17.12,17.12,5826,0.0,1224
1774282320000,1774282320000,17.13,17.23,17.12,17.19,1774282140000,17.23,17.21,19257,16697.0,1774281975000,17.13,17.12,17271,7006.0,17.12,17.23,17.11,17.19,1774282140000,17.23,17.21,19257,16697.0,1774281950000,17.12,17.12,5826,0.0,1225
1774282325000,1774282325000,17.13,17.23,17.12,17.19,1774282140000,17.23,17.21,19257,16697.0,1774281975000,17.13,17.12,17271,7006.0,17.12,17.23,17.11,17.19,1774282140000,17.23,17.21,19257,16697.0,1774281950000,17.12,17.12,5826,0.0,1226
1774282330000,1774282330000,17.13,17.23,17.13,17.19,1774282140000,17.23,17.21,19257,16697.0,1774281990000,17.14,17.14,3154,0.0,17.12,17.23,17.11,17.19,1774282140000,17.23,17.21,19257,16697.0,1774281950000,17.12,17.12,5826,0.0,1227
1774282335000,1774282335000,17.13,17.23,17.13,17.19,1774282140000,17.23,17.21,19257,16697.0,1774281990000,17.14,17.14,3154,0.0,17.12,17.23,17.11,17.19,1774282140000,17.23,17.21,19257,16697.0,1774281950000,17.12,17.12,5826,0.0,1228
1774282340000,1774282340000,17.13,17.23,17.13,17.18,1774282140000,17.23,17.21,19257,16697.0,1774281990000,17.14,17.14,3154,0.0,17.12,17.23,17.11,17.18,1774282140000,17.23,17.21,19257,16697.0,1774281950000,17.12,17.12,5826,0.0,1229
1774282345000,1774282345000,17.16,17.23,17.15,17.2,1774282140000,17.23,17.21,19257,16697.0,1774282250000,17.16,17.18,11214,0.0,17.15,17.23,17.11,17.2,1774282140000,17.23,17.21,19257,16697.0,1774281950000,17.12,17.12,5826,0.0,1230
1774282350000,1774282350000,17.16,17.23,17.15,17.18,1774282140000,17.23,17.21,19257,16697.0,1774282250000,17.16,17.18,11214,0.0,17.15,17.23,17.11,17.18,1774282140000,17.23,17.21,19257,16697.0,1774281950000,17.12,17.12,5826,0.0,1231
1774282355000,1774282355000,17.16,17.23,17.15,17.18,1774282140000,17.23,17.21,19257,16697.0,1774282250000,17.16,17.18,11214,0.0,17.15,17.23,17.11,17.18,1774282140000,17.23,17.21,19257,16697.0,1774281950000,17.12,17.12,5826,0.0,1232
1774282360000,1774282360000,17.16,17.23,17.15,17.17,1774282140000,17.23,17.21,19257,16697.0,1774282250000,17.16,17.18,11214,0.0,17.15,17.23,17.11,17.17,1774282140000,17.23,17.21,19257,16697.0,1774281950000,17.12,17.12,5826,0.0,1233
1774282365000,1774282365000,17.16,17.23,17.15,17.17,1774282140000,17.23,17.21,19257,16697.0,1774282250000,17.16,17.18,11214,0.0,17.15,17.23,17.11,17.17,1774282140000,17.23,17.21,19257,16697.0,1774281950000,17.12,17.12,5826,0.0,1234
1774282370000,1774282370000,17.16,17.23,17.15,17.19,1774282140000,17.23,17.21,19257,16697.0,1774282250000,17.16,17.18,11214,0.0,17.15,17.23,17.11,17.19,1774282140000,17.23,17.21,19257,16697.0,1774281950000,17.12,17.12,5826,0.0,1235
1774282375000,1774282375000,17.19,17.23,17.15,17.2,1774282140000,17.23,17.21,19257,16697.0,1774282250000,17.16,17.18,11214,0.0,17.15,17.23,17.11,17.2,1774282140000,17.23,17.21,19257,16697.0,1774281950000,17.12,17.12,5826,0.0,1236
1774282380000,1774282380000,17.19,17.23,17.15,17.2,1774282140000,17.23,17.21,19257,16697.0,1774282250000,17.16,17.18,11214,0.0,17.14,17.23,17.11,17.2,1774282140000,17.23,17.21,19257,16697.0,1774281950000,17.12,17.12,5826,0.0,1237
1774282385000,1774282385000,17.19,17.23,17.15,17.2,1774282140000,17.23,17.21,19257,16697.0,1774282250000,17.16,17.18,11214,0.0,17.14,17.23,17.11,17.2,1774282140000,17.23,17.21,19257,16697.0,1774281950000,17.12,17.12,5826,0.0,1238
1774282390000,1774282390000,17.19,17.23,17.15,17.19,1774282140000,17.23,17.21,19257,16697.0,1774282250000,17.16,17.18,11214,0.0,17.14,17.23,17.11,17.19,1774282140000,17.23,17.21,19257,16697.0,1774281950000,17.12,17.12,5826,0.0,1239
1774282395000,1774282395000,17.19,17.23,17.15,17.2,1774282140000,17.23,17.21,19257,16697.0,1774282250000,17.16,17.18,11214,0.0,17.14,17.23,17.11,17.2,1774282140000,17.23,17.21,19257,16697.0,1774281950000,17.12,17.12,5826,0.0,1240
1774282400000,1774282400000,17.2,17.23,17.15,17.2,1774282140000,17.23,17.21,19257,16697.0,1774282250000,17.16,17.18,11214,0.0,17.14,17.23,17.11,17.2,1774282140000,17.23,17.21,19257,16697.0,1774281950000,17.12,17.12,5826,0.0,1241
1774282405000,1774282405000,17.2,17.23,17.15,17.19,1774282140000,17.23,17.21,19257,16697.0,1774282250000,17.16,17.18,11214,0.0,17.14,17.23,17.11,17.19,1774282140000,17.23,17.21,19257,16697.0,1774281950000,17.12,17.12,5826,0.0,1242
1774282410000,1774282410000,17.2,17.23,17.15,17.19,1774282140000,17.23,17.21,19257,16697.0,1774282250000,17.16,17.18,11214,0.0,17.14,17.23,17.11,17.19,1774282140000,17.23,17.21,19257,16697.0,1774281950000,17.12,17.12,5826,0.0,1243
1774282415000,1774282415000,17.2,17.23,17.15,17.19,1774282140000,17.23,17.21,19257,16697.0,1774282250000,17.16,17.18,11214,0.0,17.14,17.23,17.11,17.19,1774282140000,17.23,17.21,19257,16697.0,1774281950000,17.12,17.12,5826,0.0,1244
1774282420000,1774282420000,17.2,17.23,17.15,17.19,1774282140000,17.23,17.21,19257,16697.0,1774282250000,17.16,17.18,11214,0.0,17.14,17.23,17.11,17.19,1774282140000,17.23,17.21,19257,16697.0,1774281950000,17.12,17.12,5826,0.0,1245
1774282425000,1774282425000,17.22,17.23,17.15,17.18,1774282140000,17.23,17.21,19257,16697.0,1774282250000,17.16,17.18,11214,0.0,17.14,17.23,17.11,17.18,1774282140000,17.23,17.21,19257,16697.0,1774281950000,17.12,17.12,5826,0.0,1246
1774282430000,1774282430000,17.22,17.23,17.15,17.18,1774282140000,17.23,17.21,19257,16697.0,1774282250000,17.16,17.18,11214,0.0,17.14,17.23,17.11,17.18,1774282140000,17.23,17.21,19257,16697.0,1774281950000,17.12,17.12,5826,0.0,1247
1774282435000,1774282435000,17.22,17.23,17.15,17.18,1774282140000,17.23,17.21,19257,16697.0,1774282250000,17.16,17.18,11214,0.0,17.14,17.23,17.11,17.18,1774282140000,17.23,17.21,19257,16697.0,1774281950000,17.12,17.12,5826,0.0,1248
1774282440000,1774282440000,17.22,17.23,17.15,17.16,1774282140000,17.23,17.21,19257,16697.0,1774282250000,17.16,17.18,11214,0.0,17.14,17.23,17.11,17.16,1774282140000,17.23,17.21,19257,16697.0,1774281950000,17.12,17.12,5826,0.0,1249
1774282445000,1774282445000,17.22,17.23,17.15,17.16,1774282140000,17.23,17.21,19257,16697.0,1774282250000,17.16,17.18,11214,0.0,17.14,17.23,17.11,17.16,1774282140000,17.23,17.21,19257,16697.0,1774281950000,17.12,17.12,5826,0.0,1250
1774282450000,1774282450000,17.22,17.23,17.15,17.18,1774282140000,17.23,17.21,19257,16697.0,1774282250000,17.16,17.18,11214,0.0,17.14,17.23,17.11,17.18,1774282140000,17.23,17.21,19257,16697.0,1774281950000,17.12,17.12,5826,0.0,1251
1774282455000,1774282455000,17.22,17.23,17.15,17.18,1774282140000,17.23,17.21,19257,16697.0,1774282250000,17.16,17.18,11214,0.0,17.14,17.23,17.11,17.18,1774282140000,17.23,17.21,19257,16697.0,1774281950000,17.12,17.12,5826,0.0,1252
1774282460000,1774282460000,17.23,17.23,17.15,17.18,1774282140000,17.23,17.21,19257,16697.0,1774282250000,17.16,17.18,11214,0.0,17.14,17.23,17.11,17.18,1774282140000,17.23,17.21,19257,16697.0,1774281950000,17.12,17.12,5826,0.0,1253
1774282465000,1774282465000,17.23,17.23,17.15,17.18,1774282140000,17.23,17.21,19257,16697.0,1774282250000,17.16,17.18,11214,0.0,17.14,17.23,17.11,17.18,1774282140000,17.23,17.21,19257,16697.0,1774281950000,17.12,17.12,5826,0.0,1254
1774282470000,1774282470000,17.23,17.23,17.15,17.18,1774282140000,17.23,17.21,19257,16697.0,1774282250000,17.16,17.18,11214,0.0,17.14,17.23,17.11,17.18,1774282140000,17.23,17.21,19257,16697.0,1774281950000,17.12,17.12,5826,0.0,1255
1774282475000,1774282475000,17.21,17.21,17.15,17.18,1774282350000,17.2,17.18,14703,0.0,1774282250000,17.16,17.18,11214,0.0,17.14,17.23,17.11,17.18,1774282140000,17.23,17.21,19257,16697.0,1774281950000,17.12,17.12,5826,0.0,1256
1774282480000,1774282480000,17.21,17.21,17.15,17.2,1774282350000,17.2,17.18,14703,0.0,1774282250000,17.16,17.18,11214,0.0,17.14,17.23,17.11,17.2,1774282140000,17.23,17.21,19257,16697.0,1774281950000,17.12,17.12,5826,0.0,1257
1774282485000,1774282485000,17.17,17.21,17.15,17.19,1774282350000,17.2,17.18,14703,0.0,1774282250000,17.16,17.18,11214,0.0,17.15,17.23,17.11,17.19,1774282140000,17.23,17.21,19257,16697.0,1774281950000,17.12,17.12,5826,0.0,1258
1774282490000,1774282490000,17.17,17.21,17.15,17.19,1774282350000,17.2,17.18,14703,0.0,1774282250000,17.16,17.18,11214,0.0,17.13,17.23,17.11,17.19,1774282140000,17.23,17.21,19257,16697.0,1774281950000,17.12,17.12,5826,0.0,1259
1774282495000,1774282495000,17.17,17.21,17.15,17.2,1774282350000,17.2,17.18,14703,0.0,1774282250000,17.16,17.18,11214,0.0,17.14,17.23,17.11,17.2,1774282140000,17.23,17.21,19257,16697.0,1774281950000,17.12,17.12,5826,0.0,1260
1774282500000,1774282500000,17.18,17.21,17.15,17.19,1774282350000,17.2,17.18,14703,0.0,1774282250000,17.16,17.18,11214,0.0,17.14,17.23,17.11,17.19,1774282140000,17.23,17.21,19257,16697.0,1774281950000,17.12,17.12,5826,0.0,1261
1774282505000,1774282505000,17.18,17.21,17.15,17.19,1774282350000,17.2,17.18,14703,0.0,1774282250000,17.16,17.18,11214,0.0,17.14,17.23,17.11,17.19,1774282140000,17.23,17.21,19257,16697.0,1774281950000,17.12,17.12,5826,0.0,1262
1774282510000,1774282510000,17.18,17.21,17.15,17.19,1774282350000,17.2,17.18,14703,0.0,1774282250000,17.16,17.18,11214,0.0,17.14,17.23,17.11,17.19,1774282140000,17.23,17.21,19257,16697.0,1774281950000,17.12,17.12,5826,0.0,1263
1774282515000,1774282515000,17.18,17.21,17.15,17.19,1774282350000,17.2,17.18,14703,0.0,1774282250000,17.16,17.18,11214,0.0,17.14,17.23,17.11,17.19,1774282140000,17.23,17.21,19257,16697.0,1774281950000,17.12,17.12,5826,0.0,1264
1774282520000,1774282520000,17.16,17.21,17.15,17.19,1774282350000,17.2,17.18,14703,0.0,1774282250000,17.16,17.18,11214,0.0,17.14,17.23,17.11,17.19,1774282140000,17.23,17.21,19257,16697.0,1774281950000,17.12,17.12,5826,0.0,1265
1774282525000,1774282525000,17.16,17.21,17.15,17.2,1774282350000,17.2,17.18,14703,0.0,1774282250000,17.16,17.18,11214,0.0,17.14,17.23,17.11,17.2,1774282140000,17.23,17.21,19257,16697.0,1774281950000,17.12,17.12,5826,0.0,1266
1774282530000,1774282530000,17.16,17.21,17.15,17.2,1774282350000,17.2,17.18,14703,0.0,1774282250000,17.16,17.18,11214,0.0,17.14,17.23,17.11,17.2,1774282140000,17.23,17.21,19257,16697.0,1774281950000,17.12,17.12,5826,0.0,1267
1774282535000,1774282535000,17.17,17.21,17.16,17.19,1774282350000,17.2,17.18,14703,0.0,1774282445000,17.16,17.16,1030,0.0,17.14,17.23,17.11,17.19,1774282140000,17.23,17.21,19257,16697.0,1774281950000,17.12,17.12,5826,0.0,1268
1774282540000,1774282540000,17.17,17.21,17.16,17.19,1774282350000,17.2,17.18,14703,0.0,1774282445000,17.16,17.16,1030,0.0,17.14,17.23,17.11,17.19,1774282140000,17.23,17.21,19257,16697.0,1774281950000,17.12,17.12,5826,0.0,1269
1774282545000,1774282545000,17.17,17.21,17.16,17.19,1774282350000,17.2,17.18,14703,0.0,1774282445000,17.16,17.16,1030,0.0,17.14,17.23,17.11,17.19,1774282140000,17.23,17.21,19257,16697.0,1774281950000,17.12,17.12,5826,0.0,1270
1774282550000,1774282550000,17.17,17.21,17.16,17.19,1774282350000,17.2,17.18,14703,0.0,1774282445000,17.16,17.16,1030,0.0,17.14,17.23,17.11,17.19,1774282140000,17.23,17.21,19257,16697.0,1774281950000,17.12,17.12,5826,0.0,1271
1774282555000,1774282555000,17.17,17.21,17.16,17.19,1774282350000,17.2,17.18,14703,0.0,1774282445000,17.16,17.16,1030,0.0,17.14,17.23,17.11,17.19,1774282140000,17.23,17.21,19257,16697.0,1774281950000,17.12,17.12,5826,0.0,1272
1774282560000,1774282560000,17.18,17.21,17.16,17.19,1774282350000,17.2,17.18,14703,0.0,1774282445000,17.16,17.16,1030,0.0,17.14,17.23,17.11,17.19,1774282140000,17.23,17.21,19257,16697.0,1774281950000,17.12,17.12,5826,0.0,1273
1774282565000,1774282565000,17.18,17.21,17.16,17.19,1774282350000,17.2,17.18,14703,0.0,1774282445000,17.16,17.16,1030,0.0,17.14,17.23,17.11,17.19,1774282140000,17.23,17.21,19257,16697.0,1774281950000,17.12,17.12,5826,0.0,1274
1774282570000,1774282570000,17.18,17.21,17.16,17.18,1774282350000,17.2,17.18,14703,0.0,1774282445000,17.16,17.16,1030,0.0,17.14,17.23,17.11,17.18,1774282140000,17.23,17.21,19257,16697.0,1774281950000,17.12,17.12,5826,0.0,1275
1774282575000,1774282575000,17.18,17.21,17.16,17.17,1774282350000,17.2,17.18,14703,0.0,1774282445000,17.16,17.16,1030,0.0,17.14,17.23,17.11,17.17,1774282140000,17.23,17.21,19257,16697.0,1774281950000,17.12,17.12,5826,0.0,1276
1774282580000,1774282580000,17.18,17.21,17.16,17.17,1774282350000,17.2,17.18,14703,0.0,1774282580000,17.17,17.17,5912,5702.0,17.14,17.23,17.11,17.17,1774282140000,17.23,17.21,19257,16697.0,1774281950000,17.12,17.12,5826,0.0,1277
1774282585000,1774282585000,17.18,17.21,17.16,17.18,1774282350000,17.2,17.18,14703,0.0,1774282580000,17.17,17.17,5912,4502.0,17.14,17.23,17.11,17.18,1774282140000,17.23,17.21,19257,16697.0,1774281950000,17.12,17.12,5826,0.0,1278
1774282590000,1774282590000,17.18,17.21,17.16,17.18,1774282350000,17.2,17.18,14703,0.0,1774282580000,17.17,17.17,5912,4502.0,17.14,17.23,17.11,17.18,1774282140000,17.23,17.21,19257,16697.0,1774281950000,17.12,17.12,5826,0.0,1279
1774282595000,1774282595000,17.18,17.21,17.16,17.17,1774282350000,17.2,17.18,14703,0.0,1774282580000,17.17,17.17,5912,4502.0,17.13,17.23,17.11,17.17,1774282140000,17.23,17.21,19257,16697.0,1774281950000,17.12,17.12,5826,0.0,1280
1774282600000,1774282600000,17.18,17.21,17.16,17.18,1774282350000,17.2,17.18,14703,0.0,1774282580000,17.17,17.17,5912,4502.0,17.12,17.23,17.11,17.18,1774282140000,17.23,17.21,19257,16697.0,1774281950000,17.12,17.12,5826,0.0,1281
1774282605000,1774282605000,17.18,17.21,17.16,17.19,1774282350000,17.2,17.18,14703,0.0,1774282580000,17.17,17.17,5912,4502.0,17.12,17.23,17.11,17.19,1774282140000,17.23,17.21,19257,16697.0,1774281950000,17.12,17.12,5826,0.0,1282
1774282610000,1774282610000,17.17,17.21,17.16,17.18,1774282350000,17.2,17.18,14703,0.0,1774282580000,17.17,17.17,5912,4502.0,17.13,17.23,17.12,17.18,1774282140000,17.23,17.21,19257,16697.0,1774281975000,17.13,17.12,17271,7006.0,1283
1774282615000,1774282615000,17.17,17.21,17.16,17.19,1774282350000,17.2,17.18,14703,0.0,1774282580000,17.17,17.17,5912,4502.0,17.14,17.23,17.12,17.19,1774282140000,17.23,17.21,19257,16697.0,1774281975000,17.13,17.12,17271,7006.0,1284
1774282620000,1774282620000,17.19,17.21,17.16,17.18,1774282350000,17.2,17.18,14703,0.0,1774282620000,17.19,17.18,23930,15770.0,17.13,17.23,17.12,17.18,1774282140000,17.23,17.21,19257,16697.0,1774281975000,17.13,17.12,17271,7006.0,1285
1774282625000,1774282625000,17.19,17.21,17.16,17.18,1774282350000,17.2,17.18,14703,0.0,1774282620000,17.19,17.18,23930,8417.5,17.13,17.23,17.12,17.18,1774282140000,17.23,17.21,19257,16697.0,1774281975000,17.13,17.12,17271,7006.0,1286
1774282630000,1774282630000,17.19,17.21,17.16,17.18,1774282350000,17.2,17.18,14703,0.0,1774282620000,17.19,17.18,23930,8417.5,17.13,17.23,17.12,17.18,1774282140000,17.23,17.21,19257,16697.0,1774281975000,17.13,17.12,17271,7006.0,1287
1774282635000,1774282635000,17.19,17.21,17.16,17.18,1774282350000,17.2,17.18,14703,0.0,1774282620000,17.19,17.18,23930,8417.5,17.13,17.23,17.12,17.18,1774282140000,17.23,17.21,19257,16697.0,1774281975000,17.13,17.12,17271,7006.0,1288
1774282640000,1774282640000,17.19,17.21,17.16,17.18,1774282350000,17.2,17.18,14703,0.0,1774282620000,17.19,17.18,23930,8417.5,17.13,17.23,17.12,17.18,1774282140000,17.23,17.21,19257,16697.0,1774281975000,17.13,17.12,17271,7006.0,1289
1774282645000,1774282645000,17.19,17.21,17.16,17.18,1774282350000,17.2,17.18,14703,0.0,1774282620000,17.19,17.18,23930,8417.5,17.13,17.23,17.13,17.18,1774282140000,17.23,17.21,19257,16697.0,1774281990000,17.14,17.14,3154,0.0,1290
1774282650000,1774282650000,17.19,17.21,17.16,17.16,1774282350000,17.2,17.18,14703,0.0,1774282650000,17.18,17.16,4220,537.0,17.14,17.23,17.13,17.16,1774282140000,17.23,17.21,19257,16697.0,1774281990000,17.14,17.14,3154,0.0,1291
1774282655000,1774282655000,17.19,17.21,17.15,17.15,1774282350000,17.2,17.18,14703,0.0,1774282655000,17.16,17.15,8914,6804.0,17.14,17.23,17.13,17.15,1774282140000,17.23,17.21,19257,16697.0,1774281990000,17.14,17.14,3154,0.0,1292
1774282660000,1774282660000,17.19,17.21,17.15,17.16,1774282350000,17.2,17.18,14703,0.0,1774282660000,17.16,17.16,2060,0.0,17.14,17.23,17.13,17.16,1774282140000,17.23,17.21,19257,16697.0,1774281990000,17.14,17.14,3154,0.0,1293
1774282665000,1774282665000,17.19,17.21,17.15,17.16,1774282350000,17.2,17.18,14703,0.0,1774282665000,17.15,17.16,8015,6985.0,17.14,17.23,17.14,17.16,1774282140000,17.23,17.21,19257,16697.0,1774282060000,17.14,17.15,8359,1950.0,1294
1774282670000,1774282670000,17.19,17.21,17.15,17.16,1774282350000,17.2,17.18,14703,0.0,1774282665000,17.15,17.16,8015,3370.0,17.14,17.23,17.14,17.16,1774282140000,17.23,17.21,19257,16697.0,1774282060000,17.14,17.15,8359,1950.0,1295
1774282675000,1774282675000,17.19,17.21,17.14,17.15,1774282350000,17.2,17.18,14703,0.0,1774282675000,17.16,17.15,15859,12244.0,17.18,17.23,17.14,17.15,1774282140000,17.23,17.21,19257,16697.0,1774282675000,17.16,17.15,15859,12244.0,1296
1774282680000,1774282680000,17.19,17.21,17.13,17.14,1774282350000,17.2,17.18,14703,0.0,1774282680000,17.15,17.14,14804,6874.5,17.17,17.23,17.13,17.14,1774282140000,17.23,17.21,19257,16697.0,1774282680000,17.15,17.14,14804,6874.5,1297
1774282685000,1774282685000,17.19,17.21,17.13,17.15,1774282350000,17.2,17.18,14703,0.0,1774282685000,17.14,17.15,20304,12902.0,17.17,17.23,17.13,17.15,1774282140000,17.23,17.21,19257,16697.0,1774282685000,17.14,17.15,20304,12902.0,1298
1774282690000,1774282690000,17.19,17.21,17.13,17.16,1774282350000,17.2,17.18,14703,0.0,1774282685000,17.14,17.15,20304,11982.0,17.16,17.23,17.13,17.16,1774282140000,17.23,17.21,19257,16697.0,1774282685000,17.14,17.15,20304,11982.0,1299
1774282695000,1774282695000,17.19,17.21,17.13,17.17,1774282350000,17.2,17.18,14703,0.0,1774282685000,17.14,17.15,20304,11982.0,17.18,17.23,17.13,17.17,1774282140000,17.23,17.21,19257,16697.0,1774282685000,17.14,17.15,20304,11982.0,1300
1774282700000,1774282700000,17.19,17.21,17.13,17.16,1774282350000,17.2,17.18,14703,0.0,1774282685000,17.14,17.15,20304,11982.0,17.18,17.23,17.13,17.16,1774282140000,17.23,17.21,19257,16697.0,1774282685000,17.14,17.15,20304,11982.0,1301
1774282705000,1774282705000,17.19,17.21,17.13,17.16,1774282350000,17.2,17.18,14703,0.0,1774282685000,17.14,17.15,20304,11982.0,17.18,17.23,17.13,17.16,1774282140000,17.23,17.21,19257,16697.0,1774282685000,17.14,17.15,20304,11982.0,1302
1774282710000,1774282710000,17.19,17.21,17.13,17.15,1774282350000,17.2,17.18,14703,0.0,1774282685000,17.14,17.15,20304,11982.0,17.18,17.23,17.13,17.15,1774282140000,17.23,17.21,19257,16697.0,1774282685000,17.14,17.15,20304,11982.0,1303
1774282715000,1774282715000,17.19,17.21,17.13,17.16,1774282350000,17.2,17.18,14703,0.0,1774282685000,17.14,17.15,20304,11982.0,17.18,17.23,17.13,17.16,1774282140000,17.23,17.21,19257,16697.0,1774282685000,17.14,17.15,20304,11982.0,1304
1774282720000,1774282720000,17.19,17.21,17.13,17.16,1774282350000,17.2,17.18,14703,0.0,1774282685000,17.14,17.15,20304,11982.0,17.16,17.23,17.13,17.16,1774282140000,17.23,17.21,19257,16697.0,1774282685000,17.14,17.15,20304,11982.0,1305
1774282725000,1774282725000,17.19,17.21,17.13,17.16,1774282350000,17.2,17.18,14703,0.0,1774282685000,17.14,17.15,20304,11982.0,17.16,17.23,17.13,17.16,1774282140000,17.23,17.21,19257,16697.0,1774282685000,17.14,17.15,20304,11982.0,1306
1774282730000,1774282730000,17.19,17.21,17.13,17.16,1774282350000,17.2,17.18,14703,0.0,1774282685000,17.14,17.15,20304,11982.0,17.16,17.23,17.13,17.16,1774282140000,17.23,17.21,19257,16697.0,1774282685000,17.14,17.15,20304,11982.0,1307
1774282735000,1774282735000,17.19,17.21,17.13,17.16,1774282350000,17.2,17.18,14703,0.0,1774282685000,17.14,17.15,20304,11982.0,17.15,17.23,17.13,17.16,1774282140000,17.23,17.21,19257,16697.0,1774282685000,17.14,17.15,20304,11982.0,1308
1774282740000,1774282740000,17.19,17.21,17.13,17.16,1774282350000,17.2,17.18,14703,0.0,1774282685000,17.14,17.15,20304,11982.0,17.16,17.23,17.13,17.16,1774282140000,17.23,17.21,19257,16697.0,1774282685000,17.14,17.15,20304,11982.0,1309
1774282745000,1774282745000,17.19,17.21,17.13,17.16,1774282350000,17.2,17.18,14703,0.0,1774282685000,17.14,17.15,20304,11982.0,17.16,17.23,17.13,17.16,1774282140000,17.23,17.21,19257,16697.0,1774282685000,17.14,17.15,20304,11982.0,1310
1774282750000,1774282750000,17.18,17.2,17.13,17.17,1774282565000,17.2,17.19,5212,0.0,1774282685000,17.14,17.15,20304,11982.0,17.16,17.23,17.13,17.17,1774282140000,17.23,17.21,19257,16697.0,1774282685000,17.14,17.15,20304,11982.0,1311
1774282755000,1774282755000,17.19,17.2,17.13,17.16,1774282565000,17.2,17.19,5212,0.0,1774282685000,17.14,17.15,20304,11982.0,17.16,17.23,17.13,17.16,1774282140000,17.23,17.21,19257,16697.0,1774282685000,17.14,17.15,20304,11982.0,1312
1774282760000,1774282760000,17.19,17.2,17.13,17.16,1774282565000,17.2,17.19,5212,0.0,1774282685000,17.14,17.15,20304,11982.0,17.16,17.23,17.13,17.16,1774282140000,17.23,17.21,19257,16697.0,1774282685000,17.14,17.15,20304,11982.0,1313
1774282765000,1774282765000,17.19,17.2,17.13,17.18,1774282565000,17.2,17.19,5212,0.0,1774282685000,17.14,17.15,20304,11982.0,17.18,17.23,17.13,17.18,1774282140000,17.23,17.21,19257,16697.0,1774282685000,17.14,17.15,20304,11982.0,1314
1774282770000,1774282770000,17.19,17.2,17.13,17.18,1774282565000,17.2,17.19,5212,0.0,1774282685000,17.14,17.15,20304,11982.0,17.19,17.23,17.13,17.18,1774282140000,17.23,17.21,19257,16697.0,1774282685000,17.14,17.15,20304,11982.0,1315
1774282775000,1774282775000,17.19,17.2,17.13,17.18,1774282565000,17.2,17.19,5212,0.0,1774282685000,17.14,17.15,20304,11982.0,17.19,17.23,17.13,17.18,1774282140000,17.23,17.21,19257,16697.0,1774282685000,17.14,17.15,20304,11982.0,1316
1774282780000,1774282780000,17.19,17.2,17.13,17.18,1774282565000,17.2,17.19,5212,0.0,1774282685000,17.14,17.15,20304,11982.0,17.19,17.23,17.13,17.18,1774282140000,17.23,17.21,19257,16697.0,1774282685000,17.14,17.15,20304,11982.0,1317
1774282785000,1774282785000,17.19,17.2,17.13,17.18,1774282565000,17.2,17.19,5212,0.0,1774282685000,17.14,17.15,20304,11982.0,17.19,17.23,17.13,17.18,1774282140000,17.23,17.21,19257,16697.0,1774282685000,17.14,17.15,20304,11982.0,1318
1774282790000,1774282790000,17.19,17.2,17.13,17.18,1774282565000,17.2,17.19,5212,0.0,1774282685000,17.14,17.15,20304,11982.0,17.19,17.23,17.13,17.18,1774282140000,17.23,17.21,19257,16697.0,1774282685000,17.14,17.15,20304,11982.0,1319
1774282795000,1774282795000,17.19,17.2,17.13,17.18,1774282565000,17.2,17.19,5212,0.0,1774282685000,17.14,17.15,20304,11982.0,17.19,17.23,17.13,17.18,1774282140000,17.23,17.21,19257,16697.0,1774282685000,17.14,17.15,20304,11982.0,1320
1774282800000,1774282800000,17.19,17.2,17.13,17.18,1774282565000,17.2,17.19,5212,0.0,1774282685000,17.14,17.15,20304,11982.0,17.19,17.23,17.13,17.18,1774282140000,17.23,17.21,19257,16697.0,1774282685000,17.14,17.15,20304,11982.0,1321
1774282805000,1774282805000,17.2,17.2,17.13,17.18,1774282565000,17.2,17.19,5212,0.0,1774282685000,17.14,17.15,20304,11982.0,17.19,17.23,17.13,17.18,1774282140000,17.23,17.21,19257,16697.0,1774282685000,17.14,17.15,20304,11982.0,1322
1774282810000,1774282810000,17.2,17.2,17.13,17.16,1774282565000,17.2,17.19,5212,0.0,1774282685000,17.14,17.15,20304,11982.0,17.2,17.23,17.13,17.16,1774282140000,17.23,17.21,19257,16697.0,1774282685000,17.14,17.15,20304,11982.0,1323
1774282815000,1774282815000,17.2,17.2,17.13,17.16,1774282565000,17.2,17.19,5212,0.0,1774282685000,17.14,17.15,20304,11982.0,17.2,17.23,17.13,17.16,1774282140000,17.23,17.21,19257,16697.0,1774282685000,17.14,17.15,20304,11982.0,1324
1774282820000,1774282820000,17.2,17.2,17.13,17.16,1774282565000,17.2,17.19,5212,0.0,1774282685000,17.14,17.15,20304,11982.0,17.2,17.23,17.13,17.16,1774282140000,17.23,17.21,19257,16697.0,1774282685000,17.14,17.15,20304,11982.0,1325
1774282825000,1774282825000,17.2,17.2,17.13,17.16,1774282565000,17.2,17.19,5212,0.0,1774282685000,17.14,17.15,20304,11982.0,17.2,17.23,17.13,17.16,1774282140000,17.23,17.21,19257,16697.0,1774282685000,17.14,17.15,20304,11982.0,1326
1774282830000,1774282830000,17.19,17.2,17.13,17.16,1774282565000,17.2,17.19,5212,0.0,1774282685000,17.14,17.15,20304,11982.0,17.2,17.23,17.13,17.16,1774282140000,17.23,17.21,19257,16697.0,1774282685000,17.14,17.15,20304,11982.0,1327
1774282835000,1774282835000,17.19,17.2,17.13,17.16,1774282565000,17.2,17.19,5212,0.0,1774282685000,17.14,17.15,20304,11982.0,17.22,17.23,17.13,17.16,1774282140000,17.23,17.21,19257,16697.0,1774282685000,17.14,17.15,20304,11982.0,1328
1774282840000,1774282840000,17.18,17.2,17.13,17.18,1774282565000,17.2,17.19,5212,0.0,1774282685000,17.14,17.15,20304,11982.0,17.22,17.23,17.13,17.18,1774282140000,17.23,17.21,19257,16697.0,1774282685000,17.14,17.15,20304,11982.0,1329
1774282845000,1774282845000,17.18,17.2,17.13,17.17,1774282565000,17.2,17.19,5212,0.0,1774282685000,17.14,17.15,20304,11982.0,17.22,17.23,17.13,17.17,1774282140000,17.23,17.21,19257,16697.0,1774282685000,17.14,17.15,20304,11982.0,1330
1774282850000,1774282850000,17.17,17.2,17.13,17.16,1774282565000,17.2,17.19,5212,0.0,1774282685000,17.14,17.15,20304,11982.0,17.22,17.23,17.13,17.16,1774282140000,17.23,17.21,19257,16697.0,1774282685000,17.14,17.15,20304,11982.0,1331
1774282855000,1774282855000,17.18,17.2,17.13,17.15,1774282565000,17.2,17.19,5212,0.0,1774282685000,17.14,17.15,20304,11982.0,17.23,17.23,17.13,17.15,1774282140000,17.23,17.21,19257,16697.0,1774282685000,17.14,17.15,20304,11982.0,1332
1774282860000,1774282860000,17.18,17.2,17.13,17.16,1774282565000,17.2,17.19,5212,0.0,1774282685000,17.14,17.15,20304,11982.0,17.23,17.23,17.13,17.16,1774282140000,17.23,17.21,19257,16697.0,1774282685000,17.14,17.15,20304,11982.0,1333
1774282865000,1774282865000,17.18,17.2,17.13,17.16,1774282565000,17.2,17.19,5212,0.0,1774282685000,17.14,17.15,20304,11982.0,17.23,17.23,17.13,17.16,1774282140000,17.23,17.21,19257,16697.0,1774282685000,17.14,17.15,20304,11982.0,1334
1774282870000,1774282870000,17.19,17.2,17.13,17.17,1774282565000,17.2,17.19,5212,0.0,1774282685000,17.14,17.15,20304,11982.0,17.21,17.21,17.13,17.17,1774282350000,17.2,17.18,14703,0.0,1774282685000,17.14,17.15,20304,11982.0,1335
1774282875000,1774282875000,17.2,17.2,17.13,17.16,1774282565000,17.2,17.19,5212,0.0,1774282685000,17.14,17.15,20304,11982.0,17.21,17.21,17.13,17.16,1774282350000,17.2,17.18,14703,0.0,1774282685000,17.14,17.15,20304,11982.0,1336
1774282880000,1774282880000,17.2,17.2,17.13,17.16,1774282565000,17.2,17.19,5212,0.0,1774282685000,17.14,17.15,20304,11982.0,17.19,17.21,17.13,17.16,1774282350000,17.2,17.18,14703,0.0,1774282685000,17.14,17.15,20304,11982.0,1337
1774282885000,1774282885000,17.2,17.2,17.13,17.16,1774282565000,17.2,17.19,5212,0.0,1774282685000,17.14,17.15,20304,11982.0,17.2,17.21,17.13,17.16,1774282350000,17.2,17.18,14703,0.0,1774282685000,17.14,17.15,20304,11982.0,1338
1774282890000,1774282890000,17.2,17.2,17.13,17.16,1774282565000,17.2,17.19,5212,0.0,1774282685000,17.14,17.15,20304,11982.0,17.21,17.21,17.13,17.16,1774282350000,17.2,17.18,14703,0.0,1774282685000,17.14,17.15,20304,11982.0,1339
1774282895000,1774282895000,17.2,17.2,17.13,17.17,1774282565000,17.2,17.19,5212,0.0,1774282685000,17.14,17.15,20304,11982.0,17.19,17.21,17.13,17.17,1774282350000,17.2,17.18,14703,0.0,1774282685000,17.14,17.15,20304,11982.0,1340
1774282900000,1774282900000,17.2,17.2,17.13,17.18,1774282565000,17.2,17.19,5212,0.0,1774282685000,17.14,17.15,20304,11982.0,17.19,17.21,17.13,17.18,1774282350000,17.2,17.18,14703,0.0,1774282685000,17.14,17.15,20304,11982.0,1341
1774282905000,1774282905000,17.2,17.2,17.13,17.16,1774282565000,17.2,17.19,5212,0.0,1774282685000,17.14,17.15,20304,11982.0,17.19,17.21,17.13,17.16,1774282350000,17.2,17.18,14703,0.0,1774282685000,17.14,17.15,20304,11982.0,1342
1774282910000,1774282910000,17.2,17.2,17.13,17.17,1774282565000,17.2,17.19,5212,0.0,1774282685000,17.14,17.15,20304,11982.0,17.18,17.21,17.13,17.17,1774282350000,17.2,17.18,14703,0.0,1774282685000,17.14,17.15,20304,11982.0,1343
1774282915000,1774282915000,17.2,17.2,17.13,17.16,1774282565000,17.2,17.19,5212,0.0,1774282685000,17.14,17.15,20304,11982.0,17.19,17.21,17.13,17.16,1774282350000,17.2,17.18,14703,0.0,1774282685000,17.14,17.15,20304,11982.0,1344
1774282920000,1774282920000,17.2,17.2,17.13,17.16,1774282565000,17.2,17.19,5212,0.0,1774282685000,17.14,17.15,20304,11982.0,17.19,17.21,17.13,17.16,1774282350000,17.2,17.18,14703,0.0,1774282685000,17.14,17.15,20304,11982.0,1345
1774282925000,1774282925000,17.2,17.2,17.13,17.14,1774282565000,17.2,17.19,5212,0.0,1774282685000,17.14,17.15,20304,11982.0,17.18,17.21,17.13,17.14,1774282350000,17.2,17.18,14703,0.0,1774282685000,17.14,17.15,20304,11982.0,1346
1774282930000,1774282930000,17.2,17.2,17.13,17.16,1774282565000,17.2,17.19,5212,0.0,1774282685000,17.14,17.15,20304,11982.0,17.18,17.21,17.13,17.16,1774282350000,17.2,17.18,14703,0.0,1774282685000,17.14,17.15,20304,11982.0,1347
1774282935000,1774282935000,17.19,17.2,17.13,17.16,1774282565000,17.2,17.19,5212,0.0,1774282685000,17.14,17.15,20304,11982.0,17.17,17.21,17.13,17.16,1774282350000,17.2,17.18,14703,0.0,1774282685000,17.14,17.15,20304,11982.0,1348
1774282940000,1774282940000,17.19,17.2,17.13,17.16,1774282565000,17.2,17.19,5212,0.0,1774282685000,17.14,17.15,20304,11982.0,17.17,17.21,17.13,17.16,1774282350000,17.2,17.18,14703,0.0,1774282685000,17.14,17.15,20304,11982.0,1349
1774282945000,1774282945000,17.19,17.2,17.13,17.16,1774282565000,17.2,17.19,5212,0.0,1774282685000,17.14,17.15,20304,11982.0,17.18,17.21,17.13,17.16,1774282350000,17.2,17.18,14703,0.0,1774282685000,17.14,17.15,20304,11982.0,1350
1774282950000,1774282950000,17.19,17.2,17.13,17.17,1774282565000,17.2,17.19,5212,0.0,1774282685000,17.14,17.15,20304,11982.0,17.18,17.21,17.13,17.17,1774282350000,17.2,17.18,14703,0.0,1774282685000,17.14,17.15,20304,11982.0,1351
1774282955000,1774282955000,17.2,17.2,17.13,17.18,1774282565000,17.2,17.19,5212,0.0,1774282685000,17.14,17.15,20304,11982.0,17.16,17.21,17.13,17.18,1774282350000,17.2,17.18,14703,0.0,1774282685000,17.14,17.15,20304,11982.0,1352
1774282960000,1774282960000,17.2,17.2,17.13,17.18,1774282565000,17.2,17.19,5212,0.0,1774282685000,17.14,17.15,20304,11982.0,17.16,17.21,17.13,17.18,1774282350000,17.2,17.18,14703,0.0,1774282685000,17.14,17.15,20304,11982.0,1353
1774282965000,1774282965000,17.2,17.2,17.13,17.19,1774282565000,17.2,17.19,5212,0.0,1774282685000,17.14,17.15,20304,11982.0,17.17,17.21,17.13,17.19,1774282350000,17.2,17.18,14703,0.0,1774282685000,17.14,17.15,20304,11982.0,1354
1774282970000,1774282970000,17.2,17.2,17.13,17.16,1774282565000,17.2,17.19,5212,0.0,1774282685000,17.14,17.15,20304,11982.0,17.17,17.21,17.13,17.16,1774282350000,17.2,17.18,14703,0.0,1774282685000,17.14,17.15,20304,11982.0,1355
1774282975000,1774282975000,17.17,17.19,17.13,17.16,1774282970000,17.19,17.16,8659,0.0,1774282685000,17.14,17.15,20304,11982.0,17.18,17.21,17.13,17.16,1774282350000,17.2,17.18,14703,0.0,1774282685000,17.14,17.15,20304,11982.0,1356
1774282980000,1774282980000,17.18,17.19,17.13,17.18,1774282970000,17.19,17.16,8659,0.0,1774282685000,17.14,17.15,20304,11982.0,17.18,17.21,17.13,17.18,1774282350000,17.2,17.18,14703,0.0,1774282685000,17.14,17.15,20304,11982.0,1357
1774282985000,1774282985000,17.19,17.19,17.13,17.18,1774282985000,17.18,17.18,16536,8340.0,1774282685000,17.14,17.15,20304,11982.0,17.17,17.21,17.13,17.18,1774282350000,17.2,17.18,14703,0.0,1774282685000,17.14,17.15,20304,11982.0,1358
1774282990000,1774282990000,17.19,17.19,17.13,17.16,1774282985000,17.18,17.18,16536,4892.0,1774282685000,17.14,17.15,20304,11982.0,17.17,17.21,17.13,17.16,1774282350000,17.2,17.18,14703,0.0,1774282685000,17.14,17.15,20304,11982.0,1359
1774282995000,1774282995000,17.18,17.19,17.13,17.17,1774282985000,17.18,17.18,16536,4892.0,1774282685000,17.14,17.15,20304,11982.0,17.17,17.21,17.13,17.17,1774282350000,17.2,17.18,14703,0.0,1774282685000,17.14,17.15,20304,11982.0,1360
1774283000000,1774283000000,17.18,17.19,17.13,17.18,1774282985000,17.18,17.18,16536,4892.0,1774282685000,17.14,17.15,20304,11982.0,17.17,17.21,17.13,17.18,1774282350000,17.2,17.18,14703,0.0,1774282685000,17.14,17.15,20304,11982.0,1361
1774283005000,1774283005000,17.19,17.19,17.13,17.16,1774282985000,17.18,17.18,16536,4892.0,1774282685000,17.14,17.15,20304,11982.0,17.17,17.21,17.13,17.16,1774282350000,17.2,17.18,14703,0.0,1774282685000,17.14,17.15,20304,11982.0,1362
1774283010000,1774283010000,17.19,17.19,17.13,17.16,1774282985000,17.18,17.18,16536,4892.0,1774282685000,17.14,17.15,20304,11982.0,17.18,17.21,17.13,17.16,1774282350000,17.2,17.18,14703,0.0,1774282685000,17.14,17.15,20304,11982.0,1363
1774283015000,1774283015000,17.19,17.19,17.13,17.16,1774282985000,17.18,17.18,16536,4892.0,1774282685000,17.14,17.15,20304,11982.0,17.18,17.21,17.13,17.16,1774282350000,17.2,17.18,14703,0.0,1774282685000,17.14,17.15,20304,11982.0,1364
1774283020000,1774283020000,17.19,17.19,17.13,17.16,1774282985000,17.18,17.18,16536,4892.0,1774282685000,17.14,17.15,20304,11982.0,17.18,17.21,17.13,17.16,1774282350000,17.2,17.18,14703,0.0,1774282685000,17.14,17.15,20304,11982.0,1365
1774283025000,1774283025000,17.18,17.19,17.13,17.16,1774282985000,17.18,17.18,16536,4892.0,1774282685000,17.14,17.15,20304,11982.0,17.19,17.21,17.13,17.16,1774282350000,17.2,17.18,14703,0.0,1774282685000,17.14,17.15,20304,11982.0,1366
1774283030000,1774283030000,17.19,17.19,17.13,17.14,1774282985000,17.18,17.18,16536,4892.0,1774282685000,17.14,17.15,20304,11982.0,17.19,17.21,17.13,17.14,1774282350000,17.2,17.18,14703,0.0,1774282685000,17.14,17.15,20304,11982.0,1367
1774283035000,1774283035000,17.16,17.19,17.13,17.14,1774282985000,17.18,17.18,16536,4892.0,1774283035000,17.14,17.14,138273,130373.0,17.19,17.21,17.13,17.14,1774282350000,17.2,17.18,14703,0.0,1774283035000,17.14,17.14,138273,130373.0,1368
1774283040000,1774283040000,17.16,17.19,17.13,17.16,1774282985000,17.18,17.18,16536,4892.0,1774283035000,17.14,17.14,138273,122480.5,17.19,17.21,17.13,17.16,1774282350000,17.2,17.18,14703,0.0,1774283035000,17.14,17.14,138273,122480.5,1369
1774283045000,1774283045000,17.16,17.19,17.13,17.16,1774282985000,17.18,17.18,16536,4892.0,1774283035000,17.14,17.14,138273,122480.5,17.19,17.21,17.13,17.16,1774282350000,17.2,17.18,14703,0.0,1774283035000,17.14,17.14,138273,122480.5,1370
1774283050000,1774283050000,17.16,17.19,17.13,17.15,1774282985000,17.18,17.18,16536,4892.0,1774283035000,17.14,17.14,138273,122480.5,17.19,17.21,17.13,17.15,1774282350000,17.2,17.18,14703,0.0,1774283035000,17.14,17.14,138273,122480.5,1371
1774283055000,1774283055000,17.16,17.19,17.13,17.16,1774282985000,17.18,17.18,16536,4892.0,1774283035000,17.14,17.14,138273,122480.5,17.19,17.21,17.13,17.16,1774282350000,17.2,17.18,14703,0.0,1774283035000,17.14,17.14,138273,122480.5,1372
1774283060000,1774283060000,17.16,17.19,17.13,17.16,1774282985000,17.18,17.18,16536,4892.0,1774283035000,17.14,17.14,138273,122480.5,17.19,17.21,17.13,17.16,1774282350000,17.2,17.18,14703,0.0,1774283035000,17.14,17.14,138273,122480.5,1373
1774283065000,1774283065000,17.16,17.19,17.13,17.15,1774282985000,17.18,17.18,16536,4892.0,1774283035000,17.14,17.14,138273,122480.5,17.19,17.21,17.13,17.15,1774282350000,17.2,17.18,14703,0.0,1774283035000,17.14,17.14,138273,122480.5,1374
1774283070000,1774283070000,17.16,17.19,17.13,17.16,1774282985000,17.18,17.18,16536,4892.0,1774283035000,17.14,17.14,138273,122480.5,17.19,17.21,17.13,17.16,1774282350000,17.2,17.18,14703,0.0,1774283035000,17.14,17.14,138273,122480.5,1375
1774283075000,1774283075000,17.16,17.19,17.13,17.16,1774282985000,17.18,17.18,16536,4892.0,1774283035000,17.14,17.14,138273,122480.5,17.19,17.21,17.13,17.16,1774282350000,17.2,17.18,14703,0.0,1774283035000,17.14,17.14,138273,122480.5,1376
1774283080000,1774283080000,17.16,17.19,17.13,17.16,1774282985000,17.18,17.18,16536,4892.0,1774283035000,17.14,17.14,138273,122480.5,17.19,17.21,17.13,17.16,1774282350000,17.2,17.18,14703,0.0,1774283035000,17.14,17.14,138273,122480.5,1377
1774283085000,1774283085000,17.16,17.19,17.13,17.16,1774282985000,17.18,17.18,16536,4892.0,1774283035000,17.14,17.14,138273,122480.5,17.19,17.21,17.13,17.16,1774282350000,17.2,17.18,14703,0.0,1774283035000,17.14,17.14,138273,122480.5,1378
1774283090000,1774283090000,17.16,17.19,17.13,17.16,1774282985000,17.18,17.18,16536,4892.0,1774283035000,17.14,17.14,138273,122480.5,17.19,17.21,17.13,17.16,1774282350000,17.2,17.18,14703,0.0,1774283035000,17.14,17.14,138273,122480.5,1379
1774283095000,1774283095000,17.16,17.19,17.13,17.16,1774282985000,17.18,17.18,16536,4892.0,1774283035000,17.14,17.14,138273,122480.5,17.19,17.21,17.13,17.16,1774282350000,17.2,17.18,14703,0.0,1774283035000,17.14,17.14,138273,122480.5,1380
1774283100000,1774283100000,17.17,17.19,17.13,17.14,1774282985000,17.18,17.18,16536,4892.0,1774283035000,17.14,17.14,138273,122480.5,17.19,17.21,17.13,17.14,1774282350000,17.2,17.18,14703,0.0,1774283035000,17.14,17.14,138273,122480.5,1381
1774283105000,1774283105000,17.17,17.19,17.13,17.14,1774282985000,17.18,17.18,16536,4892.0,1774283035000,17.14,17.14,138273,122480.5,17.19,17.21,17.13,17.14,1774282350000,17.2,17.18,14703,0.0,1774283035000,17.14,17.14,138273,122480.5,1382
1774283110000,1774283110000,17.17,17.19,17.12,17.13,1774282985000,17.18,17.18,16536,4892.0,1774283110000,17.14,17.13,6330,5698.5,17.2,17.21,17.12,17.13,1774282350000,17.2,17.18,14703,0.0,1774283110000,17.14,17.13,6330,5698.5,1383
1774283115000,1774283115000,17.17,17.19,17.12,17.13,1774282985000,17.18,17.18,16536,4892.0,1774283115000,17.12,17.13,4506,1341.0,17.2,17.21,17.12,17.13,1774282350000,17.2,17.18,14703,0.0,1774283115000,17.12,17.13,4506,1341.0,1384
1774283120000,1774283120000,17.16,17.19,17.12,17.14,1774282985000,17.18,17.18,16536,4892.0,1774283120000,17.13,17.14,18297,16044.0,17.18,17.2,17.12,17.14,1774282565000,17.2,17.19,5212,0.0,1774283120000,17.13,17.14,18297,16044.0,1385
1774283125000,1774283125000,17.18,17.19,17.12,17.13,1774282985000,17.18,17.18,16536,4892.0,1774283125000,17.14,17.13,39427,30278.5,17.19,17.2,17.12,17.13,1774282565000,17.2,17.19,5212,0.0,1774283125000,17.14,17.13,39427,30278.5,1386
1774283130000,1774283130000,17.17,17.19,17.11,17.12,1774282985000,17.18,17.18,16536,4892.0,1774283130000,17.13,17.12,13249,0.0,17.2,17.2,17.11,17.12,1774282565000,17.2,17.19,5212,0.0,1774283130000,17.13,17.12,13249,0.0,1387
1774283135000,1774283135000,17.16,17.19,17.11,17.13,1774282985000,17.18,17.18,16536,4892.0,1774283135000,17.12,17.13,26911,20286.5,17.19,17.2,17.11,17.13,1774282565000,17.2,17.19,5212,0.0,1774283135000,17.12,17.13,26911,20286.5,1388
1774283140000,1774283140000,17.16,17.19,17.11,17.14,1774282985000,17.18,17.18,16536,4892.0,1774283135000,17.12,17.13,26911,18282.5,17.19,17.2,17.11,17.14,1774282565000,17.2,17.19,5212,0.0,1774283135000,17.12,17.13,26911,18282.5,1389
1774283145000,1774283145000,17.18,17.19,17.11,17.16,1774282985000,17.18,17.18,16536,4892.0,1774283135000,17.12,17.13,26911,18282.5,17.17,17.2,17.11,17.16,1774282565000,17.2,17.19,5212,0.0,1774283135000,17.12,17.13,26911,18282.5,1390
1774283150000,1774283150000,17.16,17.19,17.11,17.16,1774282985000,17.18,17.18,16536,4892.0,1774283135000,17.12,17.13,26911,18282.5,17.18,17.2,17.11,17.16,1774282565000,17.2,17.19,5212,0.0,1774283135000,17.12,17.13,26911,18282.5,1391
1774283155000,1774283155000,17.16,17.19,17.11,17.16,1774282985000,17.18,17.18,16536,4892.0,1774283135000,17.12,17.13,26911,18282.5,17.18,17.2,17.11,17.16,1774282565000,17.2,17.19,5212,0.0,1774283135000,17.12,17.13,26911,18282.5,1392
1774283160000,1774283160000,17.16,17.19,17.11,17.16,1774282985000,17.18,17.18,16536,4892.0,1774283135000,17.12,17.13,26911,18282.5,17.18,17.2,17.11,17.16,1774282565000,17.2,17.19,5212,0.0,1774283135000,17.12,17.13,26911,18282.5,1393
1774283165000,1774283165000,17.16,17.19,17.11,17.16,1774282985000,17.18,17.18,16536,4892.0,1774283135000,17.12,17.13,26911,18282.5,17.18,17.2,17.11,17.16,1774282565000,17.2,17.19,5212,0.0,1774283135000,17.12,17.13,26911,18282.5,1394
1774283170000,1774283170000,17.17,17.19,17.11,17.16,1774282985000,17.18,17.18,16536,4892.0,1774283135000,17.12,17.13,26911,18282.5,17.18,17.2,17.11,17.16,1774282565000,17.2,17.19,5212,0.0,1774283135000,17.12,17.13,26911,18282.5,1395
1774283175000,1774283175000,17.17,17.19,17.11,17.15,1774282985000,17.18,17.18,16536,4892.0,1774283135000,17.12,17.13,26911,18282.5,17.2,17.2,17.11,17.15,1774282565000,17.2,17.19,5212,0.0,1774283135000,17.12,17.13,26911,18282.5,1396
1774283180000,1774283180000,17.17,17.19,17.11,17.17,1774282985000,17.18,17.18,16536,4892.0,1774283135000,17.12,17.13,26911,18282.5,17.2,17.2,17.11,17.17,1774282565000,17.2,17.19,5212,0.0,1774283135000,17.12,17.13,26911,18282.5,1397
1774283185000,1774283185000,17.16,17.19,17.11,17.16,1774282985000,17.18,17.18,16536,4892.0,1774283135000,17.12,17.13,26911,18282.5,17.2,17.2,17.11,17.16,1774282565000,17.2,17.19,5212,0.0,1774283135000,17.12,17.13,26911,18282.5,1398
1774283190000,1774283190000,17.16,17.19,17.11,17.16,1774282985000,17.18,17.18,16536,4892.0,1774283135000,17.12,17.13,26911,18282.5,17.2,17.2,17.11,17.16,1774282565000,17.2,17.19,5212,0.0,1774283135000,17.12,17.13,26911,18282.5,1399
1774283195000,1774283195000,17.16,17.19,17.11,17.16,1774282985000,17.18,17.18,16536,4892.0,1774283135000,17.12,17.13,26911,18282.5,17.2,17.2,17.11,17.16,1774282565000,17.2,17.19,5212,0.0,1774283135000,17.12,17.13,26911,18282.5,1400
1774283200000,1774283200000,17.16,17.19,17.11,17.14,1774282985000,17.18,17.18,16536,4892.0,1774283135000,17.12,17.13,26911,18282.5,17.2,17.2,17.11,17.14,1774282565000,17.2,17.19,5212,0.0,1774283135000,17.12,17.13,26911,18282.5,1401
1774283205000,1774283205000,17.16,17.19,17.11,17.13,1774282985000,17.18,17.18,16536,4892.0,1774283135000,17.12,17.13,26911,18282.5,17.2,17.2,17.11,17.13,1774282565000,17.2,17.19,5212,0.0,1774283135000,17.12,17.13,26911,18282.5,1402
1774283210000,1774283210000,17.16,17.19,17.11,17.12,1774282985000,17.18,17.18,16536,4892.0,1774283135000,17.12,17.13,26911,18282.5,17.2,17.2,17.11,17.12,1774282565000,17.2,17.19,5212,0.0,1774283135000,17.12,17.13,26911,18282.5,1403
1774283215000,1774283215000,17.17,17.19,17.11,17.13,1774282985000,17.18,17.18,16536,4892.0,1774283215000,17.13,17.13,16850,15980.0,17.2,17.2,17.11,17.13,1774282565000,17.2,17.19,5212,0.0,1774283215000,17.13,17.13,16850,15980.0,1404
1774283220000,1774283220000,17.15,17.19,17.11,17.13,1774282985000,17.18,17.18,16536,4892.0,1774283215000,17.13,17.13,16850,4200.0,17.2,17.2,17.11,17.13,1774282565000,17.2,17.19,5212,0.0,1774283215000,17.13,17.13,16850,4200.0,1405
1774283225000,1774283225000,17.15,17.19,17.11,17.13,1774282985000,17.18,17.18,16536,4892.0,1774283215000,17.13,17.13,16850,4200.0,17.2,17.2,17.11,17.13,1774282565000,17.2,17.19,5212,0.0,1774283215000,17.13,17.13,16850,4200.0,1406
1774283230000,1774283230000,17.15,17.19,17.11,17.13,1774282985000,17.18,17.18,16536,4892.0,1774283215000,17.13,17.13,16850,4200.0,17.2,17.2,17.11,17.13,1774282565000,17.2,17.19,5212,0.0,1774283215000,17.13,17.13,16850,4200.0,1407
1774283235000,1774283235000,17.15,17.19,17.11,17.12,1774282985000,17.18,17.18,16536,4892.0,1774283215000,17.13,17.13,16850,4200.0,17.2,17.2,17.11,17.12,1774282565000,17.2,17.19,5212,0.0,1774283215000,17.13,17.13,16850,4200.0,1408
1774283240000,1774283240000,17.17,17.19,17.11,17.11,1774282985000,17.18,17.18,16536,4892.0,1774283240000,17.13,17.11,21812,20566.5,17.18,17.2,17.11,17.11,1774282565000,17.2,17.19,5212,0.0,1774283240000,17.13,17.11,21812,20566.5,1409
1774283245000,1774283245000,17.15,17.19,17.11,17.12,1774282985000,17.18,17.18,16536,4892.0,1774283245000,17.12,17.12,10285,0.0,17.19,17.2,17.11,17.12,1774282565000,17.2,17.19,5212,0.0,1774283245000,17.12,17.12,10285,0.0,1410
1774283250000,1774283250000,17.16,17.19,17.11,17.12,1774282985000,17.18,17.18,16536,4892.0,1774283250000,17.12,17.12,2600,0.0,17.19,17.2,17.11,17.12,1774282565000,17.2,17.19,5212,0.0,1774283250000,17.12,17.12,2600,0.0,1411
1774283255000,1774283255000,17.16,17.19,17.1,17.11,1774282985000,17.18,17.18,16536,4892.0,1774283255000,17.12,17.11,11919,10619.0,17.19,17.2,17.1,17.11,1774282565000,17.2,17.19,5212,0.0,1774283255000,17.12,17.11,11919,10619.0,1412
1774283260000,1774283260000,17.16,17.19,17.09,17.11,1774282985000,17.18,17.18,16536,4892.0,1774283260000,17.1,17.11,48075,42115.5,17.2,17.2,17.09,17.11,1774282565000,17.2,17.19,5212,0.0,1774283260000,17.1,17.11,48075,42115.5,1413
1774283265000,1774283265000,17.16,17.19,17.09,17.11,1774282985000,17.18,17.18,16536,4892.0,1774283260000,17.1,17.11,48075,29029.0,17.18,17.19,17.09,17.11,1774282985000,17.18,17.18,16536,4892.0,1774283260000,17.1,17.11,48075,29029.0,1414
1774283270000,1774283270000,17.18,17.19,17.09,17.09,1774282985000,17.18,17.18,16536,4892.0,1774283270000,17.11,17.09,15438,2351.5,17.18,17.19,17.09,17.09,1774282985000,17.18,17.18,16536,4892.0,1774283270000,17.11,17.09,15438,2351.5,1415
1774283275000,1774283275000,17.17,17.18,17.08,17.1,1774283005000,17.18,17.16,3499,0.0,1774283275000,17.09,17.1,20735,13016.0,17.18,17.19,17.08,17.1,1774282985000,17.18,17.18,16536,4892.0,1774283275000,17.09,17.1,20735,13016.0,1416
1774283280000,1774283280000,17.17,17.18,17.08,17.09,1774283005000,17.18,17.16,3499,0.0,1774283280000,17.1,17.09,7671,0.0,17.18,17.19,17.08,17.09,1774282985000,17.18,17.18,16536,4892.0,1774283280000,17.1,17.09,7671,0.0,1417
1774283285000,1774283285000,17.18,17.18,17.08,17.09,1774283005000,17.18,17.16,3499,0.0,1774283285000,17.09,17.09,7280,3444.5,17.18,17.19,17.08,17.09,1774282985000,17.18,17.18,16536,4892.0,1774283285000,17.09,17.09,7280,3444.5,1418
1774283290000,1774283290000,17.16,17.17,17.07,17.07,1774283190000,17.16,17.16,7600,0.0,1774283290000,17.08,17.07,16339,12699.0,17.19,17.19,17.07,17.07,1774282985000,17.18,17.18,16536,4892.0,1774283290000,17.08,17.07,16339,12699.0,1419
1774283295000,1774283295000,17.16,17.17,17.07,17.07,1774283190000,17.16,17.16,7600,0.0,1774283295000,17.07,17.07,5160,0.0,17.19,17.19,17.07,17.07,1774282985000,17.18,17.18,16536,4892.0,1774283295000,17.07,17.07,5160,0.0,1420
1774283300000,1774283300000,17.14,17.17,17.06,17.09,1774283190000,17.16,17.16,7600,0.0,1774283300000,17.07,17.09,30590,28010.0,17.18,17.19,17.06,17.09,1774282985000,17.18,17.18,16536,4892.0,1774283300000,17.07,17.09,30590,28010.0,1421
1774283305000,1774283305000,17.14,17.17,17.06,17.07,1774283190000,17.16,17.16,7600,0.0,1774283300000,17.07,17.09,30590,22678.0,17.16,17.19,17.06,17.07,1774282985000,17.18,17.18,16536,4892.0,1774283300000,17.07,17.09,30590,22678.0,1422
1774283310000,1774283310000,17.14,17.17,17.06,17.07,1774283190000,17.16,17.16,7600,0.0,1774283300000,17.07,17.09,30590,22678.0,17.16,17.19,17.06,17.07,1774282985000,17.18,17.18,16536,4892.0,1774283300000,17.07,17.09,30590,22678.0,1423
1774283315000,1774283315000,17.14,17.17,17.06,17.09,1774283190000,17.16,17.16,7600,0.0,1774283300000,17.07,17.09,30590,22678.0,17.16,17.19,17.06,17.09,1774282985000,17.18,17.18,16536,4892.0,1774283300000,17.07,17.09,30590,22678.0,1424
1774283320000,1774283320000,17.14,17.17,17.06,17.09,1774283190000,17.16,17.16,7600,0.0,1774283300000,17.07,17.09,30590,22678.0,17.15,17.19,17.06,17.09,1774282985000,17.18,17.18,16536,4892.0,1774283300000,17.07,17.09,30590,22678.0,1425
1774283325000,1774283325000,17.14,17.17,17.06,17.09,1774283190000,17.16,17.16,7600,0.0,1774283300000,17.07,17.09,30590,22678.0,17.14,17.19,17.06,17.09,1774282985000,17.18,17.18,16536,4892.0,1774283300000,17.07,17.09,30590,22678.0,1426
1774283330000,1774283330000,17.14,17.17,17.06,17.08,1774283190000,17.16,17.16,7600,0.0,1774283300000,17.07,17.09,30590,22678.0,17.14,17.19,17.06,17.08,1774282985000,17.18,17.18,16536,4892.0,1774283300000,17.07,17.09,30590,22678.0,1427
1774283335000,1774283335000,17.14,17.17,17.06,17.09,1774283190000,17.16,17.16,7600,0.0,1774283300000,17.07,17.09,30590,22678.0,17.14,17.19,17.06,17.09,1774282985000,17.18,17.18,16536,4892.0,1774283300000,17.07,17.09,30590,22678.0,1428
1774283340000,1774283340000,17.14,17.17,17.06,17.07,1774283190000,17.16,17.16,7600,0.0,1774283300000,17.07,17.09,30590,22678.0,17.16,17.19,17.06,17.07,1774282985000,17.18,17.18,16536,4892.0,1774283300000,17.07,17.09,30590,22678.0,1429
1774283345000,1774283345000,17.14,17.17,17.06,17.07,1774283190000,17.16,17.16,7600,0.0,1774283300000,17.07,17.09,30590,22678.0,17.16,17.19,17.06,17.07,1774282985000,17.18,17.18,16536,4892.0,1774283300000,17.07,17.09,30590,22678.0,1430
1774283350000,1774283350000,17.14,17.17,17.06,17.07,1774283190000,17.16,17.16,7600,0.0,1774283300000,17.07,17.09,30590,22678.0,17.16,17.19,17.06,17.07,1774282985000,17.18,17.18,16536,4892.0,1774283300000,17.07,17.09,30590,22678.0,1431
1774283355000,1774283355000,17.14,17.17,17.06,17.07,1774283190000,17.16,17.16,7600,0.0,1774283355000,17.07,17.07,3686,0.0,17.16,17.19,17.06,17.07,1774282985000,17.18,17.18,16536,4892.0,1774283355000,17.07,17.07,3686,0.0,1432
1774283360000,1774283360000,17.15,17.17,17.05,17.05,1774283190000,17.16,17.16,7600,0.0,1774283360000,17.07,17.05,44297,42454.0,17.16,17.19,17.05,17.05,1774282985000,17.18,17.18,16536,4892.0,1774283360000,17.07,17.05,44297,42454.0,1433
1774283365000,1774283365000,17.16,17.17,17.05,17.05,1774283190000,17.16,17.16,7600,0.0,1774283365000,17.05,17.05,10799,0.0,17.16,17.19,17.05,17.05,1774282985000,17.18,17.18,16536,4892.0,1774283365000,17.05,17.05,10799,0.0,1434
1774283370000,1774283370000,17.13,17.17,17.03,17.04,1774283190000,17.16,17.16,7600,0.0,1774283370000,17.05,17.04,31777,26377.5,17.17,17.19,17.03,17.04,1774282985000,17.18,17.18,16536,4892.0,1774283370000,17.05,17.04,31777,26377.5,1435
1774283375000,1774283375000,17.13,17.17,17.03,17.04,1774283190000,17.16,17.16,7600,0.0,1774283375000,17.04,17.04,49477,33588.5,17.18,17.19,17.03,17.04,1774282985000,17.18,17.18,16536,4892.0,1774283375000,17.04,17.04,49477,33588.5,1436
1774283380000,1774283380000,17.12,17.17,17.03,17.05,1774283190000,17.16,17.16,7600,0.0,1774283380000,17.03,17.05,18414,0.0,17.17,17.19,17.03,17.05,1774282985000,17.18,17.18,16536,4892.0,1774283380000,17.03,17.05,18414,0.0,1437
1774283385000,1774283385000,17.12,17.17,17.03,17.04,1774283190000,17.16,17.16,7600,0.0,1774283380000,17.03,17.05,18414,0.0,17.16,17.19,17.03,17.04,1774282985000,17.18,17.18,16536,4892.0,1774283380000,17.03,17.05,18414,0.0,1438
1774283390000,1774283390000,17.13,17.17,17.03,17.05,1774283190000,17.16,17.16,7600,0.0,1774283380000,17.03,17.05,18414,0.0,17.16,17.19,17.03,17.05,1774282985000,17.18,17.18,16536,4892.0,1774283380000,17.03,17.05,18414,0.0,1439
1774283395000,1774283395000,17.14,17.17,17.03,17.05,1774283190000,17.16,17.16,7600,0.0,1774283380000,17.03,17.05,18414,0.0,17.17,17.19,17.03,17.05,1774282985000,17.18,17.18,16536,4892.0,1774283380000,17.03,17.05,18414,0.0,1440
1774283400000,1774283400000,17.16,17.17,17.03,17.07,1774283190000,17.16,17.16,7600,0.0,1774283380000,17.03,17.05,18414,0.0,17.16,17.19,17.03,17.07,1774282985000,17.18,17.18,16536,4892.0,1774283380000,17.03,17.05,18414,0.0,1441
1774283405000,1774283405000,17.16,17.17,17.03,17.08,1774283190000,17.16,17.16,7600,0.0,1774283380000,17.03,17.05,18414,0.0,17.16,17.19,17.03,17.08,1774282985000,17.18,17.18,16536,4892.0,1774283380000,17.03,17.05,18414,0.0,1442
1774283410000,1774283410000,17.16,17.17,17.03,17.09,1774283190000,17.16,17.16,7600,0.0,1774283380000,17.03,17.05,18414,0.0,17.17,17.19,17.03,17.09,1774282985000,17.18,17.18,16536,4892.0,1774283380000,17.03,17.05,18414,0.0,1443
1774283415000,1774283415000,17.16,17.17,17.03,17.09,1774283190000,17.16,17.16,7600,0.0,1774283380000,17.03,17.05,18414,0.0,17.17,17.19,17.03,17.09,1774282985000,17.18,17.18,16536,4892.0,1774283380000,17.03,17.05,18414,0.0,1444
1774283420000,1774283420000,17.16,17.17,17.03,17.09,1774283190000,17.16,17.16,7600,0.0,1774283380000,17.03,17.05,18414,0.0,17.17,17.19,17.03,17.09,1774282985000,17.18,17.18,16536,4892.0,1774283380000,17.03,17.05,18414,0.0,1445
1774283425000,1774283425000,17.16,17.17,17.03,17.1,1774283190000,17.16,17.16,7600,0.0,1774283380000,17.03,17.05,18414,0.0,17.17,17.19,17.03,17.1,1774282985000,17.18,17.18,16536,4892.0,1774283380000,17.03,17.05,18414,0.0,1446
1774283430000,1774283430000,17.17,17.17,17.03,17.09,1774283190000,17.16,17.16,7600,0.0,1774283380000,17.03,17.05,18414,0.0,17.16,17.19,17.03,17.09,1774282985000,17.18,17.18,16536,4892.0,1774283380000,17.03,17.05,18414,0.0,1447
1774283435000,1774283435000,17.16,17.16,17.03,17.08,1774283200000,17.16,17.14,17753,11348.5,1774283380000,17.03,17.05,18414,0.0,17.16,17.19,17.03,17.08,1774282985000,17.18,17.18,16536,4892.0,1774283380000,17.03,17.05,18414,0.0,1448
1774283440000,1774283440000,17.14,17.15,17.03,17.06,1774283205000,17.14,17.13,4662,0.0,1774283380000,17.03,17.05,18414,0.0,17.16,17.19,17.03,17.06,1774282985000,17.18,17.18,16536,4892.0,1774283380000,17.03,17.05,18414,0.0,1449
1774283445000,1774283445000,17.13,17.14,17.03,17.05,1774283220000,17.13,17.13,23560,15035.0,1774283380000,17.03,17.05,18414,0.0,17.16,17.19,17.03,17.05,1774282985000,17.18,17.18,16536,4892.0,1774283380000,17.03,17.05,18414,0.0,1450
1774283450000,1774283450000,17.13,17.14,17.03,17.05,1774283220000,17.13,17.13,23560,15035.0,1774283380000,17.03,17.05,18414,0.0,17.16,17.19,17.03,17.05,1774282985000,17.18,17.18,16536,4892.0,1774283380000,17.03,17.05,18414,0.0,1451
1774283455000,1774283455000,17.12,17.13,17.03,17.05,1774283250000,17.12,17.12,2600,0.0,1774283380000,17.03,17.05,18414,0.0,17.15,17.19,17.03,17.05,1774282985000,17.18,17.18,16536,4892.0,1774283380000,17.03,17.05,18414,0.0,1452
1774283460000,1774283460000,17.13,17.13,17.03,17.05,1774283250000,17.12,17.12,2600,0.0,1774283380000,17.03,17.05,18414,0.0,17.15,17.19,17.03,17.05,1774282985000,17.18,17.18,16536,4892.0,1774283380000,17.03,17.05,18414,0.0,1453
1774283465000,1774283465000,17.12,17.13,17.03,17.04,1774283250000,17.12,17.12,2600,0.0,1774283465000,17.05,17.04,15280,3105.5,17.15,17.19,17.03,17.04,1774282985000,17.18,17.18,16536,4892.0,1774283465000,17.05,17.04,15280,3105.5,1454
1774283470000,1774283470000,17.12,17.13,17.03,17.04,1774283250000,17.12,17.12,2600,0.0,1774283470000,17.04,17.04,1550,0.0,17.15,17.19,17.03,17.04,1774282985000,17.18,17.18,16536,4892.0,1774283470000,17.04,17.04,1550,0.0,1455
1774283475000,1774283475000,17.12,17.12,17.03,17.04,1774283255000,17.12,17.11,11919,0.0,1774283475000,17.03,17.04,14892,14117.0,17.16,17.19,17.03,17.04,1774282985000,17.18,17.18,16536,4892.0,1774283475000,17.03,17.04,14892,14117.0,1456
1774283480000,1774283480000,17.1,17.11,17.03,17.04,1774283270000,17.11,17.09,15438,0.0,1774283480000,17.04,17.04,11661,4215.0,17.18,17.19,17.03,17.04,1774282985000,17.18,17.18,16536,4892.0,1774283480000,17.04,17.04,11661,4215.0,1457
1774283485000,1774283485000,17.1,17.11,17.03,17.04,1774283270000,17.11,17.09,15438,0.0,1774283485000,17.04,17.04,12550,6719.5,17.18,17.19,17.03,17.04,1774282985000,17.18,17.18,16536,4892.0,1774283485000,17.04,17.04,12550,6719.5,1458
1774283490000,1774283490000,17.1,17.11,17.03,17.04,1774283270000,17.11,17.09,15438,0.0,1774283490000,17.04,17.04,9425,3150.0,17.19,17.19,17.03,17.04,1774282985000,17.18,17.18,16536,4892.0,1774283490000,17.04,17.04,9425,3150.0,1459
1774283495000,1774283495000,17.1,17.11,17.03,17.05,1774283270000,17.11,17.09,15438,0.0,1774283495000,17.04,17.05,31553,26840.5,17.16,17.19,17.03,17.05,1774282985000,17.18,17.18,16536,4892.0,1774283495000,17.04,17.05,31553,26840.5,1460
1774283500000,1774283500000,17.1,17.11,17.03,17.05,1774283270000,17.11,17.09,15438,0.0,1774283495000,17.04,17.05,31553,25820.5,17.16,17.19,17.03,17.05,1774282985000,17.18,17.18,16536,4892.0,1774283495000,17.04,17.05,31553,25820.5,1461
1774283505000,1774283505000,17.11,17.11,17.03,17.05,1774283270000,17.11,17.09,15438,0.0,1774283495000,17.04,17.05,31553,25820.5,17.18,17.19,17.03,17.05,1774282985000,17.18,17.18,16536,4892.0,1774283495000,17.04,17.05,31553,25820.5,1462
1774283510000,1774283510000,17.09,17.1,17.03,17.05,1774283435000,17.09,17.08,15418,0.0,1774283495000,17.04,17.05,31553,25820.5,17.18,17.19,17.03,17.05,1774282985000,17.18,17.18,16536,4892.0,1774283495000,17.04,17.05,31553,25820.5,1463
1774283515000,1774283515000,17.09,17.1,17.03,17.06,1774283435000,17.09,17.08,15418,0.0,1774283495000,17.04,17.05,31553,25820.5,17.17,17.18,17.03,17.06,1774283005000,17.18,17.16,3499,0.0,1774283495000,17.04,17.05,31553,25820.5,1464
1774283520000,1774283520000,17.09,17.1,17.03,17.06,1774283435000,17.09,17.08,15418,0.0,1774283495000,17.04,17.05,31553,25820.5,17.17,17.18,17.03,17.06,1774283005000,17.18,17.16,3499,0.0,1774283495000,17.04,17.05,31553,25820.5,1465
1774283525000,1774283525000,17.07,17.1,17.03,17.07,1774283435000,17.09,17.08,15418,0.0,1774283495000,17.04,17.05,31553,25820.5,17.16,17.17,17.03,17.07,1774283190000,17.16,17.16,7600,0.0,1774283495000,17.04,17.05,31553,25820.5,1466
1774283530000,1774283530000,17.08,17.1,17.03,17.07,1774283435000,17.09,17.08,15418,0.0,1774283495000,17.04,17.05,31553,25820.5,17.14,17.17,17.03,17.07,1774283190000,17.16,17.16,7600,0.0,1774283495000,17.04,17.05,31553,25820.5,1467
1774283535000,1774283535000,17.08,17.1,17.03,17.07,1774283435000,17.09,17.08,15418,0.0,1774283495000,17.04,17.05,31553,25820.5,17.14,17.17,17.03,17.07,1774283190000,17.16,17.16,7600,0.0,1774283495000,17.04,17.05,31553,25820.5,1468
1774283540000,1774283540000,17.08,17.1,17.03,17.07,1774283435000,17.09,17.08,15418,0.0,1774283495000,17.04,17.05,31553,25820.5,17.14,17.17,17.03,17.07,1774283190000,17.16,17.16,7600,0.0,1774283495000,17.04,17.05,31553,25820.5,1469
1774283545000,1774283545000,17.08,17.1,17.03,17.07,1774283435000,17.09,17.08,15418,0.0,1774283495000,17.04,17.05,31553,25820.5,17.14,17.17,17.03,17.07,1774283190000,17.16,17.16,7600,0.0,1774283495000,17.04,17.05,31553,25820.5,1470
1774283550000,1774283550000,17.08,17.1,17.03,17.05,1774283435000,17.09,17.08,15418,0.0,1774283495000,17.04,17.05,31553,25820.5,17.14,17.17,17.03,17.05,1774283190000,17.16,17.16,7600,0.0,1774283495000,17.04,17.05,31553,25820.5,1471
1774283555000,1774283555000,17.09,17.1,17.03,17.04,1774283435000,17.09,17.08,15418,0.0,1774283495000,17.04,17.05,31553,25820.5,17.14,17.17,17.03,17.04,1774283190000,17.16,17.16,7600,0.0,1774283495000,17.04,17.05,31553,25820.5,1472
1774283560000,1774283560000,17.09,17.1,17.03,17.04,1774283435000,17.09,17.08,15418,0.0,1774283560000,17.03,17.04,1727,0.0,17.14,17.17,17.03,17.04,1774283190000,17.16,17.16,7600,0.0,1774283560000,17.03,17.04,1727,0.0,1473
1774283565000,1774283565000,17.07,17.1,17.02,17.03,1774283435000,17.09,17.08,15418,0.0,1774283565000,17.03,17.03,10844,9980.5,17.14,17.17,17.02,17.03,1774283190000,17.16,17.16,7600,0.0,1774283565000,17.03,17.03,10844,9980.5,1474
1774283570000,1774283570000,17.07,17.1,17.02,17.03,1774283435000,17.09,17.08,15418,0.0,1774283570000,17.03,17.03,11800,6378.0,17.14,17.17,17.02,17.03,1774283190000,17.16,17.16,7600,0.0,1774283570000,17.03,17.03,11800,6378.0,1475
1774283575000,1774283575000,17.07,17.1,17.02,17.03,1774283435000,17.09,17.08,15418,0.0,1774283575000,17.02,17.03,6635,735.0,17.14,17.17,17.02,17.03,1774283190000,17.16,17.16,7600,0.0,1774283575000,17.02,17.03,6635,735.0,1476
1774283580000,1774283580000,17.07,17.1,17.02,17.04,1774283435000,17.09,17.08,15418,0.0,1774283580000,17.02,17.04,14768,11450.5,17.14,17.17,17.02,17.04,1774283190000,17.16,17.16,7600,0.0,1774283580000,17.02,17.04,14768,11450.5,1477
1774283585000,1774283585000,17.07,17.1,17.02,17.04,1774283435000,17.09,17.08,15418,0.0,1774283580000,17.02,17.04,14768,7056.0,17.15,17.17,17.02,17.04,1774283190000,17.16,17.16,7600,0.0,1774283580000,17.02,17.04,14768,7056.0,1478
1774283590000,1774283590000,17.07,17.1,17.02,17.02,1774283435000,17.09,17.08,15418,0.0,1774283590000,17.04,17.02,7497,3102.5,17.16,17.17,17.02,17.02,1774283190000,17.16,17.16,7600,0.0,1774283590000,17.04,17.02,7497,3102.5,1479
1774283595000,1774283595000,17.07,17.1,17.01,17.02,1774283435000,17.09,17.08,15418,0.0,1774283595000,17.02,17.02,1200,0.0,17.16,17.17,17.01,17.02,1774283190000,17.16,17.16,7600,0.0,1774283595000,17.02,17.02,1200,0.0,1480
1774283600000,1774283600000,17.05,17.1,17.01,17.02,1774283435000,17.09,17.08,15418,0.0,1774283600000,17.02,17.02,53051,52451.0,17.14,17.17,17.01,17.02,1774283190000,17.16,17.16,7600,0.0,1774283600000,17.02,17.02,53051,52451.0,1481
1774283605000,1774283605000,17.05,17.1,17.0,17.01,1774283435000,17.09,17.08,15418,0.0,1774283605000,17.02,17.01,9935,0.0,17.13,17.17,17.0,17.01,1774283190000,17.16,17.16,7600,0.0,1774283605000,17.02,17.01,9935,0.0,1482
1774283610000,1774283610000,17.05,17.1,17.0,17.02,1774283435000,17.09,17.08,15418,0.0,1774283605000,17.02,17.01,9935,0.0,17.13,17.17,17.0,17.02,1774283190000,17.16,17.16,7600,0.0,1774283605000,17.02,17.01,9935,0.0,1483
1774283615000,1774283615000,17.05,17.1,17.0,17.02,1774283435000,17.09,17.08,15418,0.0,1774283605000,17.02,17.01,9935,0.0,17.13,17.17,17.0,17.02,1774283190000,17.16,17.16,7600,0.0,1774283605000,17.02,17.01,9935,0.0,1484
1774283620000,1774283620000,17.05,17.1,17.0,17.02,1774283435000,17.09,17.08,15418,0.0,1774283605000,17.02,17.01,9935,0.0,17.13,17.17,17.0,17.02,1774283190000,17.16,17.16,7600,0.0,1774283605000,17.02,17.01,9935,0.0,1485
1774283625000,1774283625000,17.04,17.1,17.0,17.02,1774283435000,17.09,17.08,15418,0.0,1774283605000,17.02,17.01,9935,0.0,17.13,17.17,17.0,17.02,1774283190000,17.16,17.16,7600,0.0,1774283605000,17.02,17.01,9935,0.0,1486
1774283630000,1774283630000,17.04,17.1,17.0,17.02,1774283435000,17.09,17.08,15418,0.0,1774283605000,17.02,17.01,9935,0.0,17.14,17.17,17.0,17.02,1774283190000,17.16,17.16,7600,0.0,1774283605000,17.02,17.01,9935,0.0,1487
1774283635000,1774283635000,17.04,17.1,17.0,17.02,1774283435000,17.09,17.08,15418,0.0,1774283605000,17.02,17.01,9935,0.0,17.14,17.17,17.0,17.02,1774283190000,17.16,17.16,7600,0.0,1774283605000,17.02,17.01,9935,0.0,1488
1774283640000,1774283640000,17.04,17.1,17.0,17.02,1774283435000,17.09,17.08,15418,0.0,1774283605000,17.02,17.01,9935,0.0,17.14,17.17,17.0,17.02,1774283190000,17.16,17.16,7600,0.0,1774283605000,17.02,17.01,9935,0.0,1489
1774283645000,1774283645000,17.03,17.1,17.0,17.04,1774283435000,17.09,17.08,15418,0.0,1774283605000,17.02,17.01,9935,0.0,17.13,17.17,17.0,17.04,1774283190000,17.16,17.16,7600,0.0,1774283605000,17.02,17.01,9935,0.0,1490
1774283650000,1774283650000,17.03,17.1,17.0,17.04,1774283435000,17.09,17.08,15418,0.0,1774283605000,17.02,17.01,9935,0.0,17.13,17.17,17.0,17.04,1774283190000,17.16,17.16,7600,0.0,1774283605000,17.02,17.01,9935,0.0,1491
1774283655000,1774283655000,17.03,17.1,17.0,17.03,1774283435000,17.09,17.08,15418,0.0,1774283605000,17.02,17.01,9935,0.0,17.13,17.17,17.0,17.03,1774283190000,17.16,17.16,7600,0.0,1774283605000,17.02,17.01,9935,0.0,1492
1774283660000,1774283660000,17.05,17.1,17.0,17.03,1774283435000,17.09,17.08,15418,0.0,1774283605000,17.02,17.01,9935,0.0,17.12,17.17,17.0,17.03,1774283190000,17.16,17.16,7600,0.0,1774283605000,17.02,17.01,9935,0.0,1493
1774283665000,1774283665000,17.05,17.1,17.0,17.04,1774283435000,17.09,17.08,15418,0.0,1774283605000,17.02,17.01,9935,0.0,17.12,17.17,17.0,17.04,1774283190000,17.16,17.16,7600,0.0,1774283605000,17.02,17.01,9935,0.0,1494
1774283670000,1774283670000,17.04,17.1,17.0,17.03,1774283435000,17.09,17.08,15418,0.0,1774283605000,17.02,17.01,9935,0.0,17.14,17.17,17.0,17.03,1774283190000,17.16,17.16,7600,0.0,1774283605000,17.02,17.01,9935,0.0,1495
1774283675000,1774283675000,17.04,17.1,17.0,17.05,1774283435000,17.09,17.08,15418,0.0,1774283605000,17.02,17.01,9935,0.0,17.16,17.17,17.0,17.05,1774283190000,17.16,17.16,7600,0.0,1774283605000,17.02,17.01,9935,0.0,1496
1774283680000,1774283680000,17.06,17.1,17.0,17.04,1774283435000,17.09,17.08,15418,0.0,1774283605000,17.02,17.01,9935,0.0,17.16,17.17,17.0,17.04,1774283190000,17.16,17.16,7600,0.0,1774283605000,17.02,17.01,9935,0.0,1497
1774283685000,1774283685000,17.06,17.1,17.0,17.04,1774283435000,17.09,17.08,15418,0.0,1774283605000,17.02,17.01,9935,0.0,17.16,17.17,17.0,17.04,1774283190000,17.16,17.16,7600,0.0,1774283605000,17.02,17.01,9935,0.0,1498
1774283690000,1774283690000,17.09,17.1,17.0,17.04,1774283435000,17.09,17.08,15418,0.0,1774283605000,17.02,17.01,9935,0.0,17.16,17.17,17.0,17.04,1774283190000,17.16,17.16,7600,0.0,1774283605000,17.02,17.01,9935,0.0,1499
1774283695000,1774283695000,17.09,17.1,17.0,17.05,1774283435000,17.09,17.08,15418,0.0,1774283605000,17.02,17.01,9935,0.0,17.16,17.17,17.0,17.05,1774283190000,17.16,17.16,7600,0.0,1774283605000,17.02,17.01,9935,0.0,1500
1774283700000,1774283700000,17.09,17.1,17.0,17.07,1774283435000,17.09,17.08,15418,0.0,1774283605000,17.02,17.01,9935,0.0,17.16,17.17,17.0,17.07,1774283190000,17.16,17.16,7600,0.0,1774283605000,17.02,17.01,9935,0.0,1501
1774283705000,1774283705000,17.09,17.1,17.0,17.1,1774283705000,17.08,17.1,23332,15024.0,1774283605000,17.02,17.01,9935,0.0,17.16,17.17,17.0,17.1,1774283190000,17.16,17.16,7600,0.0,1774283605000,17.02,17.01,9935,0.0,1502
1774283710000,1774283710000,17.08,17.1,17.0,17.1,1774283710000,17.1,17.1,24300,12634.0,1774283605000,17.02,17.01,9935,0.0,17.16,17.16,17.0,17.1,1774283200000,17.16,17.14,17753,11348.5,1774283605000,17.02,17.01,9935,0.0,1503
1774283715000,1774283715000,17.08,17.1,17.0,17.09,1774283715000,17.1,17.09,2827,0.0,1774283605000,17.02,17.01,9935,0.0,17.16,17.16,17.0,17.09,1774283200000,17.16,17.14,17753,11348.5,1774283605000,17.02,17.01,9935,0.0,1504
1774283720000,1774283720000,17.07,17.1,17.0,17.09,1774283715000,17.1,17.09,2827,0.0,1774283605000,17.02,17.01,9935,0.0,17.13,17.14,17.0,17.09,1774283220000,17.13,17.13,23560,15035.0,1774283605000,17.02,17.01,9935,0.0,1505
1774283725000,1774283725000,17.05,17.1,17.0,17.07,1774283715000,17.1,17.09,2827,0.0,1774283605000,17.02,17.01,9935,0.0,17.13,17.14,17.0,17.07,1774283220000,17.13,17.13,23560,15035.0,1774283605000,17.02,17.01,9935,0.0,1506
1774283730000,1774283730000,17.05,17.1,17.0,17.07,1774283715000,17.1,17.09,2827,0.0,1774283605000,17.02,17.01,9935,0.0,17.13,17.14,17.0,17.07,1774283220000,17.13,17.13,23560,15035.0,1774283605000,17.02,17.01,9935,0.0,1507
1774283735000,1774283735000,17.05,17.1,17.0,17.07,1774283715000,17.1,17.09,2827,0.0,1774283605000,17.02,17.01,9935,0.0,17.13,17.14,17.0,17.07,1774283220000,17.13,17.13,23560,15035.0,1774283605000,17.02,17.01,9935,0.0,1508
1774283740000,1774283740000,17.05,17.1,17.0,17.07,1774283715000,17.1,17.09,2827,0.0,1774283605000,17.02,17.01,9935,0.0,17.13,17.14,17.0,17.07,1774283220000,17.13,17.13,23560,15035.0,1774283605000,17.02,17.01,9935,0.0,1509
1774283745000,1774283745000,17.05,17.1,17.0,17.07,1774283715000,17.1,17.09,2827,0.0,1774283605000,17.02,17.01,9935,0.0,17.13,17.14,17.0,17.07,1774283220000,17.13,17.13,23560,15035.0,1774283605000,17.02,17.01,9935,0.0,1510
1774283750000,1774283750000,17.05,17.1,17.0,17.07,1774283715000,17.1,17.09,2827,0.0,1774283605000,17.02,17.01,9935,0.0,17.12,17.13,17.0,17.07,1774283250000,17.12,17.12,2600,0.0,1774283605000,17.02,17.01,9935,0.0,1511
1774283755000,1774283755000,17.05,17.1,17.0,17.07,1774283715000,17.1,17.09,2827,0.0,1774283605000,17.02,17.01,9935,0.0,17.12,17.13,17.0,17.07,1774283250000,17.12,17.12,2600,0.0,1774283605000,17.02,17.01,9935,0.0,1512
1774283760000,1774283760000,17.05,17.1,17.0,17.08,1774283715000,17.1,17.09,2827,0.0,1774283605000,17.02,17.01,9935,0.0,17.12,17.13,17.0,17.08,1774283250000,17.12,17.12,2600,0.0,1774283605000,17.02,17.01,9935,0.0,1513
1774283765000,1774283765000,17.05,17.1,17.0,17.07,1774283715000,17.1,17.09,2827,0.0,1774283605000,17.02,17.01,9935,0.0,17.12,17.13,17.0,17.07,1774283250000,17.12,17.12,2600,0.0,1774283605000,17.02,17.01,9935,0.0,1514
1774283770000,1774283770000,17.05,17.1,17.0,17.07,1774283715000,17.1,17.09,2827,0.0,1774283605000,17.02,17.01,9935,0.0,17.12,17.13,17.0,17.07,1774283250000,17.12,17.12,2600,0.0,1774283605000,17.02,17.01,9935,0.0,1515
1774283775000,1774283775000,17.05,17.1,17.0,17.07,1774283715000,17.1,17.09,2827,0.0,1774283605000,17.02,17.01,9935,0.0,17.13,17.13,17.0,17.07,1774283250000,17.12,17.12,2600,0.0,1774283605000,17.02,17.01,9935,0.0,1516
1774283780000,1774283780000,17.05,17.1,17.0,17.08,1774283715000,17.1,17.09,2827,0.0,1774283605000,17.02,17.01,9935,0.0,17.13,17.13,17.0,17.08,1774283250000,17.12,17.12,2600,0.0,1774283605000,17.02,17.01,9935,0.0,1517
1774283785000,1774283785000,17.05,17.1,17.0,17.07,1774283715000,17.1,17.09,2827,0.0,1774283605000,17.02,17.01,9935,0.0,17.12,17.13,17.0,17.07,1774283250000,17.12,17.12,2600,0.0,1774283605000,17.02,17.01,9935,0.0,1518
1774283790000,1774283790000,17.05,17.1,17.0,17.07,1774283715000,17.1,17.09,2827,0.0,1774283605000,17.02,17.01,9935,0.0,17.12,17.13,17.0,17.07,1774283250000,17.12,17.12,2600,0.0,1774283605000,17.02,17.01,9935,0.0,1519
1774283795000,1774283795000,17.03,17.1,17.0,17.05,1774283715000,17.1,17.09,2827,0.0,1774283605000,17.02,17.01,9935,0.0,17.12,17.12,17.0,17.05,1774283255000,17.12,17.11,11919,0.0,1774283605000,17.02,17.01,9935,0.0,1520
1774283800000,1774283800000,17.03,17.1,17.0,17.07,1774283715000,17.1,17.09,2827,0.0,1774283605000,17.02,17.01,9935,0.0,17.12,17.12,17.0,17.07,1774283255000,17.12,17.11,11919,0.0,1774283605000,17.02,17.01,9935,0.0,1521
1774283805000,1774283805000,17.04,17.1,17.0,17.06,1774283715000,17.1,17.09,2827,0.0,1774283605000,17.02,17.01,9935,0.0,17.1,17.11,17.0,17.06,1774283270000,17.11,17.09,15438,0.0,1774283605000,17.02,17.01,9935,0.0,1522
1774283810000,1774283810000,17.04,17.1,17.0,17.06,1774283715000,17.1,17.09,2827,0.0,1774283605000,17.02,17.01,9935,0.0,17.1,17.11,17.0,17.06,1774283270000,17.11,17.09,15438,0.0,1774283605000,17.02,17.01,9935,0.0,1523
1774283815000,1774283815000,17.04,17.1,17.0,17.07,1774283715000,17.1,17.09,2827,0.0,1774283605000,17.02,17.01,9935,0.0,17.1,17.11,17.0,17.07,1774283270000,17.11,17.09,15438,0.0,1774283605000,17.02,17.01,9935,0.0,1524
1774283820000,1774283820000,17.04,17.1,17.0,17.07,1774283715000,17.1,17.09,2827,0.0,1774283605000,17.02,17.01,9935,0.0,17.1,17.11,17.0,17.07,1774283270000,17.11,17.09,15438,0.0,1774283605000,17.02,17.01,9935,0.0,1525
1774283825000,1774283825000,17.04,17.1,17.0,17.07,1774283715000,17.1,17.09,2827,0.0,1774283605000,17.02,17.01,9935,0.0,17.1,17.11,17.0,17.07,1774283270000,17.11,17.09,15438,0.0,1774283605000,17.02,17.01,9935,0.0,1526
1774283830000,1774283830000,17.04,17.1,17.0,17.08,1774283715000,17.1,17.09,2827,0.0,1774283605000,17.02,17.01,9935,0.0,17.1,17.11,17.0,17.08,1774283270000,17.11,17.09,15438,0.0,1774283605000,17.02,17.01,9935,0.0,1527
1774283835000,1774283835000,17.04,17.1,17.0,17.07,1774283715000,17.1,17.09,2827,0.0,1774283605000,17.02,17.01,9935,0.0,17.1,17.11,17.0,17.07,1774283270000,17.11,17.09,15438,0.0,1774283605000,17.02,17.01,9935,0.0,1528
1774283840000,1774283840000,17.04,17.1,17.0,17.07,1774283715000,17.1,17.09,2827,0.0,1774283605000,17.02,17.01,9935,0.0,17.1,17.11,17.0,17.07,1774283270000,17.11,17.09,15438,0.0,1774283605000,17.02,17.01,9935,0.0,1529
1774283845000,1774283845000,17.04,17.1,17.0,17.07,1774283715000,17.1,17.09,2827,0.0,1774283605000,17.02,17.01,9935,0.0,17.1,17.11,17.0,17.07,1774283270000,17.11,17.09,15438,0.0,1774283605000,17.02,17.01,9935,0.0,1530
1774283850000,1774283850000,17.04,17.1,17.0,17.07,1774283715000,17.1,17.09,2827,0.0,1774283605000,17.02,17.01,9935,0.0,17.1,17.11,17.0,17.07,1774283270000,17.11,17.09,15438,0.0,1774283605000,17.02,17.01,9935,0.0,1531
1774283855000,1774283855000,17.05,17.1,17.0,17.09,1774283715000,17.1,17.09,2827,0.0,1774283605000,17.02,17.01,9935,0.0,17.1,17.11,17.0,17.09,1774283270000,17.11,17.09,15438,0.0,1774283605000,17.02,17.01,9935,0.0,1532
1774283860000,1774283860000,17.05,17.1,17.0,17.09,1774283715000,17.1,17.09,2827,0.0,1774283605000,17.02,17.01,9935,0.0,17.1,17.11,17.0,17.09,1774283270000,17.11,17.09,15438,0.0,1774283605000,17.02,17.01,9935,0.0,1533
1774283865000,1774283865000,17.05,17.1,17.0,17.1,1774283865000,17.08,17.1,12714,11683.0,1774283605000,17.02,17.01,9935,0.0,17.11,17.11,17.0,17.1,1774283270000,17.11,17.09,15438,0.0,1774283605000,17.02,17.01,9935,0.0,1534
1774283870000,1774283870000,17.05,17.11,17.0,17.07,1774283870000,17.1,17.07,21953,15596.0,1774283605000,17.02,17.01,9935,0.0,17.09,17.11,17.0,17.07,1774283870000,17.1,17.07,21953,15596.0,1774283605000,17.02,17.01,9935,0.0,1535
1774283875000,1774283875000,17.05,17.11,17.0,17.07,1774283870000,17.1,17.07,21953,13744.0,1774283605000,17.02,17.01,9935,0.0,17.09,17.11,17.0,17.07,1774283870000,17.1,17.07,21953,13744.0,1774283605000,17.02,17.01,9935,0.0,1536
1774283880000,1774283880000,17.05,17.11,17.0,17.07,1774283870000,17.1,17.07,21953,13744.0,1774283605000,17.02,17.01,9935,0.0,17.09,17.11,17.0,17.07,1774283870000,17.1,17.07,21953,13744.0,1774283605000,17.02,17.01,9935,0.0,1537
1774283885000,1774283885000,17.05,17.11,17.0,17.07,1774283870000,17.1,17.07,21953,13744.0,1774283605000,17.02,17.01,9935,0.0,17.09,17.11,17.0,17.07,1774283870000,17.1,17.07,21953,13744.0,1774283605000,17.02,17.01,9935,0.0,1538
1774283890000,1774283890000,17.05,17.11,17.0,17.07,1774283870000,17.1,17.07,21953,13744.0,1774283605000,17.02,17.01,9935,0.0,17.09,17.11,17.0,17.07,1774283870000,17.1,17.07,21953,13744.0,1774283605000,17.02,17.01,9935,0.0,1539
1774283895000,1774283895000,17.05,17.11,17.0,17.07,1774283870000,17.1,17.07,21953,13744.0,1774283605000,17.02,17.01,9935,0.0,17.09,17.11,17.0,17.07,1774283870000,17.1,17.07,21953,13744.0,1774283605000,17.02,17.01,9935,0.0,1540
1774283900000,1774283900000,17.05,17.11,17.0,17.07,1774283870000,17.1,17.07,21953,13744.0,1774283605000,17.02,17.01,9935,0.0,17.09,17.11,17.0,17.07,1774283870000,17.1,17.07,21953,13744.0,1774283605000,17.02,17.01,9935,0.0,1541
1774283905000,1774283905000,17.05,17.11,17.0,17.08,1774283870000,17.1,17.07,21953,13744.0,1774283605000,17.02,17.01,9935,0.0,17.08,17.11,17.0,17.08,1774283870000,17.1,17.07,21953,13744.0,1774283605000,17.02,17.01,9935,0.0,1542
1774283910000,1774283910000,17.05,17.11,17.0,17.07,1774283870000,17.1,17.07,21953,13744.0,1774283605000,17.02,17.01,9935,0.0,17.08,17.11,17.0,17.07,1774283870000,17.1,17.07,21953,13744.0,1774283605000,17.02,17.01,9935,0.0,1543
1774283915000,1774283915000,17.05,17.11,17.0,17.07,1774283870000,17.1,17.07,21953,13744.0,1774283605000,17.02,17.01,9935,0.0,17.07,17.11,17.0,17.07,1774283870000,17.1,17.07,21953,13744.0,1774283605000,17.02,17.01,9935,0.0,1544
1774283920000,1774283920000,17.07,17.11,17.0,17.07,1774283870000,17.1,17.07,21953,13744.0,1774283605000,17.02,17.01,9935,0.0,17.07,17.11,17.0,17.07,1774283870000,17.1,17.07,21953,13744.0,1774283605000,17.02,17.01,9935,0.0,1545
1774283925000,1774283925000,17.07,17.11,17.0,17.07,1774283870000,17.1,17.07,21953,13744.0,1774283605000,17.02,17.01,9935,0.0,17.07,17.11,17.0,17.07,1774283870000,17.1,17.07,21953,13744.0,1774283605000,17.02,17.01,9935,0.0,1546
1774283930000,1774283930000,17.07,17.11,17.0,17.07,1774283870000,17.1,17.07,21953,13744.0,1774283605000,17.02,17.01,9935,0.0,17.07,17.11,17.0,17.07,1774283870000,17.1,17.07,21953,13744.0,1774283605000,17.02,17.01,9935,0.0,1547
1774283935000,1774283935000,17.03,17.11,17.0,17.04,1774283870000,17.1,17.07,21953,13744.0,1774283605000,17.02,17.01,9935,0.0,17.07,17.11,17.0,17.04,1774283870000,17.1,17.07,21953,13744.0,1774283605000,17.02,17.01,9935,0.0,1548
1774283940000,1774283940000,17.02,17.11,17.0,17.03,1774283870000,17.1,17.07,21953,13744.0,1774283605000,17.02,17.01,9935,0.0,17.07,17.11,17.0,17.03,1774283870000,17.1,17.07,21953,13744.0,1774283605000,17.02,17.01,9935,0.0,1549
1774283945000,1774283945000,17.04,17.11,17.0,17.03,1774283870000,17.1,17.07,21953,13744.0,1774283605000,17.02,17.01,9935,0.0,17.07,17.11,17.0,17.03,1774283870000,17.1,17.07,21953,13744.0,1774283605000,17.02,17.01,9935,0.0,1550
1774283950000,1774283950000,17.04,17.11,17.0,17.04,1774283870000,17.1,17.07,21953,13744.0,1774283605000,17.02,17.01,9935,0.0,17.07,17.11,17.0,17.04,1774283870000,17.1,17.07,21953,13744.0,1774283605000,17.02,17.01,9935,0.0,1551
1774283955000,1774283955000,17.02,17.11,17.0,17.05,1774283870000,17.1,17.07,21953,13744.0,1774283605000,17.02,17.01,9935,0.0,17.07,17.11,17.0,17.05,1774283870000,17.1,17.07,21953,13744.0,1774283605000,17.02,17.01,9935,0.0,1552
1774283960000,1774283960000,17.02,17.11,17.0,17.05,1774283870000,17.1,17.07,21953,13744.0,1774283605000,17.02,17.01,9935,0.0,17.07,17.11,17.0,17.05,1774283870000,17.1,17.07,21953,13744.0,1774283605000,17.02,17.01,9935,0.0,1553
1774283965000,1774283965000,17.02,17.11,17.0,17.03,1774283870000,17.1,17.07,21953,13744.0,1774283605000,17.02,17.01,9935,0.0,17.07,17.11,17.0,17.03,1774283870000,17.1,17.07,21953,13744.0,1774283605000,17.02,17.01,9935,0.0,1554
1774283970000,1774283970000,17.02,17.11,17.0,17.04,1774283870000,17.1,17.07,21953,13744.0,1774283605000,17.02,17.01,9935,0.0,17.07,17.11,17.0,17.04,1774283870000,17.1,17.07,21953,13744.0,1774283605000,17.02,17.01,9935,0.0,1555
1774283975000,1774283975000,17.02,17.11,17.0,17.04,1774283870000,17.1,17.07,21953,13744.0,1774283605000,17.02,17.01,9935,0.0,17.05,17.11,17.0,17.04,1774283870000,17.1,17.07,21953,13744.0,1774283605000,17.02,17.01,9935,0.0,1556
1774283980000,1774283980000,17.02,17.11,17.0,17.04,1774283870000,17.1,17.07,21953,13744.0,1774283605000,17.02,17.01,9935,0.0,17.05,17.11,17.0,17.04,1774283870000,17.1,17.07,21953,13744.0,1774283605000,17.02,17.01,9935,0.0,1557
1774283985000,1774283985000,17.02,17.11,17.0,17.03,1774283870000,17.1,17.07,21953,13744.0,1774283605000,17.02,17.01,9935,0.0,17.05,17.11,17.0,17.03,1774283870000,17.1,17.07,21953,13744.0,1774283605000,17.02,17.01,9935,0.0,1558
1774283990000,1774283990000,17.01,17.11,17.01,17.03,1774283870000,17.1,17.07,21953,13744.0,1774283945000,17.03,17.03,20318,8206.0,17.04,17.11,17.0,17.03,1774283870000,17.1,17.07,21953,13744.0,1774283605000,17.02,17.01,9935,0.0,1559
1774283995000,1774283995000,17.01,17.11,17.01,17.04,1774283870000,17.1,17.07,21953,13744.0,1774283945000,17.03,17.03,20318,8206.0,17.04,17.11,17.0,17.04,1774283870000,17.1,17.07,21953,13744.0,1774283605000,17.02,17.01,9935,0.0,1560
1774284000000,1774284000000,17.02,17.11,17.01,17.05,1774283870000,17.1,17.07,21953,13744.0,1774283945000,17.03,17.03,20318,8206.0,17.04,17.11,17.0,17.05,1774283870000,17.1,17.07,21953,13744.0,1774283605000,17.02,17.01,9935,0.0,1561
1774284005000,1774284005000,17.02,17.11,17.01,17.05,1774283870000,17.1,17.07,21953,13744.0,1774283945000,17.03,17.03,20318,8206.0,17.04,17.11,17.0,17.05,1774283870000,17.1,17.07,21953,13744.0,1774283605000,17.02,17.01,9935,0.0,1562
1774284010000,1774284010000,17.02,17.11,17.01,17.05,1774283870000,17.1,17.07,21953,13744.0,1774283945000,17.03,17.03,20318,8206.0,17.04,17.11,17.0,17.05,1774283870000,17.1,17.07,21953,13744.0,1774283605000,17.02,17.01,9935,0.0,1563
1774284015000,1774284015000,17.02,17.11,17.01,17.05,1774283870000,17.1,17.07,21953,13744.0,1774283945000,17.03,17.03,20318,8206.0,17.04,17.11,17.0,17.05,1774283870000,17.1,17.07,21953,13744.0,1774283605000,17.02,17.01,9935,0.0,1564
1774284020000,1774284020000,17.02,17.11,17.01,17.05,1774283870000,17.1,17.07,21953,13744.0,1774283945000,17.03,17.03,20318,8206.0,17.04,17.11,17.0,17.05,1774283870000,17.1,17.07,21953,13744.0,1774283605000,17.02,17.01,9935,0.0,1565
1774284025000,1774284025000,17.02,17.11,17.01,17.04,1774283870000,17.1,17.07,21953,13744.0,1774283945000,17.03,17.03,20318,8206.0,17.04,17.11,17.0,17.04,1774283870000,17.1,17.07,21953,13744.0,1774283605000,17.02,17.01,9935,0.0,1566
1774284030000,1774284030000,17.03,17.11,17.01,17.06,1774283870000,17.1,17.07,21953,13744.0,1774283945000,17.03,17.03,20318,8206.0,17.04,17.11,17.0,17.06,1774283870000,17.1,17.07,21953,13744.0,1774283605000,17.02,17.01,9935,0.0,1567
1774284035000,1774284035000,17.04,17.11,17.01,17.05,1774283870000,17.1,17.07,21953,13744.0,1774283945000,17.03,17.03,20318,8206.0,17.03,17.11,17.0,17.05,1774283870000,17.1,17.07,21953,13744.0,1774283605000,17.02,17.01,9935,0.0,1568
1774284040000,1774284040000,17.04,17.11,17.01,17.05,1774283870000,17.1,17.07,21953,13744.0,1774283945000,17.03,17.03,20318,8206.0,17.05,17.11,17.0,17.05,1774283870000,17.1,17.07,21953,13744.0,1774283605000,17.02,17.01,9935,0.0,1569
1774284045000,1774284045000,17.03,17.11,17.01,17.05,1774283870000,17.1,17.07,21953,13744.0,1774283945000,17.03,17.03,20318,8206.0,17.04,17.11,17.0,17.05,1774283870000,17.1,17.07,21953,13744.0,1774283605000,17.02,17.01,9935,0.0,1570
1774284050000,1774284050000,17.03,17.11,17.01,17.05,1774283870000,17.1,17.07,21953,13744.0,1774283945000,17.03,17.03,20318,8206.0,17.04,17.11,17.0,17.05,1774283870000,17.1,17.07,21953,13744.0,1774283605000,17.02,17.01,9935,0.0,1571
1774284055000,1774284055000,17.03,17.11,17.01,17.05,1774283870000,17.1,17.07,21953,13744.0,1774283945000,17.03,17.03,20318,8206.0,17.04,17.11,17.0,17.05,1774283870000,17.1,17.07,21953,13744.0,1774283605000,17.02,17.01,9935,0.0,1572
1774284060000,1774284060000,17.04,17.11,17.01,17.05,1774283870000,17.1,17.07,21953,13744.0,1774283945000,17.03,17.03,20318,8206.0,17.06,17.11,17.0,17.05,1774283870000,17.1,17.07,21953,13744.0,1774283605000,17.02,17.01,9935,0.0,1573
1774284065000,1774284065000,17.04,17.11,17.01,17.05,1774283870000,17.1,17.07,21953,13744.0,1774283945000,17.03,17.03,20318,8206.0,17.06,17.11,17.0,17.05,1774283870000,17.1,17.07,21953,13744.0,1774283605000,17.02,17.01,9935,0.0,1574
1774284070000,1774284070000,17.04,17.11,17.01,17.05,1774283870000,17.1,17.07,21953,13744.0,1774283945000,17.03,17.03,20318,8206.0,17.06,17.11,17.0,17.05,1774283870000,17.1,17.07,21953,13744.0,1774283605000,17.02,17.01,9935,0.0,1575
1774284075000,1774284075000,17.06,17.11,17.01,17.04,1774283870000,17.1,17.07,21953,13744.0,1774283945000,17.03,17.03,20318,8206.0,17.09,17.11,17.0,17.04,1774283870000,17.1,17.07,21953,13744.0,1774283605000,17.02,17.01,9935,0.0,1576
1774284080000,1774284080000,17.06,17.11,17.01,17.04,1774283870000,17.1,17.07,21953,13744.0,1774283945000,17.03,17.03,20318,8206.0,17.09,17.11,17.0,17.04,1774283870000,17.1,17.07,21953,13744.0,1774283605000,17.02,17.01,9935,0.0,1577
1774284085000,1774284085000,17.06,17.11,17.01,17.04,1774283870000,17.1,17.07,21953,13744.0,1774283945000,17.03,17.03,20318,8206.0,17.09,17.11,17.0,17.04,1774283870000,17.1,17.07,21953,13744.0,1774283605000,17.02,17.01,9935,0.0,1578
1774284090000,1774284090000,17.06,17.11,17.01,17.04,1774283870000,17.1,17.07,21953,13744.0,1774283945000,17.03,17.03,20318,8206.0,17.09,17.11,17.0,17.04,1774283870000,17.1,17.07,21953,13744.0,1774283605000,17.02,17.01,9935,0.0,1579
1774284095000,1774284095000,17.08,17.11,17.01,17.02,1774283870000,17.1,17.07,21953,13744.0,1774283945000,17.03,17.03,20318,8206.0,17.09,17.11,17.0,17.02,1774283870000,17.1,17.07,21953,13744.0,1774283605000,17.02,17.01,9935,0.0,1580
1774284100000,1774284100000,17.08,17.11,17.01,17.03,1774283870000,17.1,17.07,21953,13744.0,1774283945000,17.03,17.03,20318,8206.0,17.09,17.11,17.0,17.03,1774283870000,17.1,17.07,21953,13744.0,1774283605000,17.02,17.01,9935,0.0,1581
1774284105000,1774284105000,17.08,17.11,17.01,17.03,1774283870000,17.1,17.07,21953,13744.0,1774283945000,17.03,17.03,20318,8206.0,17.09,17.11,17.0,17.03,1774283870000,17.1,17.07,21953,13744.0,1774283605000,17.02,17.01,9935,0.0,1582
1774284110000,1774284110000,17.08,17.11,17.01,17.04,1774283870000,17.1,17.07,21953,13744.0,1774283945000,17.03,17.03,20318,8206.0,17.09,17.11,17.0,17.04,1774283870000,17.1,17.07,21953,13744.0,1774283605000,17.02,17.01,9935,0.0,1583
1774284115000,1774284115000,17.1,17.11,17.01,17.04,1774283870000,17.1,17.07,21953,13744.0,1774283945000,17.03,17.03,20318,8206.0,17.08,17.11,17.0,17.04,1774283870000,17.1,17.07,21953,13744.0,1774283605000,17.02,17.01,9935,0.0,1584
1774284120000,1774284120000,17.1,17.11,17.01,17.04,1774283870000,17.1,17.07,21953,13744.0,1774283945000,17.03,17.03,20318,8206.0,17.08,17.11,17.0,17.04,1774283870000,17.1,17.07,21953,13744.0,1774283605000,17.02,17.01,9935,0.0,1585
1774284125000,1774284125000,17.1,17.11,17.01,17.03,1774283870000,17.1,17.07,21953,13744.0,1774283945000,17.03,17.03,20318,8206.0,17.08,17.11,17.0,17.03,1774283870000,17.1,17.07,21953,13744.0,1774283605000,17.02,17.01,9935,0.0,1586
1774284130000,1774284130000,17.09,17.11,17.01,17.03,1774283870000,17.1,17.07,21953,13744.0,1774283945000,17.03,17.03,20318,8206.0,17.08,17.11,17.0,17.03,1774283870000,17.1,17.07,21953,13744.0,1774283605000,17.02,17.01,9935,0.0,1587
1774284135000,1774284135000,17.07,17.11,17.01,17.03,1774283870000,17.1,17.07,21953,13744.0,1774283945000,17.03,17.03,20318,8206.0,17.05,17.11,17.0,17.03,1774283870000,17.1,17.07,21953,13744.0,1774283605000,17.02,17.01,9935,0.0,1588
1774284140000,1774284140000,17.07,17.11,17.01,17.03,1774283870000,17.1,17.07,21953,13744.0,1774283945000,17.03,17.03,20318,8206.0,17.05,17.11,17.0,17.03,1774283870000,17.1,17.07,21953,13744.0,1774283605000,17.02,17.01,9935,0.0,1589
1774284145000,1774284145000,17.06,17.11,17.01,17.02,1774283870000,17.1,17.07,21953,13744.0,1774284145000,17.02,17.02,21648,19523.0,17.05,17.11,17.0,17.02,1774283870000,17.1,17.07,21953,13744.0,1774283605000,17.02,17.01,9935,0.0,1590
1774284150000,1774284150000,17.06,17.11,17.01,17.02,1774283870000,17.1,17.07,21953,13744.0,1774284150000,17.02,17.02,6745,0.0,17.05,17.11,17.0,17.02,1774283870000,17.1,17.07,21953,13744.0,1774283605000,17.02,17.01,9935,0.0,1591
1774284155000,1774284155000,17.08,17.11,17.01,17.03,1774283870000,17.1,17.07,21953,13744.0,1774284150000,17.02,17.02,6745,0.0,17.05,17.11,17.0,17.03,1774283870000,17.1,17.07,21953,13744.0,1774283605000,17.02,17.01,9935,0.0,1592
1774284160000,1774284160000,17.08,17.11,17.01,17.02,1774283870000,17.1,17.07,21953,13744.0,1774284160000,17.03,17.02,6522,3325.5,17.05,17.11,17.0,17.02,1774283870000,17.1,17.07,21953,13744.0,1774283605000,17.02,17.01,9935,0.0,1593
1774284165000,1774284165000,17.08,17.11,17.01,17.02,1774283870000,17.1,17.07,21953,13744.0,1774284165000,17.02,17.02,5040,1779.0,17.05,17.11,17.0,17.02,1774283870000,17.1,17.07,21953,13744.0,1774283605000,17.02,17.01,9935,0.0,1594
1774284170000,1774284170000,17.08,17.11,17.01,17.04,1774283870000,17.1,17.07,21953,13744.0,1774284165000,17.02,17.02,5040,0.0,17.05,17.11,17.0,17.04,1774283870000,17.1,17.07,21953,13744.0,1774283605000,17.02,17.01,9935,0.0,1595
1774284175000,1774284175000,17.07,17.11,17.01,17.05,1774283870000,17.1,17.07,21953,13744.0,1774284165000,17.02,17.02,5040,0.0,17.05,17.11,17.0,17.05,1774283870000,17.1,17.07,21953,13744.0,1774283605000,17.02,17.01,9935,0.0,1596
1774284180000,1774284180000,17.06,17.11,17.01,17.05,1774283870000,17.1,17.07,21953,13744.0,1774284165000,17.02,17.02,5040,0.0,17.03,17.11,17.0,17.05,1774283870000,17.1,17.07,21953,13744.0,1774283605000,17.02,17.01,9935,0.0,1597
1774284185000,1774284185000,17.06,17.11,17.01,17.05,1774283870000,17.1,17.07,21953,13744.0,1774284165000,17.02,17.02,5040,0.0,17.03,17.11,17.0,17.05,1774283870000,17.1,17.07,21953,13744.0,1774283605000,17.02,17.01,9935,0.0,1598
1774284190000,1774284190000,17.06,17.11,17.01,17.06,1774283870000,17.1,17.07,21953,13744.0,1774284165000,17.02,17.02,5040,0.0,17.03,17.11,17.0,17.06,1774283870000,17.1,17.07,21953,13744.0,1774283605000,17.02,17.01,9935,0.0,1599
1774284195000,1774284195000,17.06,17.11,17.01,17.06,1774283870000,17.1,17.07,21953,13744.0,1774284165000,17.02,17.02,5040,0.0,17.03,17.11,17.0,17.06,1774283870000,17.1,17.07,21953,13744.0,1774283605000,17.02,17.01,9935,0.0,1600
1774284200000,1774284200000,17.06,17.11,17.01,17.05,1774283870000,17.1,17.07,21953,13744.0,1774284165000,17.02,17.02,5040,0.0,17.03,17.11,17.0,17.05,1774283870000,17.1,17.07,21953,13744.0,1774283605000,17.02,17.01,9935,0.0,1601
1774284205000,1774284205000,17.05,17.11,17.01,17.05,1774283870000,17.1,17.07,21953,13744.0,1774284165000,17.02,17.02,5040,0.0,17.03,17.11,17.0,17.05,1774283870000,17.1,17.07,21953,13744.0,1774283605000,17.02,17.01,9935,0.0,1602
1774284210000,1774284210000,17.06,17.11,17.01,17.05,1774283870000,17.1,17.07,21953,13744.0,1774284165000,17.02,17.02,5040,0.0,17.03,17.11,17.0,17.05,1774283870000,17.1,17.07,21953,13744.0,1774283605000,17.02,17.01,9935,0.0,1603
1774284215000,1774284215000,17.06,17.11,17.01,17.07,1774283870000,17.1,17.07,21953,13744.0,1774284165000,17.02,17.02,5040,0.0,17.04,17.11,17.0,17.07,1774283870000,17.1,17.07,21953,13744.0,1774283605000,17.02,17.01,9935,0.0,1604
1774284220000,1774284220000,17.06,17.11,17.01,17.05,1774283870000,17.1,17.07,21953,13744.0,1774284165000,17.02,17.02,5040,0.0,17.04,17.11,17.0,17.05,1774283870000,17.1,17.07,21953,13744.0,1774283605000,17.02,17.01,9935,0.0,1605
1774284225000,1774284225000,17.07,17.11,17.01,17.05,1774283870000,17.1,17.07,21953,13744.0,1774284165000,17.02,17.02,5040,0.0,17.04,17.11,17.0,17.05,1774283870000,17.1,17.07,21953,13744.0,1774283605000,17.02,17.01,9935,0.0,1606
1774284230000,1774284230000,17.07,17.11,17.01,17.05,1774283870000,17.1,17.07,21953,13744.0,1774284165000,17.02,17.02,5040,0.0,17.04,17.11,17.0,17.05,1774283870000,17.1,17.07,21953,13744.0,1774283605000,17.02,17.01,9935,0.0,1607
1774284235000,1774284235000,17.07,17.11,17.01,17.06,1774283870000,17.1,17.07,21953,13744.0,1774284165000,17.02,17.02,5040,0.0,17.04,17.11,17.0,17.06,1774283870000,17.1,17.07,21953,13744.0,1774283605000,17.02,17.01,9935,0.0,1608
1774284240000,1774284240000,17.07,17.11,17.01,17.06,1774283870000,17.1,17.07,21953,13744.0,1774284165000,17.02,17.02,5040,0.0,17.04,17.11,17.0,17.06,1774283870000,17.1,17.07,21953,13744.0,1774283605000,17.02,17.01,9935,0.0,1609
1774284245000,1774284245000,17.07,17.11,17.01,17.07,1774283870000,17.1,17.07,21953,13744.0,1774284165000,17.02,17.02,5040,0.0,17.04,17.11,17.0,17.07,1774283870000,17.1,17.07,21953,13744.0,1774283605000,17.02,17.01,9935,0.0,1610
1774284250000,1774284250000,17.07,17.11,17.01,17.06,1774283870000,17.1,17.07,21953,13744.0,1774284165000,17.02,17.02,5040,0.0,17.04,17.11,17.0,17.06,1774283870000,17.1,17.07,21953,13744.0,1774283605000,17.02,17.01,9935,0.0,1611
1774284255000,1774284255000,17.07,17.11,17.01,17.06,1774283870000,17.1,17.07,21953,13744.0,1774284165000,17.02,17.02,5040,0.0,17.04,17.11,17.0,17.06,1774283870000,17.1,17.07,21953,13744.0,1774283605000,17.02,17.01,9935,0.0,1612
1774284260000,1774284260000,17.07,17.11,17.01,17.07,1774283870000,17.1,17.07,21953,13744.0,1774284165000,17.02,17.02,5040,0.0,17.04,17.11,17.0,17.07,1774283870000,17.1,17.07,21953,13744.0,1774283605000,17.02,17.01,9935,0.0,1613
1774284265000,1774284265000,17.07,17.11,17.01,17.06,1774283870000,17.1,17.07,21953,13744.0,1774284165000,17.02,17.02,5040,0.0,17.04,17.11,17.0,17.06,1774283870000,17.1,17.07,21953,13744.0,1774283605000,17.02,17.01,9935,0.0,1614
1774284270000,1774284270000,17.07,17.11,17.01,17.06,1774283870000,17.1,17.07,21953,13744.0,1774284165000,17.02,17.02,5040,0.0,17.04,17.11,17.0,17.06,1774283870000,17.1,17.07,21953,13744.0,1774283605000,17.02,17.01,9935,0.0,1615
1774284275000,1774284275000,17.08,17.11,17.01,17.08,1774283870000,17.1,17.07,21953,13744.0,1774284165000,17.02,17.02,5040,0.0,17.05,17.11,17.0,17.08,1774283870000,17.1,17.07,21953,13744.0,1774283605000,17.02,17.01,9935,0.0,1616
1774284280000,1774284280000,17.08,17.11,17.01,17.07,1774283870000,17.1,17.07,21953,13744.0,1774284165000,17.02,17.02,5040,0.0,17.05,17.11,17.0,17.07,1774283870000,17.1,17.07,21953,13744.0,1774283605000,17.02,17.01,9935,0.0,1617
1774284285000,1774284285000,17.07,17.09,17.01,17.08,1774284285000,17.07,17.08,121430,118337.5,1774284165000,17.02,17.02,5040,0.0,17.07,17.11,17.0,17.08,1774283870000,17.1,17.07,21953,13744.0,1774283605000,17.02,17.01,9935,0.0,1618
1774284290000,1774284290000,17.07,17.09,17.01,17.09,1774284290000,17.07,17.09,7022,0.0,1774284165000,17.02,17.02,5040,0.0,17.06,17.11,17.0,17.09,1774283870000,17.1,17.07,21953,13744.0,1774283605000,17.02,17.01,9935,0.0,1619
1774284295000,1774284295000,17.07,17.09,17.01,17.07,1774284295000,17.08,17.07,23472,19961.0,1774284165000,17.02,17.02,5040,0.0,17.05,17.11,17.0,17.07,1774283870000,17.1,17.07,21953,13744.0,1774283605000,17.02,17.01,9935,0.0,1620
1774284300000,1774284300000,17.07,17.09,17.01,17.07,1774284295000,17.08,17.07,23472,9565.0,1774284165000,17.02,17.02,5040,0.0,17.05,17.11,17.0,17.07,1774283870000,17.1,17.07,21953,13744.0,1774283605000,17.02,17.01,9935,0.0,1621
1774284305000,1774284305000,17.07,17.09,17.01,17.08,1774284295000,17.08,17.07,23472,9565.0,1774284165000,17.02,17.02,5040,0.0,17.05,17.11,17.0,17.08,1774283870000,17.1,17.07,21953,13744.0,1774283605000,17.02,17.01,9935,0.0,1622
1774284310000,1774284310000,17.04,17.09,17.01,17.07,1774284295000,17.08,17.07,23472,9565.0,1774284165000,17.02,17.02,5040,0.0,17.02,17.11,17.0,17.07,1774283870000,17.1,17.07,21953,13744.0,1774283605000,17.02,17.01,9935,0.0,1623
1774284315000,1774284315000,17.03,17.09,17.01,17.07,1774284295000,17.08,17.07,23472,9565.0,1774284165000,17.02,17.02,5040,0.0,17.02,17.11,17.0,17.07,1774283870000,17.1,17.07,21953,13744.0,1774283605000,17.02,17.01,9935,0.0,1624
1774284320000,1774284320000,17.03,17.09,17.01,17.07,1774284295000,17.08,17.07,23472,9565.0,1774284165000,17.02,17.02,5040,0.0,17.02,17.11,17.0,17.07,1774283870000,17.1,17.07,21953,13744.0,1774283605000,17.02,17.01,9935,0.0,1625
1774284325000,1774284325000,17.03,17.09,17.01,17.08,1774284325000,17.07,17.08,20380,20203.5,1774284165000,17.02,17.02,5040,0.0,17.04,17.11,17.0,17.08,1774283870000,17.1,17.07,21953,13744.0,1774283605000,17.02,17.01,9935,0.0,1626
1774284330000,1774284330000,17.05,17.09,17.01,17.07,1774284330000,17.09,17.07,19257,9067.0,1774284165000,17.02,17.02,5040,0.0,17.02,17.11,17.0,17.07,1774283870000,17.1,17.07,21953,13744.0,1774283605000,17.02,17.01,9935,0.0,1627
1774284335000,1774284335000,17.04,17.09,17.01,17.09,1774284335000,17.07,17.09,9952,323.5,1774284165000,17.02,17.02,5040,0.0,17.02,17.11,17.0,17.09,1774283870000,17.1,17.07,21953,13744.0,1774283605000,17.02,17.01,9935,0.0,1628
1774284340000,1774284340000,17.03,17.1,17.01,17.09,1774284340000,17.08,17.09,34233,29257.0,1774284165000,17.02,17.02,5040,0.0,17.02,17.11,17.0,17.09,1774283870000,17.1,17.07,21953,13744.0,1774283605000,17.02,17.01,9935,0.0,1629
1774284345000,1774284345000,17.03,17.12,17.01,17.11,1774284345000,17.1,17.11,17475,358.5,1774284165000,17.02,17.02,5040,0.0,17.01,17.12,17.01,17.11,1774284345000,17.1,17.11,17475,358.5,1774284165000,17.02,17.02,5040,0.0,1630
1774284350000,1774284350000,17.05,17.12,17.01,17.11,1774284350000,17.11,17.11,9100,362.5,1774284165000,17.02,17.02,5040,0.0,17.02,17.12,17.01,17.11,1774284350000,17.11,17.11,9100,362.5,1774284165000,17.02,17.02,5040,0.0,1631
1774284355000,1774284355000,17.05,17.12,17.01,17.12,1774284355000,17.12,17.12,12500,7950.0,1774284165000,17.02,17.02,5040,0.0,17.02,17.12,17.01,17.12,1774284355000,17.12,17.12,12500,7950.0,1774284165000,17.02,17.02,5040,0.0,1632
1774284360000,1774284360000,17.05,17.12,17.01,17.11,1774284360000,17.12,17.11,4597,0.0,1774284165000,17.02,17.02,5040,0.0,17.02,17.12,17.01,17.11,1774284360000,17.12,17.11,4597,0.0,1774284165000,17.02,17.02,5040,0.0,1633
1774284365000,1774284365000,17.05,17.12,17.01,17.12,1774284365000,17.12,17.12,19000,16701.5,1774284165000,17.02,17.02,5040,0.0,17.03,17.12,17.01,17.12,1774284365000,17.12,17.12,19000,16701.5,1774284165000,17.02,17.02,5040,0.0,1634
1774284370000,1774284370000,17.05,17.13,17.01,17.13,1774284370000,17.12,17.13,75784,66284.0,1774284165000,17.02,17.02,5040,0.0,17.03,17.13,17.01,17.13,1774284370000,17.12,17.13,75784,66284.0,1774284165000,17.02,17.02,5040,0.0,1635
1774284375000,1774284375000,17.05,17.13,17.01,17.12,1774284375000,17.13,17.12,18661,0.0,1774284165000,17.02,17.02,5040,0.0,17.04,17.13,17.01,17.12,1774284375000,17.13,17.12,18661,0.0,1774284165000,17.02,17.02,5040,0.0,1636
1774284380000,1774284380000,17.05,17.13,17.01,17.11,1774284375000,17.13,17.12,18661,0.0,1774284165000,17.02,17.02,5040,0.0,17.06,17.13,17.01,17.11,1774284375000,17.13,17.12,18661,0.0,1774284165000,17.02,17.02,5040,0.0,1637
1774284385000,1774284385000,17.05,17.13,17.01,17.11,1774284375000,17.13,17.12,18661,0.0,1774284165000,17.02,17.02,5040,0.0,17.06,17.13,17.01,17.11,1774284375000,17.13,17.12,18661,0.0,1774284165000,17.02,17.02,5040,0.0,1638
1774284390000,1774284390000,17.05,17.13,17.01,17.1,1774284375000,17.13,17.12,18661,0.0,1774284165000,17.02,17.02,5040,0.0,17.06,17.13,17.01,17.1,1774284375000,17.13,17.12,18661,0.0,1774284165000,17.02,17.02,5040,0.0,1639
1774284395000,1774284395000,17.03,17.13,17.01,17.11,1774284375000,17.13,17.12,18661,0.0,1774284165000,17.02,17.02,5040,0.0,17.08,17.13,17.01,17.11,1774284375000,17.13,17.12,18661,0.0,1774284165000,17.02,17.02,5040,0.0,1640
1774284400000,1774284400000,17.03,17.13,17.01,17.11,1774284375000,17.13,17.12,18661,0.0,1774284165000,17.02,17.02,5040,0.0,17.08,17.13,17.01,17.11,1774284375000,17.13,17.12,18661,0.0,1774284165000,17.02,17.02,5040,0.0,1641
1774284405000,1774284405000,17.04,17.13,17.01,17.08,1774284375000,17.13,17.12,18661,0.0,1774284165000,17.02,17.02,5040,0.0,17.1,17.13,17.01,17.08,1774284375000,17.13,17.12,18661,0.0,1774284165000,17.02,17.02,5040,0.0,1642
1774284410000,1774284410000,17.04,17.13,17.01,17.09,1774284375000,17.13,17.12,18661,0.0,1774284165000,17.02,17.02,5040,0.0,17.1,17.13,17.01,17.09,1774284375000,17.13,17.12,18661,0.0,1774284165000,17.02,17.02,5040,0.0,1643
1774284415000,1774284415000,17.02,17.13,17.01,17.08,1774284375000,17.13,17.12,18661,0.0,1774284165000,17.02,17.02,5040,0.0,17.07,17.13,17.01,17.08,1774284375000,17.13,17.12,18661,0.0,1774284165000,17.02,17.02,5040,0.0,1644
1774284420000,1774284420000,17.02,17.13,17.01,17.09,1774284375000,17.13,17.12,18661,0.0,1774284165000,17.02,17.02,5040,0.0,17.07,17.13,17.01,17.09,1774284375000,17.13,17.12,18661,0.0,1774284165000,17.02,17.02,5040,0.0,1645
1774284425000,1774284425000,17.02,17.13,17.01,17.07,1774284375000,17.13,17.12,18661,0.0,1774284165000,17.02,17.02,5040,0.0,17.07,17.13,17.01,17.07,1774284375000,17.13,17.12,18661,0.0,1774284165000,17.02,17.02,5040,0.0,1646
1774284430000,1774284430000,17.02,17.13,17.01,17.07,1774284375000,17.13,17.12,18661,0.0,1774284165000,17.02,17.02,5040,0.0,17.06,17.13,17.01,17.07,1774284375000,17.13,17.12,18661,0.0,1774284165000,17.02,17.02,5040,0.0,1647
1774284435000,1774284435000,17.03,17.13,17.01,17.07,1774284375000,17.13,17.12,18661,0.0,1774284165000,17.02,17.02,5040,0.0,17.07,17.13,17.01,17.07,1774284375000,17.13,17.12,18661,0.0,1774284165000,17.02,17.02,5040,0.0,1648
1774284440000,1774284440000,17.03,17.13,17.01,17.09,1774284375000,17.13,17.12,18661,0.0,1774284165000,17.02,17.02,5040,0.0,17.08,17.13,17.01,17.09,1774284375000,17.13,17.12,18661,0.0,1774284165000,17.02,17.02,5040,0.0,1649
1774284445000,1774284445000,17.03,17.13,17.03,17.09,1774284375000,17.13,17.12,18661,0.0,1774284170000,17.03,17.04,6385,0.0,17.08,17.13,17.01,17.09,1774284375000,17.13,17.12,18661,0.0,1774284165000,17.02,17.02,5040,0.0,1650
1774284450000,1774284450000,17.03,17.13,17.03,17.09,1774284375000,17.13,17.12,18661,0.0,1774284170000,17.03,17.04,6385,0.0,17.08,17.13,17.01,17.09,1774284375000,17.13,17.12,18661,0.0,1774284165000,17.02,17.02,5040,0.0,1651
1774284455000,1774284455000,17.05,17.13,17.04,17.09,1774284375000,17.13,17.12,18661,0.0,1774284230000,17.05,17.05,720,0.0,17.08,17.13,17.01,17.09,1774284375000,17.13,17.12,18661,0.0,1774284165000,17.02,17.02,5040,0.0,1652
1774284460000,1774284460000,17.05,17.13,17.04,17.09,1774284375000,17.13,17.12,18661,0.0,1774284230000,17.05,17.05,720,0.0,17.07,17.13,17.01,17.09,1774284375000,17.13,17.12,18661,0.0,1774284165000,17.02,17.02,5040,0.0,1653
1774284465000,1774284465000,17.05,17.13,17.04,17.09,1774284375000,17.13,17.12,18661,0.0,1774284230000,17.05,17.05,720,0.0,17.07,17.13,17.01,17.09,1774284375000,17.13,17.12,18661,0.0,1774284165000,17.02,17.02,5040,0.0,1654
1774284470000,1774284470000,17.05,17.13,17.04,17.08,1774284375000,17.13,17.12,18661,0.0,1774284230000,17.05,17.05,720,0.0,17.06,17.13,17.01,17.08,1774284375000,17.13,17.12,18661,0.0,1774284165000,17.02,17.02,5040,0.0,1655
1774284475000,1774284475000,17.05,17.13,17.04,17.08,1774284375000,17.13,17.12,18661,0.0,1774284230000,17.05,17.05,720,0.0,17.06,17.13,17.01,17.08,1774284375000,17.13,17.12,18661,0.0,1774284165000,17.02,17.02,5040,0.0,1656
1774284480000,1774284480000,17.06,17.13,17.04,17.08,1774284375000,17.13,17.12,18661,0.0,1774284230000,17.05,17.05,720,0.0,17.06,17.13,17.01,17.08,1774284375000,17.13,17.12,18661,0.0,1774284165000,17.02,17.02,5040,0.0,1657
1774284485000,1774284485000,17.05,17.13,17.04,17.08,1774284375000,17.13,17.12,18661,0.0,1774284230000,17.05,17.05,720,0.0,17.07,17.13,17.01,17.08,1774284375000,17.13,17.12,18661,0.0,1774284165000,17.02,17.02,5040,0.0,1658
1774284490000,1774284490000,17.06,17.13,17.05,17.09,1774284375000,17.13,17.12,18661,0.0,1774284315000,17.06,17.07,5332,0.0,17.07,17.13,17.01,17.09,1774284375000,17.13,17.12,18661,0.0,1774284165000,17.02,17.02,5040,0.0,1659
1774284495000,1774284495000,17.06,17.13,17.05,17.08,1774284375000,17.13,17.12,18661,0.0,1774284315000,17.06,17.07,5332,0.0,17.07,17.13,17.01,17.08,1774284375000,17.13,17.12,18661,0.0,1774284165000,17.02,17.02,5040,0.0,1660
1774284500000,1774284500000,17.06,17.13,17.05,17.07,1774284375000,17.13,17.12,18661,0.0,1774284315000,17.06,17.07,5332,0.0,17.07,17.13,17.01,17.07,1774284375000,17.13,17.12,18661,0.0,1774284165000,17.02,17.02,5040,0.0,1661
1774284505000,1774284505000,17.07,17.13,17.05,17.07,1774284375000,17.13,17.12,18661,0.0,1774284315000,17.06,17.07,5332,0.0,17.07,17.13,17.01,17.07,1774284375000,17.13,17.12,18661,0.0,1774284165000,17.02,17.02,5040,0.0,1662
1774284510000,1774284510000,17.07,17.13,17.05,17.09,1774284375000,17.13,17.12,18661,0.0,1774284315000,17.06,17.07,5332,0.0,17.07,17.13,17.01,17.09,1774284375000,17.13,17.12,18661,0.0,1774284165000,17.02,17.02,5040,0.0,1663
1774284515000,1774284515000,17.07,17.13,17.05,17.07,1774284375000,17.13,17.12,18661,0.0,1774284315000,17.06,17.07,5332,0.0,17.07,17.13,17.01,17.07,1774284375000,17.13,17.12,18661,0.0,1774284165000,17.02,17.02,5040,0.0,1664
1774284520000,1774284520000,17.07,17.13,17.05,17.09,1774284375000,17.13,17.12,18661,0.0,1774284315000,17.06,17.07,5332,0.0,17.07,17.13,17.01,17.09,1774284375000,17.13,17.12,18661,0.0,1774284165000,17.02,17.02,5040,0.0,1665
1774284525000,1774284525000,17.07,17.13,17.05,17.09,1774284375000,17.13,17.12,18661,0.0,1774284315000,17.06,17.07,5332,0.0,17.1,17.13,17.01,17.09,1774284375000,17.13,17.12,18661,0.0,1774284165000,17.02,17.02,5040,0.0,1666
1774284530000,1774284530000,17.07,17.13,17.05,17.1,1774284375000,17.13,17.12,18661,0.0,1774284315000,17.06,17.07,5332,0.0,17.08,17.13,17.01,17.1,1774284375000,17.13,17.12,18661,0.0,1774284165000,17.02,17.02,5040,0.0,1667
1774284535000,1774284535000,17.07,17.13,17.05,17.09,1774284375000,17.13,17.12,18661,0.0,1774284315000,17.06,17.07,5332,0.0,17.08,17.13,17.01,17.09,1774284375000,17.13,17.12,18661,0.0,1774284165000,17.02,17.02,5040,0.0,1668
1774284540000,1774284540000,17.07,17.13,17.05,17.1,1774284375000,17.13,17.12,18661,0.0,1774284315000,17.06,17.07,5332,0.0,17.07,17.13,17.01,17.1,1774284375000,17.13,17.12,18661,0.0,1774284165000,17.02,17.02,5040,0.0,1669
1774284545000,1774284545000,17.07,17.13,17.05,17.08,1774284375000,17.13,17.12,18661,0.0,1774284315000,17.06,17.07,5332,0.0,17.07,17.13,17.01,17.08,1774284375000,17.13,17.12,18661,0.0,1774284165000,17.02,17.02,5040,0.0,1670
1774284550000,1774284550000,17.07,17.13,17.05,17.08,1774284375000,17.13,17.12,18661,0.0,1774284315000,17.06,17.07,5332,0.0,17.07,17.13,17.01,17.08,1774284375000,17.13,17.12,18661,0.0,1774284165000,17.02,17.02,5040,0.0,1671
1774284555000,1774284555000,17.07,17.13,17.05,17.09,1774284375000,17.13,17.12,18661,0.0,1774284315000,17.06,17.07,5332,0.0,17.07,17.13,17.01,17.09,1774284375000,17.13,17.12,18661,0.0,1774284165000,17.02,17.02,5040,0.0,1672
1774284560000,1774284560000,17.07,17.13,17.05,17.1,1774284375000,17.13,17.12,18661,0.0,1774284315000,17.06,17.07,5332,0.0,17.07,17.13,17.01,17.1,1774284375000,17.13,17.12,18661,0.0,1774284165000,17.02,17.02,5040,0.0,1673
1774284565000,1774284565000,17.07,17.13,17.05,17.09,1774284375000,17.13,17.12,18661,0.0,1774284315000,17.06,17.07,5332,0.0,17.07,17.13,17.01,17.09,1774284375000,17.13,17.12,18661,0.0,1774284165000,17.02,17.02,5040,0.0,1674
1774284570000,1774284570000,17.07,17.13,17.05,17.09,1774284375000,17.13,17.12,18661,0.0,1774284315000,17.06,17.07,5332,0.0,17.07,17.13,17.01,17.09,1774284375000,17.13,17.12,18661,0.0,1774284165000,17.02,17.02,5040,0.0,1675
1774284575000,1774284575000,17.07,17.13,17.05,17.09,1774284375000,17.13,17.12,18661,0.0,1774284315000,17.06,17.07,5332,0.0,17.07,17.13,17.01,17.09,1774284375000,17.13,17.12,18661,0.0,1774284165000,17.02,17.02,5040,0.0,1676
1774284580000,1774284580000,17.07,17.13,17.05,17.1,1774284375000,17.13,17.12,18661,0.0,1774284315000,17.06,17.07,5332,0.0,17.07,17.13,17.01,17.1,1774284375000,17.13,17.12,18661,0.0,1774284165000,17.02,17.02,5040,0.0,1677
1774284585000,1774284585000,17.07,17.13,17.05,17.11,1774284375000,17.13,17.12,18661,0.0,1774284315000,17.06,17.07,5332,0.0,17.07,17.13,17.01,17.11,1774284375000,17.13,17.12,18661,0.0,1774284165000,17.02,17.02,5040,0.0,1678
1774284590000,1774284590000,17.07,17.13,17.05,17.1,1774284375000,17.13,17.12,18661,0.0,1774284315000,17.06,17.07,5332,0.0,17.07,17.13,17.01,17.1,1774284375000,17.13,17.12,18661,0.0,1774284165000,17.02,17.02,5040,0.0,1679
1774284595000,1774284595000,17.07,17.13,17.05,17.1,1774284375000,17.13,17.12,18661,0.0,1774284315000,17.06,17.07,5332,0.0,17.07,17.13,17.01,17.1,1774284375000,17.13,17.12,18661,0.0,1774284165000,17.02,17.02,5040,0.0,1680
1774284600000,1774284600000,17.07,17.13,17.05,17.1,1774284375000,17.13,17.12,18661,0.0,1774284315000,17.06,17.07,5332,0.0,17.07,17.13,17.01,17.1,1774284375000,17.13,17.12,18661,0.0,1774284165000,17.02,17.02,5040,0.0,1681
1774284605000,1774284605000,17.08,17.13,17.05,17.1,1774284375000,17.13,17.12,18661,0.0,1774284315000,17.06,17.07,5332,0.0,17.07,17.13,17.01,17.1,1774284375000,17.13,17.12,18661,0.0,1774284165000,17.02,17.02,5040,0.0,1682
1774284610000,1774284610000,17.08,17.13,17.05,17.1,1774284375000,17.13,17.12,18661,0.0,1774284315000,17.06,17.07,5332,0.0,17.07,17.13,17.01,17.1,1774284375000,17.13,17.12,18661,0.0,1774284165000,17.02,17.02,5040,0.0,1683
1774284615000,1774284615000,17.08,17.13,17.05,17.1,1774284375000,17.13,17.12,18661,0.0,1774284315000,17.06,17.07,5332,0.0,17.07,17.13,17.01,17.1,1774284375000,17.13,17.12,18661,0.0,1774284165000,17.02,17.02,5040,0.0,1684
1774284620000,1774284620000,17.07,17.13,17.05,17.12,1774284375000,17.13,17.12,18661,0.0,1774284315000,17.06,17.07,5332,0.0,17.04,17.13,17.01,17.12,1774284375000,17.13,17.12,18661,0.0,1774284165000,17.02,17.02,5040,0.0,1685
1774284625000,1774284625000,17.07,17.13,17.07,17.13,1774284625000,17.12,17.13,26765,12961.0,1774284555000,17.08,17.09,23749,18409.5,17.03,17.13,17.01,17.13,1774284625000,17.12,17.13,26765,12961.0,1774284165000,17.02,17.02,5040,0.0,1686
1774284630000,1774284630000,17.09,17.14,17.07,17.14,1774284630000,17.13,17.14,7152,0.0,1774284555000,17.08,17.09,23749,18409.5,17.03,17.14,17.01,17.14,1774284630000,17.13,17.14,7152,0.0,1774284165000,17.02,17.02,5040,0.0,1687
1774284635000,1774284635000,17.07,17.14,17.07,17.14,1774284635000,17.13,17.14,24778,21202.0,1774284555000,17.08,17.09,23749,18409.5,17.04,17.14,17.01,17.14,1774284635000,17.13,17.14,24778,21202.0,1774284165000,17.02,17.02,5040,0.0,1688
1774284640000,1774284640000,17.08,17.14,17.07,17.14,1774284640000,17.14,17.14,17811,5422.0,1774284555000,17.08,17.09,23749,18409.5,17.05,17.14,17.01,17.14,1774284640000,17.14,17.14,17811,5422.0,1774284165000,17.02,17.02,5040,0.0,1689
1774284645000,1774284645000,17.1,17.14,17.07,17.12,1774284645000,17.14,17.12,22454,13548.5,1774284555000,17.08,17.09,23749,18409.5,17.03,17.14,17.01,17.12,1774284645000,17.14,17.12,22454,13548.5,1774284165000,17.02,17.02,5040,0.0,1690
1774284650000,1774284650000,17.1,17.14,17.07,17.12,1774284645000,17.14,17.12,22454,10970.0,1774284555000,17.08,17.09,23749,18409.5,17.03,17.14,17.01,17.12,1774284645000,17.14,17.12,22454,10970.0,1774284165000,17.02,17.02,5040,0.0,1691
1774284655000,1774284655000,17.1,17.14,17.07,17.12,1774284645000,17.14,17.12,22454,10970.0,1774284555000,17.08,17.09,23749,18409.5,17.03,17.14,17.01,17.12,1774284645000,17.14,17.12,22454,10970.0,1774284165000,17.02,17.02,5040,0.0,1692
1774284660000,1774284660000,17.11,17.14,17.07,17.11,1774284645000,17.14,17.12,22454,10970.0,1774284555000,17.08,17.09,23749,18409.5,17.03,17.14,17.01,17.11,1774284645000,17.14,17.12,22454,10970.0,1774284165000,17.02,17.02,5040,0.0,1693
1774284665000,1774284665000,17.11,17.14,17.07,17.1,1774284645000,17.14,17.12,22454,10970.0,1774284555000,17.08,17.09,23749,18409.5,17.05,17.14,17.01,17.1,1774284645000,17.14,17.12,22454,10970.0,1774284165000,17.02,17.02,5040,0.0,1694
1774284670000,1774284670000,17.12,17.14,17.07,17.09,1774284645000,17.14,17.12,22454,10970.0,1774284555000,17.08,17.09,23749,18409.5,17.05,17.14,17.01,17.09,1774284645000,17.14,17.12,22454,10970.0,1774284165000,17.02,17.02,5040,0.0,1695
1774284675000,1774284675000,17.12,17.14,17.07,17.09,1774284645000,17.14,17.12,22454,10970.0,1774284555000,17.08,17.09,23749,18409.5,17.05,17.14,17.01,17.09,1774284645000,17.14,17.12,22454,10970.0,1774284165000,17.02,17.02,5040,0.0,1696
1774284680000,1774284680000,17.12,17.14,17.07,17.09,1774284645000,17.14,17.12,22454,10970.0,1774284555000,17.08,17.09,23749,18409.5,17.05,17.14,17.01,17.09,1774284645000,17.14,17.12,22454,10970.0,1774284165000,17.02,17.02,5040,0.0,1697
1774284685000,1774284685000,17.12,17.14,17.07,17.09,1774284645000,17.14,17.12,22454,10970.0,1774284555000,17.08,17.09,23749,18409.5,17.05,17.14,17.01,17.09,1774284645000,17.14,17.12,22454,10970.0,1774284165000,17.02,17.02,5040,0.0,1698
1774284690000,1774284690000,17.12,17.14,17.07,17.08,1774284645000,17.14,17.12,22454,10970.0,1774284555000,17.08,17.09,23749,18409.5,17.05,17.14,17.01,17.08,1774284645000,17.14,17.12,22454,10970.0,1774284165000,17.02,17.02,5040,0.0,1699
1774284695000,1774284695000,17.12,17.14,17.07,17.07,1774284645000,17.14,17.12,22454,10970.0,1774284695000,17.08,17.07,14163,14063.0,17.05,17.14,17.01,17.07,1774284645000,17.14,17.12,22454,10970.0,1774284165000,17.02,17.02,5040,0.0,1700
1774284700000,1774284700000,17.12,17.14,17.07,17.09,1774284645000,17.14,17.12,22454,10970.0,1774284695000,17.08,17.07,14163,3847.5,17.05,17.14,17.01,17.09,1774284645000,17.14,17.12,22454,10970.0,1774284165000,17.02,17.02,5040,0.0,1701
1774284705000,1774284705000,17.12,17.14,17.07,17.09,1774284645000,17.14,17.12,22454,10970.0,1774284695000,17.08,17.07,14163,3847.5,17.05,17.14,17.01,17.09,1774284645000,17.14,17.12,22454,10970.0,1774284165000,17.02,17.02,5040,0.0,1702
1774284710000,1774284710000,17.12,17.14,17.07,17.09,1774284645000,17.14,17.12,22454,10970.0,1774284695000,17.08,17.07,14163,3847.5,17.05,17.14,17.01,17.09,1774284645000,17.14,17.12,22454,10970.0,1774284165000,17.02,17.02,5040,0.0,1703
1774284715000,1774284715000,17.12,17.14,17.06,17.07,1774284645000,17.14,17.12,22454,10970.0,1774284715000,17.08,17.07,6952,0.0,17.05,17.14,17.01,17.07,1774284645000,17.14,17.12,22454,10970.0,1774284165000,17.02,17.02,5040,0.0,1704
1774284720000,1774284720000,17.12,17.14,17.06,17.07,1774284645000,17.14,17.12,22454,10970.0,1774284715000,17.08,17.07,6952,0.0,17.05,17.14,17.01,17.07,1774284645000,17.14,17.12,22454,10970.0,1774284165000,17.02,17.02,5040,0.0,1705
1774284725000,1774284725000,17.13,17.14,17.05,17.05,1774284645000,17.14,17.12,22454,10970.0,1774284725000,17.06,17.05,6238,5712.5,17.05,17.14,17.01,17.05,1774284645000,17.14,17.12,22454,10970.0,1774284165000,17.02,17.02,5040,0.0,1706
1774284730000,1774284730000,17.13,17.14,17.05,17.06,1774284645000,17.14,17.12,22454,10970.0,1774284730000,17.06,17.06,1900,0.0,17.05,17.14,17.01,17.06,1774284645000,17.14,17.12,22454,10970.0,1774284165000,17.02,17.02,5040,0.0,1707
1774284735000,1774284735000,17.13,17.14,17.05,17.07,1774284645000,17.14,17.12,22454,10970.0,1774284730000,17.06,17.06,1900,0.0,17.05,17.14,17.01,17.07,1774284645000,17.14,17.12,22454,10970.0,1774284165000,17.02,17.02,5040,0.0,1708
1774284740000,1774284740000,17.13,17.14,17.05,17.07,1774284645000,17.14,17.12,22454,10970.0,1774284730000,17.06,17.06,1900,0.0,17.05,17.14,17.01,17.07,1774284645000,17.14,17.12,22454,10970.0,1774284165000,17.02,17.02,5040,0.0,1709
1774284745000,1774284745000,17.12,17.14,17.05,17.08,1774284645000,17.14,17.12,22454,10970.0,1774284730000,17.06,17.06,1900,0.0,17.05,17.14,17.01,17.08,1774284645000,17.14,17.12,22454,10970.0,1774284165000,17.02,17.02,5040,0.0,1710
1774284750000,1774284750000,17.11,17.14,17.05,17.07,1774284645000,17.14,17.12,22454,10970.0,1774284730000,17.06,17.06,1900,0.0,17.05,17.14,17.01,17.07,1774284645000,17.14,17.12,22454,10970.0,1774284165000,17.02,17.02,5040,0.0,1711
1774284755000,1774284755000,17.11,17.14,17.05,17.06,1774284645000,17.14,17.12,22454,10970.0,1774284730000,17.06,17.06,1900,0.0,17.05,17.14,17.01,17.06,1774284645000,17.14,17.12,22454,10970.0,1774284165000,17.02,17.02,5040,0.0,1712
1774284760000,1774284760000,17.11,17.14,17.05,17.07,1774284645000,17.14,17.12,22454,10970.0,1774284730000,17.06,17.06,1900,0.0,17.04,17.14,17.01,17.07,1774284645000,17.14,17.12,22454,10970.0,1774284165000,17.02,17.02,5040,0.0,1713
1774284765000,1774284765000,17.11,17.14,17.05,17.07,1774284645000,17.14,17.12,22454,10970.0,1774284730000,17.06,17.06,1900,0.0,17.03,17.14,17.01,17.07,1774284645000,17.14,17.12,22454,10970.0,1774284165000,17.02,17.02,5040,0.0,1714
1774284770000,1774284770000,17.11,17.14,17.04,17.05,1774284645000,17.14,17.12,22454,10970.0,1774284770000,17.06,17.05,21017,13617.5,17.04,17.14,17.01,17.05,1774284645000,17.14,17.12,22454,10970.0,1774284165000,17.02,17.02,5040,0.0,1715
1774284775000,1774284775000,17.07,17.14,17.04,17.05,1774284645000,17.14,17.12,22454,10970.0,1774284775000,17.05,17.05,20530,10021.5,17.04,17.14,17.01,17.05,1774284645000,17.14,17.12,22454,10970.0,1774284165000,17.02,17.02,5040,0.0,1716
1774284780000,1774284780000,17.09,17.14,17.04,17.05,1774284645000,17.14,17.12,22454,10970.0,1774284775000,17.05,17.05,20530,5826.5,17.03,17.14,17.01,17.05,1774284645000,17.14,17.12,22454,10970.0,1774284165000,17.02,17.02,5040,0.0,1717
1774284785000,1774284785000,17.09,17.14,17.04,17.05,1774284645000,17.14,17.12,22454,10970.0,1774284775000,17.05,17.05,20530,5826.5,17.03,17.14,17.01,17.05,1774284645000,17.14,17.12,22454,10970.0,1774284165000,17.02,17.02,5040,0.0,1718
1774284790000,1774284790000,17.09,17.14,17.04,17.05,1774284645000,17.14,17.12,22454,10970.0,1774284790000,17.05,17.05,18600,13435.5,17.02,17.14,17.01,17.05,1774284645000,17.14,17.12,22454,10970.0,1774284165000,17.02,17.02,5040,0.0,1719
1774284795000,1774284795000,17.09,17.14,17.04,17.04,1774284645000,17.14,17.12,22454,10970.0,1774284795000,17.05,17.04,1450,0.0,17.02,17.14,17.01,17.04,1774284645000,17.14,17.12,22454,10970.0,1774284165000,17.02,17.02,5040,0.0,1720
1774284800000,1774284800000,17.07,17.14,17.04,17.05,1774284645000,17.14,17.12,22454,10970.0,1774284800000,17.04,17.05,19147,18422.0,17.02,17.14,17.01,17.05,1774284645000,17.14,17.12,22454,10970.0,1774284165000,17.02,17.02,5040,0.0,1721
1774284805000,1774284805000,17.08,17.14,17.04,17.06,1774284645000,17.14,17.12,22454,10970.0,1774284805000,17.05,17.06,30072,20498.5,17.05,17.14,17.04,17.06,1774284645000,17.14,17.12,22454,10970.0,1774284805000,17.05,17.06,30072,20498.5,1722
1774284810000,1774284810000,17.08,17.14,17.04,17.07,1774284645000,17.14,17.12,22454,10970.0,1774284805000,17.05,17.06,30072,14064.0,17.05,17.14,17.04,17.07,1774284645000,17.14,17.12,22454,10970.0,1774284805000,17.05,17.06,30072,14064.0,1723
1774284815000,1774284815000,17.08,17.14,17.04,17.08,1774284645000,17.14,17.12,22454,10970.0,1774284805000,17.05,17.06,30072,14064.0,17.05,17.14,17.04,17.08,1774284645000,17.14,17.12,22454,10970.0,1774284805000,17.05,17.06,30072,14064.0,1724
1774284820000,1774284820000,17.08,17.14,17.04,17.08,1774284645000,17.14,17.12,22454,10970.0,1774284805000,17.05,17.06,30072,14064.0,17.05,17.14,17.04,17.08,1774284645000,17.14,17.12,22454,10970.0,1774284805000,17.05,17.06,30072,14064.0,1725
1774284825000,1774284825000,17.08,17.14,17.04,17.09,1774284645000,17.14,17.12,22454,10970.0,1774284805000,17.05,17.06,30072,14064.0,17.06,17.14,17.04,17.09,1774284645000,17.14,17.12,22454,10970.0,1774284805000,17.05,17.06,30072,14064.0,1726
1774284830000,1774284830000,17.07,17.14,17.04,17.09,1774284645000,17.14,17.12,22454,10970.0,1774284805000,17.05,17.06,30072,14064.0,17.06,17.14,17.04,17.09,1774284645000,17.14,17.12,22454,10970.0,1774284805000,17.05,17.06,30072,14064.0,1727
1774284835000,1774284835000,17.08,17.14,17.04,17.09,1774284645000,17.14,17.12,22454,10970.0,1774284805000,17.05,17.06,30072,14064.0,17.06,17.14,17.04,17.09,1774284645000,17.14,17.12,22454,10970.0,1774284805000,17.05,17.06,30072,14064.0,1728
1774284840000,1774284840000,17.07,17.14,17.04,17.09,1774284645000,17.14,17.12,22454,10970.0,1774284805000,17.05,17.06,30072,14064.0,17.06,17.14,17.04,17.09,1774284645000,17.14,17.12,22454,10970.0,1774284805000,17.05,17.06,30072,14064.0,1729
1774284845000,1774284845000,17.07,17.14,17.04,17.09,1774284645000,17.14,17.12,22454,10970.0,1774284805000,17.05,17.06,30072,14064.0,17.06,17.14,17.04,17.09,1774284645000,17.14,17.12,22454,10970.0,1774284805000,17.05,17.06,30072,14064.0,1730
1774284850000,1774284850000,17.07,17.14,17.04,17.09,1774284645000,17.14,17.12,22454,10970.0,1774284805000,17.05,17.06,30072,14064.0,17.07,17.14,17.04,17.09,1774284645000,17.14,17.12,22454,10970.0,1774284805000,17.05,17.06,30072,14064.0,1731
1774284855000,1774284855000,17.07,17.14,17.04,17.08,1774284645000,17.14,17.12,22454,10970.0,1774284805000,17.05,17.06,30072,14064.0,17.07,17.14,17.04,17.08,1774284645000,17.14,17.12,22454,10970.0,1774284805000,17.05,17.06,30072,14064.0,1732
1774284860000,1774284860000,17.07,17.14,17.04,17.07,1774284645000,17.14,17.12,22454,10970.0,1774284805000,17.05,17.06,30072,14064.0,17.07,17.14,17.04,17.07,1774284645000,17.14,17.12,22454,10970.0,1774284805000,17.05,17.06,30072,14064.0,1733
1774284865000,1774284865000,17.08,17.14,17.04,17.07,1774284645000,17.14,17.12,22454,10970.0,1774284805000,17.05,17.06,30072,14064.0,17.07,17.14,17.04,17.07,1774284645000,17.14,17.12,22454,10970.0,1774284805000,17.05,17.06,30072,14064.0,1734
1774284870000,1774284870000,17.08,17.14,17.04,17.07,1774284645000,17.14,17.12,22454,10970.0,1774284805000,17.05,17.06,30072,14064.0,17.07,17.14,17.04,17.07,1774284645000,17.14,17.12,22454,10970.0,1774284805000,17.05,17.06,30072,14064.0,1735
1774284875000,1774284875000,17.08,17.14,17.04,17.05,1774284645000,17.14,17.12,22454,10970.0,1774284805000,17.05,17.06,30072,14064.0,17.07,17.14,17.04,17.05,1774284645000,17.14,17.12,22454,10970.0,1774284805000,17.05,17.06,30072,14064.0,1736
1774284880000,1774284880000,17.08,17.14,17.04,17.06,1774284645000,17.14,17.12,22454,10970.0,1774284805000,17.05,17.06,30072,14064.0,17.07,17.14,17.04,17.06,1774284645000,17.14,17.12,22454,10970.0,1774284805000,17.05,17.06,30072,14064.0,1737
1774284885000,1774284885000,17.07,17.14,17.04,17.05,1774284645000,17.14,17.12,22454,10970.0,1774284805000,17.05,17.06,30072,14064.0,17.07,17.14,17.04,17.05,1774284645000,17.14,17.12,22454,10970.0,1774284805000,17.05,17.06,30072,14064.0,1738
1774284890000,1774284890000,17.09,17.14,17.04,17.06,1774284645000,17.14,17.12,22454,10970.0,1774284805000,17.05,17.06,30072,14064.0,17.07,17.14,17.04,17.06,1774284645000,17.14,17.12,22454,10970.0,1774284805000,17.05,17.06,30072,14064.0,1739
1774284895000,1774284895000,17.09,17.14,17.04,17.06,1774284645000,17.14,17.12,22454,10970.0,1774284805000,17.05,17.06,30072,14064.0,17.07,17.14,17.04,17.06,1774284645000,17.14,17.12,22454,10970.0,1774284805000,17.05,17.06,30072,14064.0,1740
1774284900000,1774284900000,17.09,17.14,17.04,17.07,1774284645000,17.14,17.12,22454,10970.0,1774284805000,17.05,17.06,30072,14064.0,17.07,17.14,17.04,17.07,1774284645000,17.14,17.12,22454,10970.0,1774284805000,17.05,17.06,30072,14064.0,1741
1774284905000,1774284905000,17.09,17.14,17.04,17.07,1774284645000,17.14,17.12,22454,10970.0,1774284805000,17.05,17.06,30072,14064.0,17.07,17.14,17.04,17.07,1774284645000,17.14,17.12,22454,10970.0,1774284805000,17.05,17.06,30072,14064.0,1742
1774284910000,1774284910000,17.09,17.14,17.04,17.07,1774284645000,17.14,17.12,22454,10970.0,1774284805000,17.05,17.06,30072,14064.0,17.07,17.14,17.04,17.07,1774284645000,17.14,17.12,22454,10970.0,1774284805000,17.05,17.06,30072,14064.0,1743
1774284915000,1774284915000,17.09,17.14,17.04,17.08,1774284645000,17.14,17.12,22454,10970.0,1774284805000,17.05,17.06,30072,14064.0,17.07,17.14,17.04,17.08,1774284645000,17.14,17.12,22454,10970.0,1774284805000,17.05,17.06,30072,14064.0,1744
1774284920000,1774284920000,17.09,17.14,17.04,17.09,1774284645000,17.14,17.12,22454,10970.0,1774284805000,17.05,17.06,30072,14064.0,17.07,17.14,17.04,17.09,1774284645000,17.14,17.12,22454,10970.0,1774284805000,17.05,17.06,30072,14064.0,1745
1774284925000,1774284925000,17.09,17.14,17.04,17.1,1774284645000,17.14,17.12,22454,10970.0,1774284805000,17.05,17.06,30072,14064.0,17.07,17.14,17.04,17.1,1774284645000,17.14,17.12,22454,10970.0,1774284805000,17.05,17.06,30072,14064.0,1746
1774284930000,1774284930000,17.09,17.14,17.04,17.09,1774284645000,17.14,17.12,22454,10970.0,1774284805000,17.05,17.06,30072,14064.0,17.07,17.14,17.04,17.09,1774284645000,17.14,17.12,22454,10970.0,1774284805000,17.05,17.06,30072,14064.0,1747
1774284935000,1774284935000,17.1,17.14,17.04,17.09,1774284645000,17.14,17.12,22454,10970.0,1774284805000,17.05,17.06,30072,14064.0,17.07,17.14,17.04,17.09,1774284645000,17.14,17.12,22454,10970.0,1774284805000,17.05,17.06,30072,14064.0,1748
1774284940000,1774284940000,17.09,17.14,17.04,17.07,1774284645000,17.14,17.12,22454,10970.0,1774284805000,17.05,17.06,30072,14064.0,17.07,17.14,17.04,17.07,1774284645000,17.14,17.12,22454,10970.0,1774284805000,17.05,17.06,30072,14064.0,1749
1774284945000,1774284945000,17.08,17.14,17.04,17.07,1774284645000,17.14,17.12,22454,10970.0,1774284805000,17.05,17.06,30072,14064.0,17.07,17.14,17.04,17.07,1774284645000,17.14,17.12,22454,10970.0,1774284805000,17.05,17.06,30072,14064.0,1750
1774284950000,1774284950000,17.08,17.14,17.04,17.07,1774284645000,17.14,17.12,22454,10970.0,1774284805000,17.05,17.06,30072,14064.0,17.07,17.14,17.04,17.07,1774284645000,17.14,17.12,22454,10970.0,1774284805000,17.05,17.06,30072,14064.0,1751
1774284955000,1774284955000,17.09,17.14,17.04,17.07,1774284645000,17.14,17.12,22454,10970.0,1774284805000,17.05,17.06,30072,14064.0,17.07,17.14,17.04,17.07,1774284645000,17.14,17.12,22454,10970.0,1774284805000,17.05,17.06,30072,14064.0,1752
1774284960000,1774284960000,17.1,17.14,17.04,17.06,1774284645000,17.14,17.12,22454,10970.0,1774284805000,17.05,17.06,30072,14064.0,17.08,17.14,17.04,17.06,1774284645000,17.14,17.12,22454,10970.0,1774284805000,17.05,17.06,30072,14064.0,1753
1774284965000,1774284965000,17.1,17.14,17.04,17.06,1774284645000,17.14,17.12,22454,10970.0,1774284805000,17.05,17.06,30072,14064.0,17.07,17.14,17.04,17.06,1774284645000,17.14,17.12,22454,10970.0,1774284805000,17.05,17.06,30072,14064.0,1754
1774284970000,1774284970000,17.1,17.14,17.04,17.07,1774284645000,17.14,17.12,22454,10970.0,1774284805000,17.05,17.06,30072,14064.0,17.07,17.14,17.04,17.07,1774284645000,17.14,17.12,22454,10970.0,1774284805000,17.05,17.06,30072,14064.0,1755
1774284975000,1774284975000,17.1,17.14,17.04,17.07,1774284645000,17.14,17.12,22454,10970.0,1774284805000,17.05,17.06,30072,14064.0,17.07,17.14,17.04,17.07,1774284645000,17.14,17.12,22454,10970.0,1774284805000,17.05,17.06,30072,14064.0,1756
1774284980000,1774284980000,17.1,17.14,17.04,17.07,1774284645000,17.14,17.12,22454,10970.0,1774284805000,17.05,17.06,30072,14064.0,17.07,17.14,17.04,17.07,1774284645000,17.14,17.12,22454,10970.0,1774284805000,17.05,17.06,30072,14064.0,1757
1774284985000,1774284985000,17.12,17.14,17.04,17.07,1774284645000,17.14,17.12,22454,10970.0,1774284805000,17.05,17.06,30072,14064.0,17.07,17.14,17.04,17.07,1774284645000,17.14,17.12,22454,10970.0,1774284805000,17.05,17.06,30072,14064.0,1758
1774284990000,1774284990000,17.12,17.14,17.04,17.06,1774284645000,17.14,17.12,22454,10970.0,1774284805000,17.05,17.06,30072,14064.0,17.07,17.14,17.04,17.06,1774284645000,17.14,17.12,22454,10970.0,1774284805000,17.05,17.06,30072,14064.0,1759
1774284995000,1774284995000,17.12,17.14,17.04,17.07,1774284645000,17.14,17.12,22454,10970.0,1774284805000,17.05,17.06,30072,14064.0,17.07,17.14,17.04,17.07,1774284645000,17.14,17.12,22454,10970.0,1774284805000,17.05,17.06,30072,14064.0,1760
1774285000000,1774285000000,17.12,17.14,17.04,17.06,1774284645000,17.14,17.12,22454,10970.0,1774284805000,17.05,17.06,30072,14064.0,17.07,17.14,17.04,17.06,1774284645000,17.14,17.12,22454,10970.0,1774284805000,17.05,17.06,30072,14064.0,1761
1774285005000,1774285005000,17.13,17.14,17.04,17.06,1774284645000,17.14,17.12,22454,10970.0,1774284805000,17.05,17.06,30072,14064.0,17.09,17.14,17.04,17.06,1774284645000,17.14,17.12,22454,10970.0,1774284805000,17.05,17.06,30072,14064.0,1762
1774285010000,1774285010000,17.13,17.14,17.04,17.07,1774284645000,17.14,17.12,22454,10970.0,1774284805000,17.05,17.06,30072,14064.0,17.09,17.14,17.04,17.07,1774284645000,17.14,17.12,22454,10970.0,1774284805000,17.05,17.06,30072,14064.0,1763
1774285015000,1774285015000,17.14,17.14,17.04,17.07,1774284645000,17.14,17.12,22454,10970.0,1774284805000,17.05,17.06,30072,14064.0,17.08,17.14,17.04,17.07,1774284645000,17.14,17.12,22454,10970.0,1774284805000,17.05,17.06,30072,14064.0,1764
1774285020000,1774285020000,17.14,17.14,17.04,17.07,1774284645000,17.14,17.12,22454,10970.0,1774284805000,17.05,17.06,30072,14064.0,17.08,17.14,17.04,17.07,1774284645000,17.14,17.12,22454,10970.0,1774284805000,17.05,17.06,30072,14064.0,1765
1774285025000,1774285025000,17.12,17.12,17.04,17.08,1774284660000,17.12,17.11,8472,5103.5,1774284805000,17.05,17.06,30072,14064.0,17.1,17.14,17.04,17.08,1774284645000,17.14,17.12,22454,10970.0,1774284805000,17.05,17.06,30072,14064.0,1766
1774285030000,1774285030000,17.12,17.12,17.04,17.07,1774284660000,17.12,17.11,8472,5103.5,1774284805000,17.05,17.06,30072,14064.0,17.1,17.14,17.04,17.07,1774284645000,17.14,17.12,22454,10970.0,1774284805000,17.05,17.06,30072,14064.0,1767
1774285035000,1774285035000,17.12,17.12,17.04,17.06,1774284660000,17.12,17.11,8472,5103.5,1774284805000,17.05,17.06,30072,14064.0,17.11,17.14,17.04,17.06,1774284645000,17.14,17.12,22454,10970.0,1774284805000,17.05,17.06,30072,14064.0,1768
1774285040000,1774285040000,17.1,17.11,17.04,17.06,1774284665000,17.1,17.1,6187,0.0,1774284805000,17.05,17.06,30072,14064.0,17.11,17.14,17.04,17.06,1774284645000,17.14,17.12,22454,10970.0,1774284805000,17.05,17.06,30072,14064.0,1769
1774285045000,1774285045000,17.09,17.1,17.04,17.07,1774284930000,17.1,17.09,2361,0.0,1774284805000,17.05,17.06,30072,14064.0,17.12,17.14,17.04,17.07,1774284645000,17.14,17.12,22454,10970.0,1774284805000,17.05,17.06,30072,14064.0,1770
1774285050000,1774285050000,17.1,17.1,17.04,17.07,1774284930000,17.1,17.09,2361,0.0,1774284805000,17.05,17.06,30072,14064.0,17.12,17.14,17.04,17.07,1774284645000,17.14,17.12,22454,10970.0,1774284805000,17.05,17.06,30072,14064.0,1771
1774285055000,1774285055000,17.08,17.1,17.04,17.05,1774284930000,17.1,17.09,2361,0.0,1774284805000,17.05,17.06,30072,14064.0,17.12,17.14,17.04,17.05,1774284645000,17.14,17.12,22454,10970.0,1774284805000,17.05,17.06,30072,14064.0,1772
1774285060000,1774285060000,17.08,17.1,17.04,17.05,1774284930000,17.1,17.09,2361,0.0,1774285060000,17.06,17.05,27580,25150.0,17.12,17.14,17.04,17.05,1774284645000,17.14,17.12,22454,10970.0,1774285060000,17.06,17.05,27580,25150.0,1773
1774285065000,1774285065000,17.1,17.1,17.03,17.05,1774284930000,17.1,17.09,2361,0.0,1774285065000,17.05,17.05,34523,20733.0,17.12,17.14,17.03,17.05,1774284645000,17.14,17.12,22454,10970.0,1774285065000,17.05,17.05,34523,20733.0,1774
1774285070000,1774285070000,17.08,17.1,17.03,17.05,1774284930000,17.1,17.09,2361,0.0,1774285065000,17.05,17.05,34523,16286.5,17.12,17.14,17.03,17.05,1774284645000,17.14,17.12,22454,10970.0,1774285065000,17.05,17.05,34523,16286.5,1775
1774285075000,1774285075000,17.06,17.1,17.03,17.06,1774284930000,17.1,17.09,2361,0.0,1774285065000,17.05,17.05,34523,16286.5,17.13,17.14,17.03,17.06,1774284645000,17.14,17.12,22454,10970.0,1774285065000,17.05,17.05,34523,16286.5,1776
1774285080000,1774285080000,17.07,17.1,17.03,17.05,1774284930000,17.1,17.09,2361,0.0,1774285065000,17.05,17.05,34523,16286.5,17.12,17.14,17.03,17.05,1774284645000,17.14,17.12,22454,10970.0,1774285065000,17.05,17.05,34523,16286.5,1777
1774285085000,1774285085000,17.09,17.1,17.03,17.06,1774284930000,17.1,17.09,2361,0.0,1774285065000,17.05,17.05,34523,16286.5,17.12,17.14,17.03,17.06,1774284645000,17.14,17.12,22454,10970.0,1774285065000,17.05,17.05,34523,16286.5,1778
1774285090000,1774285090000,17.07,17.1,17.03,17.05,1774284930000,17.1,17.09,2361,0.0,1774285065000,17.05,17.05,34523,16286.5,17.11,17.14,17.03,17.05,1774284645000,17.14,17.12,22454,10970.0,1774285065000,17.05,17.05,34523,16286.5,1779
1774285095000,1774285095000,17.07,17.1,17.03,17.04,1774284930000,17.1,17.09,2361,0.0,1774285065000,17.05,17.05,34523,16286.5,17.11,17.14,17.03,17.04,1774284645000,17.14,17.12,22454,10970.0,1774285065000,17.05,17.05,34523,16286.5,1780
1774285100000,1774285100000,17.07,17.1,17.03,17.04,1774284930000,17.1,17.09,2361,0.0,1774285100000,17.05,17.04,7749,5749.0,17.11,17.14,17.03,17.04,1774284645000,17.14,17.12,22454,10970.0,1774285100000,17.05,17.04,7749,5749.0,1781
1774285105000,1774285105000,17.06,17.1,17.02,17.03,1774284930000,17.1,17.09,2361,0.0,1774285105000,17.04,17.03,26671,22796.5,17.11,17.14,17.02,17.03,1774284645000,17.14,17.12,22454,10970.0,1774285105000,17.04,17.03,26671,22796.5,1782
1774285110000,1774285110000,17.05,17.1,17.02,17.04,1774284930000,17.1,17.09,2361,0.0,1774285105000,17.04,17.03,26671,9687.5,17.09,17.14,17.02,17.04,1774284645000,17.14,17.12,22454,10970.0,1774285105000,17.04,17.03,26671,9687.5,1783
1774285115000,1774285115000,17.06,17.1,17.02,17.05,1774284930000,17.1,17.09,2361,0.0,1774285105000,17.04,17.03,26671,9687.5,17.09,17.14,17.02,17.05,1774284645000,17.14,17.12,22454,10970.0,1774285105000,17.04,17.03,26671,9687.5,1784
1774285120000,1774285120000,17.05,17.1,17.02,17.05,1774284930000,17.1,17.09,2361,0.0,1774285105000,17.04,17.03,26671,9687.5,17.09,17.14,17.02,17.05,1774284645000,17.14,17.12,22454,10970.0,1774285105000,17.04,17.03,26671,9687.5,1785
1774285125000,1774285125000,17.05,17.1,17.02,17.05,1774284930000,17.1,17.09,2361,0.0,1774285105000,17.04,17.03,26671,9687.5,17.09,17.14,17.02,17.05,1774284645000,17.14,17.12,22454,10970.0,1774285105000,17.04,17.03,26671,9687.5,1786
1774285130000,1774285130000,17.05,17.1,17.02,17.05,1774284930000,17.1,17.09,2361,0.0,1774285105000,17.04,17.03,26671,9687.5,17.09,17.14,17.02,17.05,1774284645000,17.14,17.12,22454,10970.0,1774285105000,17.04,17.03,26671,9687.5,1787
1774285135000,1774285135000,17.04,17.1,17.02,17.05,1774284930000,17.1,17.09,2361,0.0,1774285105000,17.04,17.03,26671,9687.5,17.09,17.14,17.02,17.05,1774284645000,17.14,17.12,22454,10970.0,1774285105000,17.04,17.03,26671,9687.5,1788
1774285140000,1774285140000,17.04,17.1,17.02,17.05,1774284930000,17.1,17.09,2361,0.0,1774285105000,17.04,17.03,26671,9687.5,17.08,17.14,17.02,17.05,1774284645000,17.14,17.12,22454,10970.0,1774285105000,17.04,17.03,26671,9687.5,1789
1774285145000,1774285145000,17.04,17.1,17.02,17.05,1774284930000,17.1,17.09,2361,0.0,1774285105000,17.04,17.03,26671,9687.5,17.08,17.14,17.02,17.05,1774284645000,17.14,17.12,22454,10970.0,1774285105000,17.04,17.03,26671,9687.5,1790
1774285150000,1774285150000,17.04,17.1,17.02,17.05,1774284930000,17.1,17.09,2361,0.0,1774285105000,17.04,17.03,26671,9687.5,17.07,17.14,17.02,17.05,1774284645000,17.14,17.12,22454,10970.0,1774285105000,17.04,17.03,26671,9687.5,1791
1774285155000,1774285155000,17.04,17.1,17.02,17.06,1774284930000,17.1,17.09,2361,0.0,1774285105000,17.04,17.03,26671,9687.5,17.07,17.14,17.02,17.06,1774284645000,17.14,17.12,22454,10970.0,1774285105000,17.04,17.03,26671,9687.5,1792
1774285160000,1774285160000,17.04,17.1,17.02,17.05,1774284930000,17.1,17.09,2361,0.0,1774285105000,17.04,17.03,26671,9687.5,17.07,17.14,17.02,17.05,1774284645000,17.14,17.12,22454,10970.0,1774285105000,17.04,17.03,26671,9687.5,1793
1774285165000,1774285165000,17.04,17.1,17.02,17.05,1774284930000,17.1,17.09,2361,0.0,1774285105000,17.04,17.03,26671,9687.5,17.07,17.14,17.02,17.05,1774284645000,17.14,17.12,22454,10970.0,1774285105000,17.04,17.03,26671,9687.5,1794
1774285170000,1774285170000,17.05,17.1,17.02,17.05,1774284930000,17.1,17.09,2361,0.0,1774285105000,17.04,17.03,26671,9687.5,17.07,17.14,17.02,17.05,1774284645000,17.14,17.12,22454,10970.0,1774285105000,17.04,17.03,26671,9687.5,1795
1774285175000,1774285175000,17.05,17.1,17.02,17.06,1774284930000,17.1,17.09,2361,0.0,1774285105000,17.04,17.03,26671,9687.5,17.09,17.14,17.02,17.06,1774284645000,17.14,17.12,22454,10970.0,1774285105000,17.04,17.03,26671,9687.5,1796
1774285180000,1774285180000,17.05,17.1,17.02,17.05,1774284930000,17.1,17.09,2361,0.0,1774285105000,17.04,17.03,26671,9687.5,17.09,17.14,17.02,17.05,1774284645000,17.14,17.12,22454,10970.0,1774285105000,17.04,17.03,26671,9687.5,1797
1774285185000,1774285185000,17.05,17.1,17.02,17.05,1774284930000,17.1,17.09,2361,0.0,1774285105000,17.04,17.03,26671,9687.5,17.09,17.14,17.02,17.05,1774284645000,17.14,17.12,22454,10970.0,1774285105000,17.04,17.03,26671,9687.5,1798
1774285190000,1774285190000,17.05,17.1,17.02,17.06,1774284930000,17.1,17.09,2361,0.0,1774285105000,17.04,17.03,26671,9687.5,17.09,17.14,17.02,17.06,1774284645000,17.14,17.12,22454,10970.0,1774285105000,17.04,17.03,26671,9687.5,1799
1774285195000,1774285195000,17.06,17.1,17.02,17.06,1774284930000,17.1,17.09,2361,0.0,1774285105000,17.04,17.03,26671,9687.5,17.08,17.14,17.02,17.06,1774284645000,17.14,17.12,22454,10970.0,1774285105000,17.04,17.03,26671,9687.5,1800
1774285200000,1774285200000,17.09,17.1,17.02,17.07,1774284930000,17.1,17.09,2361,0.0,1774285105000,17.04,17.03,26671,9687.5,17.07,17.14,17.02,17.07,1774284645000,17.14,17.12,22454,10970.0,1774285105000,17.04,17.03,26671,9687.5,1801
1774285205000,1774285205000,17.09,17.1,17.02,17.09,1774285205000,17.08,17.09,18593,4869.0,1774285105000,17.04,17.03,26671,9687.5,17.07,17.14,17.02,17.09,1774284645000,17.14,17.12,22454,10970.0,1774285105000,17.04,17.03,26671,9687.5,1802
1774285210000,1774285210000,17.09,17.1,17.02,17.09,1774285205000,17.08,17.09,18593,4669.0,1774285105000,17.04,17.03,26671,9687.5,17.07,17.14,17.02,17.09,1774284645000,17.14,17.12,22454,10970.0,1774285105000,17.04,17.03,26671,9687.5,1803
1774285215000,1774285215000,17.05,17.1,17.02,17.07,1774285205000,17.08,17.09,18593,4669.0,1774285105000,17.04,17.03,26671,9687.5,17.07,17.14,17.02,17.07,1774284645000,17.14,17.12,22454,10970.0,1774285105000,17.04,17.03,26671,9687.5,1804
1774285220000,1774285220000,17.07,17.1,17.02,17.08,1774285205000,17.08,17.09,18593,4669.0,1774285105000,17.04,17.03,26671,9687.5,17.09,17.14,17.02,17.08,1774284645000,17.14,17.12,22454,10970.0,1774285105000,17.04,17.03,26671,9687.5,1805
1774285225000,1774285225000,17.07,17.1,17.02,17.09,1774285205000,17.08,17.09,18593,4669.0,1774285105000,17.04,17.03,26671,9687.5,17.09,17.14,17.02,17.09,1774284645000,17.14,17.12,22454,10970.0,1774285105000,17.04,17.03,26671,9687.5,1806
1774285230000,1774285230000,17.07,17.1,17.02,17.09,1774285205000,17.08,17.09,18593,4669.0,1774285105000,17.04,17.03,26671,9687.5,17.09,17.14,17.02,17.09,1774284645000,17.14,17.12,22454,10970.0,1774285105000,17.04,17.03,26671,9687.5,1807
1774285235000,1774285235000,17.09,17.1,17.02,17.1,1774285235000,17.09,17.1,26534,26284.0,1774285105000,17.04,17.03,26671,9687.5,17.09,17.14,17.02,17.1,1774284645000,17.14,17.12,22454,10970.0,1774285105000,17.04,17.03,26671,9687.5,1808
1774285240000,1774285240000,17.08,17.11,17.02,17.09,1774285240000,17.1,17.09,26788,13521.0,1774285105000,17.04,17.03,26671,9687.5,17.1,17.14,17.02,17.09,1774284645000,17.14,17.12,22454,10970.0,1774285105000,17.04,17.03,26671,9687.5,1809
1774285245000,1774285245000,17.07,17.11,17.02,17.1,1774285240000,17.1,17.09,26788,9221.0,1774285105000,17.04,17.03,26671,9687.5,17.09,17.14,17.02,17.1,1774284645000,17.14,17.12,22454,10970.0,1774285105000,17.04,17.03,26671,9687.5,1810
1774285250000,1774285250000,17.07,17.11,17.02,17.09,1774285240000,17.1,17.09,26788,9221.0,1774285105000,17.04,17.03,26671,9687.5,17.08,17.14,17.02,17.09,1774284645000,17.14,17.12,22454,10970.0,1774285105000,17.04,17.03,26671,9687.5,1811
1774285255000,1774285255000,17.07,17.11,17.02,17.09,1774285240000,17.1,17.09,26788,9221.0,1774285105000,17.04,17.03,26671,9687.5,17.08,17.14,17.02,17.09,1774284645000,17.14,17.12,22454,10970.0,1774285105000,17.04,17.03,26671,9687.5,1812
1774285260000,1774285260000,17.07,17.11,17.02,17.1,1774285240000,17.1,17.09,26788,9221.0,1774285105000,17.04,17.03,26671,9687.5,17.09,17.14,17.02,17.1,1774284645000,17.14,17.12,22454,10970.0,1774285105000,17.04,17.03,26671,9687.5,1813
1774285265000,1774285265000,17.07,17.11,17.02,17.1,1774285240000,17.1,17.09,26788,9221.0,1774285105000,17.04,17.03,26671,9687.5,17.09,17.14,17.02,17.1,1774284645000,17.14,17.12,22454,10970.0,1774285105000,17.04,17.03,26671,9687.5,1814
1774285270000,1774285270000,17.07,17.11,17.02,17.08,1774285240000,17.1,17.09,26788,9221.0,1774285105000,17.04,17.03,26671,9687.5,17.1,17.14,17.02,17.08,1774284645000,17.14,17.12,22454,10970.0,1774285105000,17.04,17.03,26671,9687.5,1815
1774285275000,1774285275000,17.07,17.11,17.02,17.07,1774285240000,17.1,17.09,26788,9221.0,1774285105000,17.04,17.03,26671,9687.5,17.1,17.14,17.02,17.07,1774284645000,17.14,17.12,22454,10970.0,1774285105000,17.04,17.03,26671,9687.5,1816
1774285280000,1774285280000,17.07,17.11,17.02,17.07,1774285240000,17.1,17.09,26788,9221.0,1774285105000,17.04,17.03,26671,9687.5,17.1,17.14,17.02,17.07,1774284645000,17.14,17.12,22454,10970.0,1774285105000,17.04,17.03,26671,9687.5,1817
1774285285000,1774285285000,17.07,17.11,17.02,17.06,1774285240000,17.1,17.09,26788,9221.0,1774285105000,17.04,17.03,26671,9687.5,17.1,17.14,17.02,17.06,1774284645000,17.14,17.12,22454,10970.0,1774285105000,17.04,17.03,26671,9687.5,1818
1774285290000,1774285290000,17.07,17.11,17.02,17.07,1774285240000,17.1,17.09,26788,9221.0,1774285105000,17.04,17.03,26671,9687.5,17.1,17.14,17.02,17.07,1774284645000,17.14,17.12,22454,10970.0,1774285105000,17.04,17.03,26671,9687.5,1819
1774285295000,1774285295000,17.06,17.11,17.02,17.1,1774285240000,17.1,17.09,26788,9221.0,1774285105000,17.04,17.03,26671,9687.5,17.1,17.14,17.02,17.1,1774284645000,17.14,17.12,22454,10970.0,1774285105000,17.04,17.03,26671,9687.5,1820
1774285300000,1774285300000,17.07,17.11,17.02,17.09,1774285240000,17.1,17.09,26788,9221.0,1774285105000,17.04,17.03,26671,9687.5,17.1,17.14,17.02,17.09,1774284645000,17.14,17.12,22454,10970.0,1774285105000,17.04,17.03,26671,9687.5,1821
1774285305000,1774285305000,17.07,17.11,17.02,17.1,1774285240000,17.1,17.09,26788,9221.0,1774285105000,17.04,17.03,26671,9687.5,17.1,17.14,17.02,17.1,1774284645000,17.14,17.12,22454,10970.0,1774285105000,17.04,17.03,26671,9687.5,1822
1774285310000,1774285310000,17.06,17.11,17.02,17.08,1774285240000,17.1,17.09,26788,9221.0,1774285105000,17.04,17.03,26671,9687.5,17.12,17.14,17.02,17.08,1774284645000,17.14,17.12,22454,10970.0,1774285105000,17.04,17.03,26671,9687.5,1823
1774285315000,1774285315000,17.06,17.11,17.02,17.07,1774285240000,17.1,17.09,26788,9221.0,1774285105000,17.04,17.03,26671,9687.5,17.12,17.14,17.02,17.07,1774284645000,17.14,17.12,22454,10970.0,1774285105000,17.04,17.03,26671,9687.5,1824
1774285320000,1774285320000,17.07,17.11,17.02,17.08,1774285240000,17.1,17.09,26788,9221.0,1774285105000,17.04,17.03,26671,9687.5,17.13,17.14,17.02,17.08,1774284645000,17.14,17.12,22454,10970.0,1774285105000,17.04,17.03,26671,9687.5,1825
1774285325000,1774285325000,17.05,17.11,17.02,17.07,1774285240000,17.1,17.09,26788,9221.0,1774285105000,17.04,17.03,26671,9687.5,17.13,17.14,17.02,17.07,1774284645000,17.14,17.12,22454,10970.0,1774285105000,17.04,17.03,26671,9687.5,1826
1774285330000,1774285330000,17.05,17.11,17.02,17.07,1774285240000,17.1,17.09,26788,9221.0,1774285105000,17.04,17.03,26671,9687.5,17.13,17.14,17.02,17.07,1774284645000,17.14,17.12,22454,10970.0,1774285105000,17.04,17.03,26671,9687.5,1827
1774285335000,1774285335000,17.07,17.11,17.02,17.1,1774285240000,17.1,17.09,26788,9221.0,1774285105000,17.04,17.03,26671,9687.5,17.13,17.14,17.02,17.1,1774284645000,17.14,17.12,22454,10970.0,1774285105000,17.04,17.03,26671,9687.5,1828
1774285340000,1774285340000,17.07,17.11,17.02,17.09,1774285240000,17.1,17.09,26788,9221.0,1774285105000,17.04,17.03,26671,9687.5,17.13,17.14,17.02,17.09,1774284645000,17.14,17.12,22454,10970.0,1774285105000,17.04,17.03,26671,9687.5,1829
1774285345000,1774285345000,17.07,17.11,17.02,17.09,1774285240000,17.1,17.09,26788,9221.0,1774285105000,17.04,17.03,26671,9687.5,17.14,17.14,17.02,17.09,1774284645000,17.14,17.12,22454,10970.0,1774285105000,17.04,17.03,26671,9687.5,1830
1774285350000,1774285350000,17.07,17.11,17.02,17.08,1774285240000,17.1,17.09,26788,9221.0,1774285105000,17.04,17.03,26671,9687.5,17.14,17.14,17.02,17.08,1774284645000,17.14,17.12,22454,10970.0,1774285105000,17.04,17.03,26671,9687.5,1831
1774285355000,1774285355000,17.07,17.11,17.02,17.08,1774285240000,17.1,17.09,26788,9221.0,1774285105000,17.04,17.03,26671,9687.5,17.14,17.14,17.02,17.08,1774284645000,17.14,17.12,22454,10970.0,1774285105000,17.04,17.03,26671,9687.5,1832
1774285360000,1774285360000,17.07,17.11,17.02,17.07,1774285240000,17.1,17.09,26788,9221.0,1774285105000,17.04,17.03,26671,9687.5,17.14,17.14,17.02,17.07,1774284645000,17.14,17.12,22454,10970.0,1774285105000,17.04,17.03,26671,9687.5,1833
1774285365000,1774285365000,17.07,17.11,17.02,17.05,1774285240000,17.1,17.09,26788,9221.0,1774285105000,17.04,17.03,26671,9687.5,17.14,17.14,17.02,17.05,1774284645000,17.14,17.12,22454,10970.0,1774285105000,17.04,17.03,26671,9687.5,1834
1774285370000,1774285370000,17.07,17.11,17.02,17.05,1774285240000,17.1,17.09,26788,9221.0,1774285105000,17.04,17.03,26671,9687.5,17.14,17.14,17.02,17.05,1774284645000,17.14,17.12,22454,10970.0,1774285105000,17.04,17.03,26671,9687.5,1835
1774285375000,1774285375000,17.07,17.11,17.02,17.05,1774285240000,17.1,17.09,26788,9221.0,1774285105000,17.04,17.03,26671,9687.5,17.14,17.14,17.02,17.05,1774284645000,17.14,17.12,22454,10970.0,1774285105000,17.04,17.03,26671,9687.5,1836
1774285380000,1774285380000,17.07,17.11,17.02,17.06,1774285240000,17.1,17.09,26788,9221.0,1774285105000,17.04,17.03,26671,9687.5,17.12,17.12,17.02,17.06,1774284660000,17.12,17.11,8472,5103.5,1774285105000,17.04,17.03,26671,9687.5,1837
1774285385000,1774285385000,17.07,17.11,17.02,17.05,1774285240000,17.1,17.09,26788,9221.0,1774285105000,17.04,17.03,26671,9687.5,17.12,17.12,17.02,17.05,1774284660000,17.12,17.11,8472,5103.5,1774285105000,17.04,17.03,26671,9687.5,1838
1774285390000,1774285390000,17.06,17.11,17.02,17.05,1774285240000,17.1,17.09,26788,9221.0,1774285105000,17.04,17.03,26671,9687.5,17.09,17.11,17.02,17.05,1774285240000,17.1,17.09,26788,9221.0,1774285105000,17.04,17.03,26671,9687.5,1839
1774285395000,1774285395000,17.07,17.11,17.02,17.06,1774285240000,17.1,17.09,26788,9221.0,1774285105000,17.04,17.03,26671,9687.5,17.09,17.11,17.02,17.06,1774285240000,17.1,17.09,26788,9221.0,1774285105000,17.04,17.03,26671,9687.5,1840
1774285400000,1774285400000,17.06,17.11,17.02,17.05,1774285240000,17.1,17.09,26788,9221.0,1774285105000,17.04,17.03,26671,9687.5,17.1,17.11,17.02,17.05,1774285240000,17.1,17.09,26788,9221.0,1774285105000,17.04,17.03,26671,9687.5,1841
1774285405000,1774285405000,17.06,17.11,17.02,17.05,1774285240000,17.1,17.09,26788,9221.0,1774285105000,17.04,17.03,26671,9687.5,17.08,17.11,17.02,17.05,1774285240000,17.1,17.09,26788,9221.0,1774285105000,17.04,17.03,26671,9687.5,1842
1774285410000,1774285410000,17.06,17.11,17.02,17.05,1774285240000,17.1,17.09,26788,9221.0,1774285105000,17.04,17.03,26671,9687.5,17.08,17.11,17.02,17.05,1774285240000,17.1,17.09,26788,9221.0,1774285105000,17.04,17.03,26671,9687.5,1843
1774285415000,1774285415000,17.05,17.11,17.02,17.05,1774285240000,17.1,17.09,26788,9221.0,1774285105000,17.04,17.03,26671,9687.5,17.1,17.11,17.02,17.05,1774285240000,17.1,17.09,26788,9221.0,1774285105000,17.04,17.03,26671,9687.5,1844
1774285420000,1774285420000,17.05,17.11,17.02,17.07,1774285240000,17.1,17.09,26788,9221.0,1774285105000,17.04,17.03,26671,9687.5,17.1,17.11,17.02,17.07,1774285240000,17.1,17.09,26788,9221.0,1774285105000,17.04,17.03,26671,9687.5,1845
1774285425000,1774285425000,17.05,17.11,17.02,17.06,1774285240000,17.1,17.09,26788,9221.0,1774285105000,17.04,17.03,26671,9687.5,17.1,17.11,17.02,17.06,1774285240000,17.1,17.09,26788,9221.0,1774285105000,17.04,17.03,26671,9687.5,1846
1774285430000,1774285430000,17.05,17.11,17.02,17.05,1774285240000,17.1,17.09,26788,9221.0,1774285105000,17.04,17.03,26671,9687.5,17.1,17.11,17.02,17.05,1774285240000,17.1,17.09,26788,9221.0,1774285105000,17.04,17.03,26671,9687.5,1847
1774285435000,1774285435000,17.05,17.11,17.02,17.05,1774285240000,17.1,17.09,26788,9221.0,1774285105000,17.04,17.03,26671,9687.5,17.08,17.11,17.02,17.05,1774285240000,17.1,17.09,26788,9221.0,1774285105000,17.04,17.03,26671,9687.5,1848
1774285440000,1774285440000,17.06,17.11,17.02,17.07,1774285240000,17.1,17.09,26788,9221.0,1774285105000,17.04,17.03,26671,9687.5,17.07,17.11,17.02,17.07,1774285240000,17.1,17.09,26788,9221.0,1774285105000,17.04,17.03,26671,9687.5,1849
1774285445000,1774285445000,17.06,17.11,17.02,17.07,1774285240000,17.1,17.09,26788,9221.0,1774285105000,17.04,17.03,26671,9687.5,17.07,17.11,17.02,17.07,1774285240000,17.1,17.09,26788,9221.0,1774285105000,17.04,17.03,26671,9687.5,1850
1774285450000,1774285450000,17.06,17.11,17.02,17.07,1774285240000,17.1,17.09,26788,9221.0,1774285105000,17.04,17.03,26671,9687.5,17.06,17.11,17.02,17.07,1774285240000,17.1,17.09,26788,9221.0,1774285105000,17.04,17.03,26671,9687.5,1851
1774285455000,1774285455000,17.05,17.11,17.02,17.07,1774285240000,17.1,17.09,26788,9221.0,1774285105000,17.04,17.03,26671,9687.5,17.07,17.11,17.02,17.07,1774285240000,17.1,17.09,26788,9221.0,1774285105000,17.04,17.03,26671,9687.5,1852
1774285460000,1774285460000,17.04,17.11,17.02,17.07,1774285240000,17.1,17.09,26788,9221.0,1774285105000,17.04,17.03,26671,9687.5,17.07,17.11,17.02,17.07,1774285240000,17.1,17.09,26788,9221.0,1774285105000,17.04,17.03,26671,9687.5,1853
1774285465000,1774285465000,17.05,17.11,17.02,17.07,1774285240000,17.1,17.09,26788,9221.0,1774285105000,17.04,17.03,26671,9687.5,17.07,17.11,17.02,17.07,1774285240000,17.1,17.09,26788,9221.0,1774285105000,17.04,17.03,26671,9687.5,1854
1774285470000,1774285470000,17.05,17.11,17.02,17.07,1774285240000,17.1,17.09,26788,9221.0,1774285105000,17.04,17.03,26671,9687.5,17.07,17.11,17.02,17.07,1774285240000,17.1,17.09,26788,9221.0,1774285105000,17.04,17.03,26671,9687.5,1855
1774285475000,1774285475000,17.05,17.11,17.02,17.06,1774285240000,17.1,17.09,26788,9221.0,1774285105000,17.04,17.03,26671,9687.5,17.07,17.11,17.02,17.06,1774285240000,17.1,17.09,26788,9221.0,1774285105000,17.04,17.03,26671,9687.5,1856
1774285480000,1774285480000,17.05,17.11,17.02,17.06,1774285240000,17.1,17.09,26788,9221.0,1774285105000,17.04,17.03,26671,9687.5,17.07,17.11,17.02,17.06,1774285240000,17.1,17.09,26788,9221.0,1774285105000,17.04,17.03,26671,9687.5,1857
1774285485000,1774285485000,17.04,17.11,17.02,17.06,1774285240000,17.1,17.09,26788,9221.0,1774285105000,17.04,17.03,26671,9687.5,17.07,17.11,17.02,17.06,1774285240000,17.1,17.09,26788,9221.0,1774285105000,17.04,17.03,26671,9687.5,1858
1774285490000,1774285490000,17.04,17.11,17.02,17.07,1774285240000,17.1,17.09,26788,9221.0,1774285105000,17.04,17.03,26671,9687.5,17.06,17.11,17.02,17.07,1774285240000,17.1,17.09,26788,9221.0,1774285105000,17.04,17.03,26671,9687.5,1859
1774285495000,1774285495000,17.04,17.11,17.02,17.06,1774285240000,17.1,17.09,26788,9221.0,1774285105000,17.04,17.03,26671,9687.5,17.06,17.11,17.02,17.06,1774285240000,17.1,17.09,26788,9221.0,1774285105000,17.04,17.03,26671,9687.5,1860
1774285500000,1774285500000,17.04,17.11,17.03,17.05,1774285240000,17.1,17.09,26788,9221.0,1774285110000,17.04,17.04,26218,7054.5,17.05,17.11,17.02,17.05,1774285240000,17.1,17.09,26788,9221.0,1774285105000,17.04,17.03,26671,9687.5,1861
1774285505000,1774285505000,17.04,17.11,17.03,17.05,1774285240000,17.1,17.09,26788,9221.0,1774285110000,17.04,17.04,26218,7054.5,17.05,17.11,17.02,17.05,1774285240000,17.1,17.09,26788,9221.0,1774285105000,17.04,17.03,26671,9687.5,1862
1774285510000,1774285510000,17.05,17.11,17.04,17.05,1774285240000,17.1,17.09,26788,9221.0,1774285510000,17.05,17.05,27800,16371.0,17.05,17.11,17.02,17.05,1774285240000,17.1,17.09,26788,9221.0,1774285105000,17.04,17.03,26671,9687.5,1863
1774285515000,1774285515000,17.05,17.11,17.04,17.05,1774285240000,17.1,17.09,26788,9221.0,1774285510000,17.05,17.05,27800,15471.0,17.05,17.11,17.02,17.05,1774285240000,17.1,17.09,26788,9221.0,1774285105000,17.04,17.03,26671,9687.5,1864
1774285520000,1774285520000,17.05,17.11,17.04,17.06,1774285240000,17.1,17.09,26788,9221.0,1774285510000,17.05,17.05,27800,15471.0,17.05,17.11,17.02,17.06,1774285240000,17.1,17.09,26788,9221.0,1774285105000,17.04,17.03,26671,9687.5,1865
1774285525000,1774285525000,17.07,17.11,17.04,17.05,1774285240000,17.1,17.09,26788,9221.0,1774285510000,17.05,17.05,27800,15471.0,17.05,17.11,17.02,17.05,1774285240000,17.1,17.09,26788,9221.0,1774285105000,17.04,17.03,26671,9687.5,1866
1774285530000,1774285530000,17.07,17.11,17.04,17.05,1774285240000,17.1,17.09,26788,9221.0,1774285510000,17.05,17.05,27800,15471.0,17.06,17.11,17.02,17.05,1774285240000,17.1,17.09,26788,9221.0,1774285105000,17.04,17.03,26671,9687.5,1867
1774285535000,1774285535000,17.07,17.11,17.04,17.07,1774285240000,17.1,17.09,26788,9221.0,1774285510000,17.05,17.05,27800,15471.0,17.09,17.11,17.02,17.07,1774285240000,17.1,17.09,26788,9221.0,1774285105000,17.04,17.03,26671,9687.5,1868
1774285540000,1774285540000,17.08,17.11,17.04,17.06,1774285240000,17.1,17.09,26788,9221.0,1774285510000,17.05,17.05,27800,15471.0,17.09,17.11,17.02,17.06,1774285240000,17.1,17.09,26788,9221.0,1774285105000,17.04,17.03,26671,9687.5,1869
1774285545000,1774285545000,17.08,17.11,17.04,17.06,1774285240000,17.1,17.09,26788,9221.0,1774285510000,17.05,17.05,27800,15471.0,17.09,17.11,17.02,17.06,1774285240000,17.1,17.09,26788,9221.0,1774285105000,17.04,17.03,26671,9687.5,1870
1774285550000,1774285550000,17.08,17.11,17.04,17.06,1774285240000,17.1,17.09,26788,9221.0,1774285510000,17.05,17.05,27800,15471.0,17.09,17.11,17.02,17.06,1774285240000,17.1,17.09,26788,9221.0,1774285105000,17.04,17.03,26671,9687.5,1871
1774285555000,1774285555000,17.09,17.11,17.04,17.05,1774285240000,17.1,17.09,26788,9221.0,1774285510000,17.05,17.05,27800,15471.0,17.09,17.11,17.02,17.05,1774285240000,17.1,17.09,26788,9221.0,1774285105000,17.04,17.03,26671,9687.5,1872
1774285560000,1774285560000,17.09,17.11,17.04,17.05,1774285240000,17.1,17.09,26788,9221.0,1774285560000,17.05,17.05,13284,9000.0,17.09,17.11,17.02,17.05,1774285240000,17.1,17.09,26788,9221.0,1774285105000,17.04,17.03,26671,9687.5,1873
1774285565000,1774285565000,17.09,17.11,17.04,17.05,1774285240000,17.1,17.09,26788,9221.0,1774285565000,17.04,17.05,41263,34621.0,17.07,17.11,17.02,17.05,1774285240000,17.1,17.09,26788,9221.0,1774285105000,17.04,17.03,26671,9687.5,1874
1774285570000,1774285570000,17.1,17.11,17.04,17.04,1774285240000,17.1,17.09,26788,9221.0,1774285570000,17.05,17.04,16691,0.0,17.09,17.11,17.02,17.04,1774285240000,17.1,17.09,26788,9221.0,1774285105000,17.04,17.03,26671,9687.5,1875
1774285575000,1774285575000,17.1,17.11,17.04,17.05,1774285240000,17.1,17.09,26788,9221.0,1774285575000,17.05,17.05,8200,0.0,17.1,17.11,17.02,17.05,1774285240000,17.1,17.09,26788,9221.0,1774285105000,17.04,17.03,26671,9687.5,1876
1774285580000,1774285580000,17.1,17.11,17.04,17.05,1774285240000,17.1,17.09,26788,9221.0,1774285580000,17.04,17.05,13150,9050.0,17.08,17.11,17.02,17.05,1774285240000,17.1,17.09,26788,9221.0,1774285105000,17.04,17.03,26671,9687.5,1877
1774285585000,1774285585000,17.09,17.1,17.04,17.05,1774285340000,17.09,17.09,8740,1326.0,1774285585000,17.05,17.05,6961,386.0,17.08,17.11,17.02,17.05,1774285240000,17.1,17.09,26788,9221.0,1774285105000,17.04,17.03,26671,9687.5,1878
1774285590000,1774285590000,17.09,17.1,17.04,17.05,1774285340000,17.09,17.09,8740,1326.0,1774285590000,17.05,17.05,18092,14611.5,17.07,17.11,17.02,17.05,1774285240000,17.1,17.09,26788,9221.0,1774285105000,17.04,17.03,26671,9687.5,1879
1774285595000,1774285595000,17.09,17.1,17.04,17.05,1774285340000,17.09,17.09,8740,1326.0,1774285595000,17.05,17.05,18539,9493.0,17.07,17.11,17.02,17.05,1774285240000,17.1,17.09,26788,9221.0,1774285105000,17.04,17.03,26671,9687.5,1880
1774285600000,1774285600000,17.1,17.1,17.04,17.05,1774285340000,17.09,17.09,8740,1326.0,1774285600000,17.05,17.05,15880,6610.5,17.07,17.11,17.02,17.05,1774285240000,17.1,17.09,26788,9221.0,1774285105000,17.04,17.03,26671,9687.5,1881
1774285605000,1774285605000,17.09,17.1,17.04,17.05,1774285340000,17.09,17.09,8740,1326.0,1774285605000,17.04,17.05,7461,0.0,17.07,17.11,17.02,17.05,1774285240000,17.1,17.09,26788,9221.0,1774285105000,17.04,17.03,26671,9687.5,1882
1774285610000,1774285610000,17.08,17.1,17.04,17.05,1774285340000,17.09,17.09,8740,1326.0,1774285610000,17.05,17.05,18124,14393.5,17.07,17.11,17.02,17.05,1774285240000,17.1,17.09,26788,9221.0,1774285105000,17.04,17.03,26671,9687.5,1883
1774285615000,1774285615000,17.08,17.1,17.04,17.05,1774285340000,17.09,17.09,8740,1326.0,1774285610000,17.05,17.05,18124,13281.0,17.07,17.11,17.02,17.05,1774285240000,17.1,17.09,26788,9221.0,1774285105000,17.04,17.03,26671,9687.5,1884
1774285620000,1774285620000,17.08,17.1,17.04,17.07,1774285340000,17.09,17.09,8740,1326.0,1774285610000,17.05,17.05,18124,13281.0,17.07,17.11,17.02,17.07,1774285240000,17.1,17.09,26788,9221.0,1774285105000,17.04,17.03,26671,9687.5,1885
1774285625000,1774285625000,17.1,17.1,17.04,17.07,1774285340000,17.09,17.09,8740,1326.0,1774285610000,17.05,17.05,18124,13281.0,17.06,17.11,17.02,17.07,1774285240000,17.1,17.09,26788,9221.0,1774285105000,17.04,17.03,26671,9687.5,1886
1774285630000,1774285630000,17.1,17.1,17.04,17.06,1774285340000,17.09,17.09,8740,1326.0,1774285610000,17.05,17.05,18124,13281.0,17.07,17.11,17.02,17.06,1774285240000,17.1,17.09,26788,9221.0,1774285105000,17.04,17.03,26671,9687.5,1887
1774285635000,1774285635000,17.1,17.1,17.04,17.05,1774285340000,17.09,17.09,8740,1326.0,1774285610000,17.05,17.05,18124,13281.0,17.07,17.11,17.02,17.05,1774285240000,17.1,17.09,26788,9221.0,1774285105000,17.04,17.03,26671,9687.5,1888
1774285640000,1774285640000,17.1,17.1,17.04,17.06,1774285340000,17.09,17.09,8740,1326.0,1774285610000,17.05,17.05,18124,13281.0,17.07,17.11,17.02,17.06,1774285240000,17.1,17.09,26788,9221.0,1774285105000,17.04,17.03,26671,9687.5,1889
1774285645000,1774285645000,17.1,17.1,17.04,17.07,1774285340000,17.09,17.09,8740,1326.0,1774285610000,17.05,17.05,18124,13281.0,17.07,17.11,17.02,17.07,1774285240000,17.1,17.09,26788,9221.0,1774285105000,17.04,17.03,26671,9687.5,1890
1774285650000,1774285650000,17.09,17.1,17.04,17.05,1774285340000,17.09,17.09,8740,1326.0,1774285650000,17.06,17.05,28397,25397.0,17.06,17.11,17.02,17.05,1774285240000,17.1,17.09,26788,9221.0,1774285105000,17.04,17.03,26671,9687.5,1891
1774285655000,1774285655000,17.08,17.1,17.04,17.05,1774285340000,17.09,17.09,8740,1326.0,1774285655000,17.05,17.05,21970,7771.5,17.05,17.11,17.02,17.05,1774285240000,17.1,17.09,26788,9221.0,1774285105000,17.04,17.03,26671,9687.5,1892
1774285660000,1774285660000,17.08,17.1,17.04,17.05,1774285340000,17.09,17.09,8740,1326.0,1774285655000,17.05,17.05,21970,4337.0,17.07,17.11,17.02,17.05,1774285240000,17.1,17.09,26788,9221.0,1774285105000,17.04,17.03,26671,9687.5,1893
1774285665000,1774285665000,17.09,17.09,17.04,17.07,1774285355000,17.09,17.08,14356,11739.0,1774285655000,17.05,17.05,21970,4337.0,17.07,17.11,17.02,17.07,1774285240000,17.1,17.09,26788,9221.0,1774285105000,17.04,17.03,26671,9687.5,1894
1774285670000,1774285670000,17.06,17.08,17.04,17.05,1774285540000,17.07,17.06,20269,6857.0,1774285655000,17.05,17.05,21970,4337.0,17.07,17.11,17.02,17.05,1774285240000,17.1,17.09,26788,9221.0,1774285105000,17.04,17.03,26671,9687.5,1895
1774285675000,1774285675000,17.06,17.08,17.04,17.05,1774285540000,17.07,17.06,20269,6857.0,1774285655000,17.05,17.05,21970,4337.0,17.07,17.11,17.02,17.05,1774285240000,17.1,17.09,26788,9221.0,1774285105000,17.04,17.03,26671,9687.5,1896
1774285680000,1774285680000,17.05,17.08,17.04,17.05,1774285540000,17.07,17.06,20269,6857.0,1774285680000,17.05,17.05,21863,20763.0,17.07,17.11,17.02,17.05,1774285240000,17.1,17.09,26788,9221.0,1774285105000,17.04,17.03,26671,9687.5,1897
1774285685000,1774285685000,17.05,17.08,17.04,17.05,1774285540000,17.07,17.06,20269,6857.0,1774285685000,17.05,17.05,1313,0.0,17.07,17.11,17.02,17.05,1774285240000,17.1,17.09,26788,9221.0,1774285105000,17.04,17.03,26671,9687.5,1898
1774285690000,1774285690000,17.05,17.08,17.03,17.04,1774285540000,17.07,17.06,20269,6857.0,1774285690000,17.04,17.04,14877,14220.5,17.06,17.11,17.02,17.04,1774285240000,17.1,17.09,26788,9221.0,1774285105000,17.04,17.03,26671,9687.5,1899
1774285695000,1774285695000,17.05,17.08,17.03,17.03,1774285540000,17.07,17.06,20269,6857.0,1774285695000,17.04,17.03,13608,6169.5,17.07,17.11,17.02,17.03,1774285240000,17.1,17.09,26788,9221.0,1774285105000,17.04,17.03,26671,9687.5,1900
1774285700000,1774285700000,17.05,17.08,17.03,17.04,1774285540000,17.07,17.06,20269,6857.0,1774285700000,17.03,17.04,300,0.0,17.07,17.11,17.02,17.04,1774285240000,17.1,17.09,26788,9221.0,1774285105000,17.04,17.03,26671,9687.5,1901
1774285705000,1774285705000,17.05,17.08,17.03,17.05,1774285540000,17.07,17.06,20269,6857.0,1774285705000,17.04,17.05,12163,12013.0,17.07,17.11,17.02,17.05,1774285240000,17.1,17.09,26788,9221.0,1774285105000,17.04,17.03,26671,9687.5,1902
1774285710000,1774285710000,17.05,17.08,17.03,17.05,1774285540000,17.07,17.06,20269,6857.0,1774285705000,17.04,17.05,12163,3030.5,17.06,17.11,17.02,17.05,1774285240000,17.1,17.09,26788,9221.0,1774285105000,17.04,17.03,26671,9687.5,1903
1774285715000,1774285715000,17.05,17.08,17.03,17.05,1774285540000,17.07,17.06,20269,6857.0,1774285705000,17.04,17.05,12163,3030.5,17.06,17.11,17.02,17.05,1774285240000,17.1,17.09,26788,9221.0,1774285105000,17.04,17.03,26671,9687.5,1904
1774285720000,1774285720000,17.05,17.08,17.03,17.05,1774285540000,17.07,17.06,20269,6857.0,1774285705000,17.04,17.05,12163,3030.5,17.06,17.11,17.02,17.05,1774285240000,17.1,17.09,26788,9221.0,1774285105000,17.04,17.03,26671,9687.5,1905
1774285725000,1774285725000,17.05,17.08,17.03,17.07,1774285540000,17.07,17.06,20269,6857.0,1774285705000,17.04,17.05,12163,3030.5,17.06,17.11,17.02,17.07,1774285240000,17.1,17.09,26788,9221.0,1774285105000,17.04,17.03,26671,9687.5,1906
1774285730000,1774285730000,17.05,17.08,17.03,17.07,1774285730000,17.07,17.07,9191,7557.5,1774285705000,17.04,17.05,12163,3030.5,17.05,17.11,17.02,17.07,1774285240000,17.1,17.09,26788,9221.0,1774285105000,17.04,17.03,26671,9687.5,1907
1774285735000,1774285735000,17.05,17.08,17.03,17.07,1774285735000,17.07,17.07,2493,0.0,1774285705000,17.04,17.05,12163,3030.5,17.05,17.11,17.02,17.07,1774285240000,17.1,17.09,26788,9221.0,1774285105000,17.04,17.03,26671,9687.5,1908
1774285740000,1774285740000,17.06,17.1,17.03,17.1,1774285740000,17.07,17.1,7972,6725.5,1774285705000,17.04,17.05,12163,3030.5,17.05,17.11,17.02,17.1,1774285240000,17.1,17.09,26788,9221.0,1774285105000,17.04,17.03,26671,9687.5,1909
1774285745000,1774285745000,17.05,17.1,17.03,17.09,1774285745000,17.09,17.09,17046,13060.0,1774285705000,17.04,17.05,12163,3030.5,17.05,17.11,17.02,17.09,1774285240000,17.1,17.09,26788,9221.0,1774285105000,17.04,17.03,26671,9687.5,1910
1774285750000,1774285750000,17.05,17.1,17.03,17.08,1774285750000,17.09,17.08,10183,1660.0,1774285705000,17.04,17.05,12163,3030.5,17.05,17.11,17.02,17.08,1774285240000,17.1,17.09,26788,9221.0,1774285105000,17.04,17.03,26671,9687.5,1911
1774285755000,1774285755000,17.05,17.1,17.03,17.1,1774285755000,17.09,17.1,11365,6273.5,1774285705000,17.04,17.05,12163,3030.5,17.06,17.11,17.02,17.1,1774285240000,17.1,17.09,26788,9221.0,1774285105000,17.04,17.03,26671,9687.5,1912
1774285760000,1774285760000,17.05,17.1,17.03,17.1,1774285760000,17.1,17.1,425,0.0,1774285705000,17.04,17.05,12163,3030.5,17.06,17.11,17.02,17.1,1774285240000,17.1,17.09,26788,9221.0,1774285105000,17.04,17.03,26671,9687.5,1913
1774285765000,1774285765000,17.06,17.11,17.03,17.1,1774285765000,17.1,17.1,17569,17356.5,1774285705000,17.04,17.05,12163,3030.5,17.05,17.11,17.02,17.1,1774285765000,17.1,17.1,17569,17356.5,1774285105000,17.04,17.03,26671,9687.5,1914
1774285770000,1774285770000,17.06,17.12,17.03,17.12,1774285770000,17.11,17.12,12097,3312.5,1774285705000,17.04,17.05,12163,3030.5,17.05,17.12,17.02,17.12,1774285770000,17.11,17.12,12097,3312.5,1774285105000,17.04,17.03,26671,9687.5,1915
1774285775000,1774285775000,17.06,17.12,17.03,17.12,1774285775000,17.11,17.12,13322,7273.5,1774285705000,17.04,17.05,12163,3030.5,17.04,17.12,17.02,17.12,1774285775000,17.11,17.12,13322,7273.5,1774285105000,17.04,17.03,26671,9687.5,1916
1774285780000,1774285780000,17.06,17.13,17.03,17.13,1774285780000,17.13,17.13,4500,0.0,1774285705000,17.04,17.05,12163,3030.5,17.04,17.13,17.02,17.13,1774285780000,17.13,17.13,4500,0.0,1774285105000,17.04,17.03,26671,9687.5,1917
1774285785000,1774285785000,17.07,17.13,17.03,17.13,1774285785000,17.13,17.13,7922,5672.0,1774285705000,17.04,17.05,12163,3030.5,17.04,17.13,17.02,17.13,1774285785000,17.13,17.13,7922,5672.0,1774285105000,17.04,17.03,26671,9687.5,1918
1774285790000,1774285790000,17.07,17.14,17.03,17.14,1774285790000,17.13,17.14,4010,49.0,1774285705000,17.04,17.05,12163,3030.5,17.04,17.14,17.02,17.14,1774285790000,17.13,17.14,4010,49.0,1774285105000,17.04,17.03,26671,9687.5,1919
1774285795000,1774285795000,17.05,17.14,17.03,17.14,1774285795000,17.13,17.14,25802,23797.0,1774285705000,17.04,17.05,12163,3030.5,17.04,17.14,17.03,17.14,1774285795000,17.13,17.14,25802,23797.0,1774285705000,17.04,17.05,12163,3030.5,1920
1774285800000,1774285800000,17.05,17.15,17.03,17.14,1774285800000,17.14,17.14,16101,3200.0,1774285705000,17.04,17.05,12163,3030.5,17.05,17.15,17.03,17.14,1774285800000,17.14,17.14,16101,3200.0,1774285705000,17.04,17.05,12163,3030.5,1921
1774285805000,1774285805000,17.05,17.15,17.03,17.14,1774285805000,17.14,17.14,3800,0.0,1774285705000,17.04,17.05,12163,3030.5,17.05,17.15,17.03,17.14,1774285805000,17.14,17.14,3800,0.0,1774285705000,17.04,17.05,12163,3030.5,1922
1774285810000,1774285810000,17.05,17.15,17.03,17.14,1774285810000,17.14,17.14,3875,1975.0,1774285705000,17.04,17.05,12163,3030.5,17.05,17.15,17.03,17.14,1774285810000,17.14,17.14,3875,1975.0,1774285705000,17.04,17.05,12163,3030.5,1923
1774285815000,1774285815000,17.05,17.16,17.03,17.16,1774285815000,17.14,17.16,187076,185138.5,1774285705000,17.04,17.05,12163,3030.5,17.09,17.16,17.03,17.16,1774285815000,17.14,17.16,187076,185138.5,1774285705000,17.04,17.05,12163,3030.5,1924
1774285820000,1774285820000,17.05,17.16,17.03,17.14,1774285820000,17.16,17.14,19747,0.0,1774285705000,17.04,17.05,12163,3030.5,17.1,17.16,17.03,17.14,1774285820000,17.16,17.14,19747,0.0,1774285705000,17.04,17.05,12163,3030.5,1925
1774285825000,1774285825000,17.04,17.16,17.03,17.14,1774285820000,17.16,17.14,19747,0.0,1774285705000,17.04,17.05,12163,3030.5,17.1,17.16,17.03,17.14,1774285820000,17.16,17.14,19747,0.0,1774285705000,17.04,17.05,12163,3030.5,1926
1774285830000,1774285830000,17.05,17.16,17.03,17.13,1774285820000,17.16,17.14,19747,0.0,1774285705000,17.04,17.05,12163,3030.5,17.09,17.16,17.03,17.13,1774285820000,17.16,17.14,19747,0.0,1774285705000,17.04,17.05,12163,3030.5,1927
1774285835000,1774285835000,17.05,17.16,17.03,17.13,1774285820000,17.16,17.14,19747,0.0,1774285705000,17.04,17.05,12163,3030.5,17.09,17.16,17.03,17.13,1774285820000,17.16,17.14,19747,0.0,1774285705000,17.04,17.05,12163,3030.5,1928
1774285840000,1774285840000,17.05,17.16,17.03,17.14,1774285820000,17.16,17.14,19747,0.0,1774285705000,17.04,17.05,12163,3030.5,17.09,17.16,17.03,17.14,1774285820000,17.16,17.14,19747,0.0,1774285705000,17.04,17.05,12163,3030.5,1929
1774285845000,1774285845000,17.05,17.16,17.03,17.14,1774285820000,17.16,17.14,19747,0.0,1774285705000,17.04,17.05,12163,3030.5,17.09,17.16,17.03,17.14,1774285820000,17.16,17.14,19747,0.0,1774285705000,17.04,17.05,12163,3030.5,1930
1774285850000,1774285850000,17.05,17.16,17.03,17.13,1774285820000,17.16,17.14,19747,0.0,1774285705000,17.04,17.05,12163,3030.5,17.09,17.16,17.03,17.13,1774285820000,17.16,17.14,19747,0.0,1774285705000,17.04,17.05,12163,3030.5,1931
1774285855000,1774285855000,17.05,17.16,17.03,17.12,1774285820000,17.16,17.14,19747,0.0,1774285705000,17.04,17.05,12163,3030.5,17.08,17.16,17.03,17.12,1774285820000,17.16,17.14,19747,0.0,1774285705000,17.04,17.05,12163,3030.5,1932
1774285860000,1774285860000,17.05,17.16,17.03,17.11,1774285820000,17.16,17.14,19747,0.0,1774285705000,17.04,17.05,12163,3030.5,17.08,17.16,17.03,17.11,1774285820000,17.16,17.14,19747,0.0,1774285705000,17.04,17.05,12163,3030.5,1933
1774285865000,1774285865000,17.07,17.16,17.03,17.12,1774285820000,17.16,17.14,19747,0.0,1774285705000,17.04,17.05,12163,3030.5,17.07,17.16,17.03,17.12,1774285820000,17.16,17.14,19747,0.0,1774285705000,17.04,17.05,12163,3030.5,1934
1774285870000,1774285870000,17.07,17.16,17.03,17.12,1774285820000,17.16,17.14,19747,0.0,1774285705000,17.04,17.05,12163,3030.5,17.07,17.16,17.03,17.12,1774285820000,17.16,17.14,19747,0.0,1774285705000,17.04,17.05,12163,3030.5,1935
1774285875000,1774285875000,17.07,17.16,17.03,17.12,1774285820000,17.16,17.14,19747,0.0,1774285705000,17.04,17.05,12163,3030.5,17.07,17.16,17.03,17.12,1774285820000,17.16,17.14,19747,0.0,1774285705000,17.04,17.05,12163,3030.5,1936
1774285880000,1774285880000,17.07,17.16,17.03,17.12,1774285820000,17.16,17.14,19747,0.0,1774285705000,17.04,17.05,12163,3030.5,17.1,17.16,17.03,17.12,1774285820000,17.16,17.14,19747,0.0,1774285705000,17.04,17.05,12163,3030.5,1937
1774285885000,1774285885000,17.07,17.16,17.03,17.11,1774285820000,17.16,17.14,19747,0.0,1774285705000,17.04,17.05,12163,3030.5,17.1,17.16,17.03,17.11,1774285820000,17.16,17.14,19747,0.0,1774285705000,17.04,17.05,12163,3030.5,1938
1774285890000,1774285890000,17.06,17.16,17.03,17.12,1774285820000,17.16,17.14,19747,0.0,1774285705000,17.04,17.05,12163,3030.5,17.1,17.16,17.03,17.12,1774285820000,17.16,17.14,19747,0.0,1774285705000,17.04,17.05,12163,3030.5,1939
1774285895000,1774285895000,17.06,17.16,17.03,17.12,1774285820000,17.16,17.14,19747,0.0,1774285705000,17.04,17.05,12163,3030.5,17.1,17.16,17.03,17.12,1774285820000,17.16,17.14,19747,0.0,1774285705000,17.04,17.05,12163,3030.5,1940
1774285900000,1774285900000,17.06,17.16,17.03,17.14,1774285820000,17.16,17.14,19747,0.0,1774285705000,17.04,17.05,12163,3030.5,17.1,17.16,17.03,17.14,1774285820000,17.16,17.14,19747,0.0,1774285705000,17.04,17.05,12163,3030.5,1941
1774285905000,1774285905000,17.06,17.16,17.03,17.14,1774285820000,17.16,17.14,19747,0.0,1774285705000,17.04,17.05,12163,3030.5,17.09,17.16,17.03,17.14,1774285820000,17.16,17.14,19747,0.0,1774285705000,17.04,17.05,12163,3030.5,1942
1774285910000,1774285910000,17.05,17.16,17.03,17.14,1774285820000,17.16,17.14,19747,0.0,1774285705000,17.04,17.05,12163,3030.5,17.07,17.16,17.03,17.14,1774285820000,17.16,17.14,19747,0.0,1774285705000,17.04,17.05,12163,3030.5,1943
1774285915000,1774285915000,17.05,17.16,17.03,17.14,1774285820000,17.16,17.14,19747,0.0,1774285705000,17.04,17.05,12163,3030.5,17.07,17.16,17.03,17.14,1774285820000,17.16,17.14,19747,0.0,1774285705000,17.04,17.05,12163,3030.5,1944
1774285920000,1774285920000,17.05,17.16,17.03,17.13,1774285820000,17.16,17.14,19747,0.0,1774285705000,17.04,17.05,12163,3030.5,17.07,17.16,17.03,17.13,1774285820000,17.16,17.14,19747,0.0,1774285705000,17.04,17.05,12163,3030.5,1945
1774285925000,1774285925000,17.06,17.16,17.03,17.12,1774285820000,17.16,17.14,19747,0.0,1774285705000,17.04,17.05,12163,3030.5,17.09,17.16,17.03,17.12,1774285820000,17.16,17.14,19747,0.0,1774285705000,17.04,17.05,12163,3030.5,1946
1774285930000,1774285930000,17.06,17.16,17.03,17.11,1774285820000,17.16,17.14,19747,0.0,1774285705000,17.04,17.05,12163,3030.5,17.09,17.16,17.03,17.11,1774285820000,17.16,17.14,19747,0.0,1774285705000,17.04,17.05,12163,3030.5,1947
1774285935000,1774285935000,17.1,17.16,17.1,17.12,1774285820000,17.16,17.14,19747,0.0,1774285775000,17.11,17.12,13322,5023.5,17.05,17.16,17.03,17.12,1774285820000,17.16,17.14,19747,0.0,1774285705000,17.04,17.05,12163,3030.5,1948
1774285940000,1774285940000,17.11,17.16,17.1,17.13,1774285820000,17.16,17.14,19747,0.0,1774285940000,17.11,17.13,20255,0.0,17.06,17.16,17.03,17.13,1774285820000,17.16,17.14,19747,0.0,1774285705000,17.04,17.05,12163,3030.5,1949
1774285945000,1774285945000,17.11,17.16,17.1,17.13,1774285820000,17.16,17.14,19747,0.0,1774285940000,17.11,17.13,20255,0.0,17.07,17.16,17.03,17.13,1774285820000,17.16,17.14,19747,0.0,1774285705000,17.04,17.05,12163,3030.5,1950
1774285950000,1774285950000,17.13,17.16,17.1,17.12,1774285820000,17.16,17.14,19747,0.0,1774285940000,17.11,17.13,20255,0.0,17.06,17.16,17.03,17.12,1774285820000,17.16,17.14,19747,0.0,1774285705000,17.04,17.05,12163,3030.5,1951
1774285955000,1774285955000,17.13,17.16,17.1,17.13,1774285820000,17.16,17.14,19747,0.0,1774285940000,17.11,17.13,20255,0.0,17.06,17.16,17.03,17.13,1774285820000,17.16,17.14,19747,0.0,1774285705000,17.04,17.05,12163,3030.5,1952
1774285960000,1774285960000,17.13,17.16,17.1,17.12,1774285820000,17.16,17.14,19747,0.0,1774285940000,17.11,17.13,20255,0.0,17.06,17.16,17.03,17.12,1774285820000,17.16,17.14,19747,0.0,1774285705000,17.04,17.05,12163,3030.5,1953
1774285965000,1774285965000,17.13,17.16,17.1,17.12,1774285820000,17.16,17.14,19747,0.0,1774285940000,17.11,17.13,20255,0.0,17.06,17.16,17.03,17.12,1774285820000,17.16,17.14,19747,0.0,1774285705000,17.04,17.05,12163,3030.5,1954
1774285970000,1774285970000,17.13,17.16,17.1,17.13,1774285820000,17.16,17.14,19747,0.0,1774285940000,17.11,17.13,20255,0.0,17.06,17.16,17.03,17.13,1774285820000,17.16,17.14,19747,0.0,1774285705000,17.04,17.05,12163,3030.5,1955
1774285975000,1774285975000,17.13,17.16,17.1,17.12,1774285820000,17.16,17.14,19747,0.0,1774285940000,17.11,17.13,20255,0.0,17.06,17.16,17.03,17.12,1774285820000,17.16,17.14,19747,0.0,1774285705000,17.04,17.05,12163,3030.5,1956
1774285980000,1774285980000,17.13,17.16,17.1,17.11,1774285820000,17.16,17.14,19747,0.0,1774285940000,17.11,17.13,20255,0.0,17.05,17.16,17.03,17.11,1774285820000,17.16,17.14,19747,0.0,1774285705000,17.04,17.05,12163,3030.5,1957
1774285985000,1774285985000,17.14,17.16,17.1,17.12,1774285820000,17.16,17.14,19747,0.0,1774285940000,17.11,17.13,20255,0.0,17.05,17.16,17.03,17.12,1774285820000,17.16,17.14,19747,0.0,1774285705000,17.04,17.05,12163,3030.5,1958
1774285990000,1774285990000,17.14,17.16,17.1,17.12,1774285820000,17.16,17.14,19747,0.0,1774285940000,17.11,17.13,20255,0.0,17.05,17.16,17.03,17.12,1774285820000,17.16,17.14,19747,0.0,1774285705000,17.04,17.05,12163,3030.5,1959
1774285995000,1774285995000,17.14,17.16,17.1,17.12,1774285820000,17.16,17.14,19747,0.0,1774285940000,17.11,17.13,20255,0.0,17.05,17.16,17.03,17.12,1774285820000,17.16,17.14,19747,0.0,1774285705000,17.04,17.05,12163,3030.5,1960
1774286000000,1774286000000,17.14,17.16,17.1,17.12,1774285820000,17.16,17.14,19747,0.0,1774285940000,17.11,17.13,20255,0.0,17.05,17.16,17.03,17.12,1774285820000,17.16,17.14,19747,0.0,1774285705000,17.04,17.05,12163,3030.5,1961
1774286005000,1774286005000,17.14,17.16,17.1,17.13,1774285820000,17.16,17.14,19747,0.0,1774285940000,17.11,17.13,20255,0.0,17.05,17.16,17.03,17.13,1774285820000,17.16,17.14,19747,0.0,1774285705000,17.04,17.05,12163,3030.5,1962
1774286010000,1774286010000,17.14,17.16,17.1,17.13,1774285820000,17.16,17.14,19747,0.0,1774285940000,17.11,17.13,20255,0.0,17.05,17.16,17.03,17.13,1774285820000,17.16,17.14,19747,0.0,1774285705000,17.04,17.05,12163,3030.5,1963
1774286015000,1774286015000,17.14,17.16,17.1,17.13,1774285820000,17.16,17.14,19747,0.0,1774285940000,17.11,17.13,20255,0.0,17.05,17.16,17.03,17.13,1774285820000,17.16,17.14,19747,0.0,1774285705000,17.04,17.05,12163,3030.5,1964
1774286020000,1774286020000,17.14,17.16,17.1,17.13,1774285820000,17.16,17.14,19747,0.0,1774285940000,17.11,17.13,20255,0.0,17.05,17.16,17.03,17.13,1774285820000,17.16,17.14,19747,0.0,1774285705000,17.04,17.05,12163,3030.5,1965
1774286025000,1774286025000,17.14,17.16,17.1,17.13,1774285820000,17.16,17.14,19747,0.0,1774285940000,17.11,17.13,20255,0.0,17.05,17.16,17.03,17.13,1774285820000,17.16,17.14,19747,0.0,1774285705000,17.04,17.05,12163,3030.5,1966
1774286030000,1774286030000,17.14,17.16,17.1,17.13,1774285820000,17.16,17.14,19747,0.0,1774285940000,17.11,17.13,20255,0.0,17.05,17.16,17.03,17.13,1774285820000,17.16,17.14,19747,0.0,1774285705000,17.04,17.05,12163,3030.5,1967
1774286035000,1774286035000,17.14,17.16,17.1,17.13,1774285820000,17.16,17.14,19747,0.0,1774285940000,17.11,17.13,20255,0.0,17.05,17.16,17.03,17.13,1774285820000,17.16,17.14,19747,0.0,1774285705000,17.04,17.05,12163,3030.5,1968
1774286040000,1774286040000,17.14,17.16,17.1,17.12,1774285820000,17.16,17.14,19747,0.0,1774285940000,17.11,17.13,20255,0.0,17.05,17.16,17.03,17.12,1774285820000,17.16,17.14,19747,0.0,1774285705000,17.04,17.05,12163,3030.5,1969
1774286045000,1774286045000,17.14,17.16,17.1,17.13,1774285820000,17.16,17.14,19747,0.0,1774285940000,17.11,17.13,20255,0.0,17.05,17.16,17.03,17.13,1774285820000,17.16,17.14,19747,0.0,1774285705000,17.04,17.05,12163,3030.5,1970
1774286050000,1774286050000,17.14,17.16,17.1,17.12,1774285820000,17.16,17.14,19747,0.0,1774285940000,17.11,17.13,20255,0.0,17.05,17.16,17.03,17.12,1774285820000,17.16,17.14,19747,0.0,1774285705000,17.04,17.05,12163,3030.5,1971
1774286055000,1774286055000,17.14,17.16,17.1,17.12,1774285820000,17.16,17.14,19747,0.0,1774285940000,17.11,17.13,20255,0.0,17.05,17.16,17.03,17.12,1774285820000,17.16,17.14,19747,0.0,1774285705000,17.04,17.05,12163,3030.5,1972
1774286060000,1774286060000,17.14,17.16,17.1,17.12,1774285820000,17.16,17.14,19747,0.0,1774285940000,17.11,17.13,20255,0.0,17.05,17.16,17.03,17.12,1774285820000,17.16,17.14,19747,0.0,1774285705000,17.04,17.05,12163,3030.5,1973
1774286065000,1774286065000,17.14,17.16,17.1,17.12,1774285820000,17.16,17.14,19747,0.0,1774285940000,17.11,17.13,20255,0.0,17.05,17.16,17.03,17.12,1774285820000,17.16,17.14,19747,0.0,1774285705000,17.04,17.05,12163,3030.5,1974
1774286070000,1774286070000,17.14,17.16,17.1,17.12,1774285820000,17.16,17.14,19747,0.0,1774285940000,17.11,17.13,20255,0.0,17.05,17.16,17.03,17.12,1774285820000,17.16,17.14,19747,0.0,1774285705000,17.04,17.05,12163,3030.5,1975
1774286075000,1774286075000,17.14,17.16,17.1,17.11,1774285820000,17.16,17.14,19747,0.0,1774286075000,17.12,17.11,13337,8724.0,17.05,17.16,17.03,17.11,1774285820000,17.16,17.14,19747,0.0,1774285705000,17.04,17.05,12163,3030.5,1976
1774286080000,1774286080000,17.14,17.16,17.1,17.12,1774285820000,17.16,17.14,19747,0.0,1774286080000,17.11,17.12,15075,8406.5,17.07,17.16,17.03,17.12,1774285820000,17.16,17.14,19747,0.0,1774285705000,17.04,17.05,12163,3030.5,1977
1774286085000,1774286085000,17.14,17.16,17.1,17.11,1774285820000,17.16,17.14,19747,0.0,1774286080000,17.11,17.12,15075,0.0,17.05,17.16,17.03,17.11,1774285820000,17.16,17.14,19747,0.0,1774285705000,17.04,17.05,12163,3030.5,1978
1774286090000,1774286090000,17.14,17.16,17.1,17.11,1774285820000,17.16,17.14,19747,0.0,1774286090000,17.11,17.11,22256,7667.5,17.04,17.16,17.03,17.11,1774285820000,17.16,17.14,19747,0.0,1774285705000,17.04,17.05,12163,3030.5,1979
1774286095000,1774286095000,17.16,17.16,17.1,17.1,1774285820000,17.16,17.14,19747,0.0,1774286095000,17.11,17.1,32053,20925.0,17.05,17.16,17.03,17.1,1774285820000,17.16,17.14,19747,0.0,1774285705000,17.04,17.05,12163,3030.5,1980
1774286100000,1774286100000,17.14,17.15,17.09,17.1,1774285915000,17.14,17.14,5753,0.0,1774286100000,17.1,17.1,13600,0.0,17.04,17.16,17.03,17.1,1774285820000,17.16,17.14,19747,0.0,1774285705000,17.04,17.05,12163,3030.5,1981
1774286105000,1774286105000,17.14,17.15,17.09,17.1,1774285915000,17.14,17.14,5753,0.0,1774286105000,17.1,17.1,1325,0.0,17.04,17.16,17.03,17.1,1774285820000,17.16,17.14,19747,0.0,1774285705000,17.04,17.05,12163,3030.5,1982
1774286110000,1774286110000,17.14,17.15,17.09,17.1,1774285915000,17.14,17.14,5753,0.0,1774286105000,17.1,17.1,1325,0.0,17.04,17.16,17.03,17.1,1774285820000,17.16,17.14,19747,0.0,1774285705000,17.04,17.05,12163,3030.5,1983
1774286115000,1774286115000,17.14,17.15,17.09,17.1,1774285915000,17.14,17.14,5753,0.0,1774286105000,17.1,17.1,1325,0.0,17.05,17.16,17.03,17.1,1774285820000,17.16,17.14,19747,0.0,1774285705000,17.04,17.05,12163,3030.5,1984
1774286120000,1774286120000,17.14,17.15,17.09,17.1,1774285915000,17.14,17.14,5753,0.0,1774286120000,17.1,17.1,20888,5688.0,17.05,17.16,17.03,17.1,1774285820000,17.16,17.14,19747,0.0,1774285705000,17.04,17.05,12163,3030.5,1985
1774286125000,1774286125000,17.14,17.15,17.09,17.11,1774285915000,17.14,17.14,5753,0.0,1774286120000,17.1,17.1,20888,5638.0,17.05,17.16,17.03,17.11,1774285820000,17.16,17.14,19747,0.0,1774285705000,17.04,17.05,12163,3030.5,1986
1774286130000,1774286130000,17.14,17.15,17.09,17.11,1774285915000,17.14,17.14,5753,0.0,1774286120000,17.1,17.1,20888,5638.0,17.05,17.16,17.03,17.11,1774285820000,17.16,17.14,19747,0.0,1774285705000,17.04,17.05,12163,3030.5,1987
1774286135000,1774286135000,17.11,17.15,17.09,17.1,1774285915000,17.14,17.14,5753,0.0,1774286120000,17.1,17.1,20888,5638.0,17.07,17.16,17.03,17.1,1774285820000,17.16,17.14,19747,0.0,1774285705000,17.04,17.05,12163,3030.5,1988
1774286140000,1774286140000,17.12,17.15,17.09,17.1,1774285915000,17.14,17.14,5753,0.0,1774286140000,17.1,17.1,5973,0.0,17.07,17.16,17.03,17.1,1774285820000,17.16,17.14,19747,0.0,1774285705000,17.04,17.05,12163,3030.5,1989
1774286145000,1774286145000,17.12,17.15,17.09,17.09,1774285915000,17.14,17.14,5753,0.0,1774286145000,17.09,17.09,5093,2106.5,17.06,17.16,17.03,17.09,1774285820000,17.16,17.14,19747,0.0,1774285705000,17.04,17.05,12163,3030.5,1990
1774286150000,1774286150000,17.13,17.15,17.07,17.07,1774285915000,17.14,17.14,5753,0.0,1774286150000,17.09,17.07,15187,12640.5,17.06,17.16,17.03,17.07,1774285820000,17.16,17.14,19747,0.0,1774285705000,17.04,17.05,12163,3030.5,1991
1774286155000,1774286155000,17.14,17.15,17.07,17.07,1774285915000,17.14,17.14,5753,0.0,1774286155000,17.08,17.07,10238,2644.5,17.06,17.16,17.03,17.07,1774285820000,17.16,17.14,19747,0.0,1774285705000,17.04,17.05,12163,3030.5,1992
1774286160000,1774286160000,17.14,17.15,17.07,17.07,1774285915000,17.14,17.14,5753,0.0,1774286160000,17.07,17.07,4855,0.0,17.06,17.16,17.03,17.07,1774285820000,17.16,17.14,19747,0.0,1774285705000,17.04,17.05,12163,3030.5,1993
1774286165000,1774286165000,17.14,17.15,17.07,17.08,1774285915000,17.14,17.14,5753,0.0,1774286165000,17.07,17.08,3017,589.5,17.06,17.16,17.03,17.08,1774285820000,17.16,17.14,19747,0.0,1774285705000,17.04,17.05,12163,3030.5,1994
1774286170000,1774286170000,17.14,17.15,17.06,17.07,1774285915000,17.14,17.14,5753,0.0,1774286170000,17.07,17.07,6553,5044.5,17.06,17.16,17.03,17.07,1774285820000,17.16,17.14,19747,0.0,1774285705000,17.04,17.05,12163,3030.5,1995
1774286175000,1774286175000,17.14,17.15,17.06,17.07,1774285915000,17.14,17.14,5753,0.0,1774286175000,17.07,17.07,7185,3908.5,17.06,17.16,17.03,17.07,1774285820000,17.16,17.14,19747,0.0,1774285705000,17.04,17.05,12163,3030.5,1996
1774286180000,1774286180000,17.13,17.14,17.04,17.05,1774286025000,17.13,17.13,23315,19446.5,1774286180000,17.06,17.05,21476,17883.5,17.05,17.16,17.03,17.05,1774285820000,17.16,17.14,19747,0.0,1774285705000,17.04,17.05,12163,3030.5,1997
1774286185000,1774286185000,17.13,17.14,17.03,17.04,1774286025000,17.13,17.13,23315,19446.5,1774286185000,17.04,17.04,17529,6791.0,17.06,17.16,17.03,17.04,1774285820000,17.16,17.14,19747,0.0,1774286185000,17.04,17.04,17529,6791.0,1998
1774286190000,1774286190000,17.13,17.14,17.02,17.02,1774286025000,17.13,17.13,23315,19446.5,1774286190000,17.04,17.02,15572,6807.5,17.06,17.16,17.02,17.02,1774285820000,17.16,17.14,19747,0.0,1774286190000,17.04,17.02,15572,6807.5,1999
1774286195000,1774286195000,17.12,17.14,17.01,17.01,1774286025000,17.13,17.13,23315,19446.5,1774286195000,17.03,17.01,10817,3031.0,17.06,17.16,17.01,17.01,1774285820000,17.16,17.14,19747,0.0,1774286195000,17.03,17.01,10817,3031.0,2000
1774286200000,1774286200000,17.12,17.14,17.01,17.02,1774286025000,17.13,17.13,23315,19446.5,1774286200000,17.02,17.02,19970,14561.5,17.05,17.16,17.01,17.02,1774285820000,17.16,17.14,19747,0.0,1774286200000,17.02,17.02,19970,14561.5,2001
1774286205000,1774286205000,17.12,17.14,17.01,17.03,1774286025000,17.13,17.13,23315,19446.5,1774286200000,17.02,17.02,19970,9811.0,17.04,17.16,17.01,17.03,1774285820000,17.16,17.14,19747,0.0,1774286200000,17.02,17.02,19970,9811.0,2002
1774286210000,1774286210000,17.12,17.14,17.01,17.03,1774286025000,17.13,17.13,23315,19446.5,1774286200000,17.02,17.02,19970,9811.0,17.04,17.16,17.01,17.03,1774285820000,17.16,17.14,19747,0.0,1774286200000,17.02,17.02,19970,9811.0,2003
1774286215000,1774286215000,17.12,17.14,17.01,17.04,1774286025000,17.13,17.13,23315,19446.5,1774286200000,17.02,17.02,19970,9811.0,17.05,17.16,17.01,17.04,1774285820000,17.16,17.14,19747,0.0,1774286200000,17.02,17.02,19970,9811.0,2004
1774286220000,1774286220000,17.12,17.14,17.01,17.04,1774286025000,17.13,17.13,23315,19446.5,1774286200000,17.02,17.02,19970,9811.0,17.05,17.16,17.01,17.04,1774285820000,17.16,17.14,19747,0.0,1774286200000,17.02,17.02,19970,9811.0,2005
1774286225000,1774286225000,17.12,17.14,17.01,17.04,1774286025000,17.13,17.13,23315,19446.5,1774286200000,17.02,17.02,19970,9811.0,17.05,17.16,17.01,17.04,1774285820000,17.16,17.14,19747,0.0,1774286200000,17.02,17.02,19970,9811.0,2006
1774286230000,1774286230000,17.12,17.14,17.01,17.04,1774286025000,17.13,17.13,23315,19446.5,1774286200000,17.02,17.02,19970,9811.0,17.05,17.16,17.01,17.04,1774285820000,17.16,17.14,19747,0.0,1774286200000,17.02,17.02,19970,9811.0,2007
1774286235000,1774286235000,17.12,17.14,17.01,17.04,1774286025000,17.13,17.13,23315,19446.5,1774286200000,17.02,17.02,19970,9811.0,17.06,17.16,17.01,17.04,1774285820000,17.16,17.14,19747,0.0,1774286200000,17.02,17.02,19970,9811.0,2008
1774286240000,1774286240000,17.12,17.14,17.01,17.03,1774286025000,17.13,17.13,23315,19446.5,1774286200000,17.02,17.02,19970,9811.0,17.06,17.16,17.01,17.03,1774285820000,17.16,17.14,19747,0.0,1774286200000,17.02,17.02,19970,9811.0,2009
1774286245000,1774286245000,17.12,17.14,17.01,17.04,1774286025000,17.13,17.13,23315,19446.5,1774286200000,17.02,17.02,19970,9811.0,17.07,17.16,17.01,17.04,1774285820000,17.16,17.14,19747,0.0,1774286200000,17.02,17.02,19970,9811.0,2010
1774286250000,1774286250000,17.12,17.14,17.01,17.04,1774286025000,17.13,17.13,23315,19446.5,1774286200000,17.02,17.02,19970,9811.0,17.07,17.16,17.01,17.04,1774285820000,17.16,17.14,19747,0.0,1774286200000,17.02,17.02,19970,9811.0,2011
1774286255000,1774286255000,17.12,17.14,17.01,17.05,1774286025000,17.13,17.13,23315,19446.5,1774286200000,17.02,17.02,19970,9811.0,17.09,17.16,17.01,17.05,1774285820000,17.16,17.14,19747,0.0,1774286200000,17.02,17.02,19970,9811.0,2012
1774286260000,1774286260000,17.12,17.14,17.01,17.05,1774286025000,17.13,17.13,23315,19446.5,1774286200000,17.02,17.02,19970,9811.0,17.09,17.16,17.01,17.05,1774285820000,17.16,17.14,19747,0.0,1774286200000,17.02,17.02,19970,9811.0,2013
1774286265000,1774286265000,17.13,17.14,17.01,17.05,1774286025000,17.13,17.13,23315,19446.5,1774286200000,17.02,17.02,19970,9811.0,17.11,17.16,17.01,17.05,1774285820000,17.16,17.14,19747,0.0,1774286200000,17.02,17.02,19970,9811.0,2014
1774286270000,1774286270000,17.13,17.14,17.01,17.05,1774286025000,17.13,17.13,23315,19446.5,1774286200000,17.02,17.02,19970,9811.0,17.13,17.16,17.01,17.05,1774285820000,17.16,17.14,19747,0.0,1774286200000,17.02,17.02,19970,9811.0,2015
1774286275000,1774286275000,17.13,17.14,17.01,17.05,1774286025000,17.13,17.13,23315,19446.5,1774286200000,17.02,17.02,19970,9811.0,17.13,17.16,17.01,17.05,1774285820000,17.16,17.14,19747,0.0,1774286200000,17.02,17.02,19970,9811.0,2016
1774286280000,1774286280000,17.12,17.14,17.01,17.05,1774286025000,17.13,17.13,23315,19446.5,1774286200000,17.02,17.02,19970,9811.0,17.14,17.16,17.01,17.05,1774285820000,17.16,17.14,19747,0.0,1774286200000,17.02,17.02,19970,9811.0,2017
1774286285000,1774286285000,17.12,17.14,17.01,17.04,1774286025000,17.13,17.13,23315,19446.5,1774286200000,17.02,17.02,19970,9811.0,17.14,17.16,17.01,17.04,1774285820000,17.16,17.14,19747,0.0,1774286200000,17.02,17.02,19970,9811.0,2018
1774286290000,1774286290000,17.12,17.14,17.01,17.04,1774286025000,17.13,17.13,23315,19446.5,1774286200000,17.02,17.02,19970,9811.0,17.14,17.16,17.01,17.04,1774285820000,17.16,17.14,19747,0.0,1774286200000,17.02,17.02,19970,9811.0,2019
1774286295000,1774286295000,17.12,17.14,17.01,17.05,1774286025000,17.13,17.13,23315,19446.5,1774286200000,17.02,17.02,19970,9811.0,17.14,17.16,17.01,17.05,1774285820000,17.16,17.14,19747,0.0,1774286200000,17.02,17.02,19970,9811.0,2020
1774286300000,1774286300000,17.12,17.14,17.01,17.04,1774286025000,17.13,17.13,23315,19446.5,1774286200000,17.02,17.02,19970,9811.0,17.14,17.16,17.01,17.04,1774285820000,17.16,17.14,19747,0.0,1774286200000,17.02,17.02,19970,9811.0,2021
1774286305000,1774286305000,17.12,17.14,17.01,17.05,1774286025000,17.13,17.13,23315,19446.5,1774286200000,17.02,17.02,19970,9811.0,17.14,17.16,17.01,17.05,1774285820000,17.16,17.14,19747,0.0,1774286200000,17.02,17.02,19970,9811.0,2022
1774286310000,1774286310000,17.13,17.14,17.01,17.04,1774286025000,17.13,17.13,23315,19446.5,1774286200000,17.02,17.02,19970,9811.0,17.14,17.16,17.01,17.04,1774285820000,17.16,17.14,19747,0.0,1774286200000,17.02,17.02,19970,9811.0,2023
1774286315000,1774286315000,17.13,17.14,17.01,17.03,1774286025000,17.13,17.13,23315,19446.5,1774286200000,17.02,17.02,19970,9811.0,17.14,17.16,17.01,17.03,1774285820000,17.16,17.14,19747,0.0,1774286200000,17.02,17.02,19970,9811.0,2024
1774286320000,1774286320000,17.13,17.13,17.01,17.03,1774286055000,17.12,17.12,2894,0.0,1774286200000,17.02,17.02,19970,9811.0,17.14,17.16,17.01,17.03,1774285820000,17.16,17.14,19747,0.0,1774286200000,17.02,17.02,19970,9811.0,2025
1774286325000,1774286325000,17.13,17.13,17.01,17.03,1774286055000,17.12,17.12,2894,0.0,1774286200000,17.02,17.02,19970,9811.0,17.14,17.16,17.01,17.03,1774285820000,17.16,17.14,19747,0.0,1774286200000,17.02,17.02,19970,9811.0,2026
1774286330000,1774286330000,17.11,17.12,17.01,17.04,1774286135000,17.11,17.1,38907,24560.5,1774286200000,17.02,17.02,19970,9811.0,17.14,17.16,17.01,17.04,1774285820000,17.16,17.14,19747,0.0,1774286200000,17.02,17.02,19970,9811.0,2027
1774286335000,1774286335000,17.11,17.12,17.01,17.03,1774286135000,17.11,17.1,38907,24560.5,1774286200000,17.02,17.02,19970,9811.0,17.14,17.16,17.01,17.03,1774285820000,17.16,17.14,19747,0.0,1774286200000,17.02,17.02,19970,9811.0,2028
1774286340000,1774286340000,17.11,17.12,17.01,17.04,1774286135000,17.11,17.1,38907,24560.5,1774286200000,17.02,17.02,19970,9811.0,17.14,17.16,17.01,17.04,1774285820000,17.16,17.14,19747,0.0,1774286200000,17.02,17.02,19970,9811.0,2029
1774286345000,1774286345000,17.11,17.12,17.01,17.04,1774286135000,17.11,17.1,38907,24560.5,1774286200000,17.02,17.02,19970,9811.0,17.14,17.16,17.01,17.04,1774285820000,17.16,17.14,19747,0.0,1774286200000,17.02,17.02,19970,9811.0,2030
1774286350000,1774286350000,17.11,17.12,17.01,17.04,1774286135000,17.11,17.1,38907,24560.5,1774286200000,17.02,17.02,19970,9811.0,17.14,17.16,17.01,17.04,1774285820000,17.16,17.14,19747,0.0,1774286200000,17.02,17.02,19970,9811.0,2031
1774286355000,1774286355000,17.12,17.12,17.01,17.04,1774286135000,17.11,17.1,38907,24560.5,1774286200000,17.02,17.02,19970,9811.0,17.14,17.16,17.01,17.04,1774285820000,17.16,17.14,19747,0.0,1774286200000,17.02,17.02,19970,9811.0,2032
1774286360000,1774286360000,17.12,17.12,17.01,17.04,1774286135000,17.11,17.1,38907,24560.5,1774286200000,17.02,17.02,19970,9811.0,17.14,17.16,17.01,17.04,1774285820000,17.16,17.14,19747,0.0,1774286200000,17.02,17.02,19970,9811.0,2033
1774286365000,1774286365000,17.12,17.12,17.01,17.04,1774286135000,17.11,17.1,38907,24560.5,1774286200000,17.02,17.02,19970,9811.0,17.14,17.16,17.01,17.04,1774285820000,17.16,17.14,19747,0.0,1774286200000,17.02,17.02,19970,9811.0,2034
1774286370000,1774286370000,17.11,17.12,17.01,17.03,1774286135000,17.11,17.1,38907,24560.5,1774286200000,17.02,17.02,19970,9811.0,17.14,17.16,17.01,17.03,1774285820000,17.16,17.14,19747,0.0,1774286200000,17.02,17.02,19970,9811.0,2035
1774286375000,1774286375000,17.11,17.12,17.01,17.04,1774286135000,17.11,17.1,38907,24560.5,1774286200000,17.02,17.02,19970,9811.0,17.14,17.16,17.01,17.04,1774285820000,17.16,17.14,19747,0.0,1774286200000,17.02,17.02,19970,9811.0,2036
1774286380000,1774286380000,17.11,17.12,17.01,17.03,1774286135000,17.11,17.1,38907,24560.5,1774286200000,17.02,17.02,19970,9811.0,17.16,17.16,17.01,17.03,1774285820000,17.16,17.14,19747,0.0,1774286200000,17.02,17.02,19970,9811.0,2037
1774286385000,1774286385000,17.11,17.12,17.01,17.03,1774286135000,17.11,17.1,38907,24560.5,1774286200000,17.02,17.02,19970,9811.0,17.16,17.16,17.01,17.03,1774285820000,17.16,17.14,19747,0.0,1774286200000,17.02,17.02,19970,9811.0,2038
1774286390000,1774286390000,17.1,17.12,17.01,17.02,1774286135000,17.11,17.1,38907,24560.5,1774286200000,17.02,17.02,19970,9811.0,17.16,17.16,17.01,17.02,1774285820000,17.16,17.14,19747,0.0,1774286200000,17.02,17.02,19970,9811.0,2039
1774286395000,1774286395000,17.1,17.12,17.01,17.02,1774286135000,17.11,17.1,38907,24560.5,1774286200000,17.02,17.02,19970,9811.0,17.16,17.16,17.01,17.02,1774285820000,17.16,17.14,19747,0.0,1774286200000,17.02,17.02,19970,9811.0,2040
1774286400000,1774286400000,17.1,17.12,17.01,17.02,1774286135000,17.11,17.1,38907,24560.5,1774286400000,17.02,17.02,9808,9368.0,17.14,17.15,17.01,17.02,1774285915000,17.14,17.14,5753,0.0,1774286400000,17.02,17.02,9808,9368.0,2041
1774286405000,1774286405000,17.1,17.12,17.01,17.02,1774286135000,17.11,17.1,38907,24560.5,1774286405000,17.02,17.02,12878,7974.0,17.14,17.15,17.01,17.02,1774285915000,17.14,17.14,5753,0.0,1774286405000,17.02,17.02,12878,7974.0,2042
1774286410000,1774286410000,17.1,17.12,17.01,17.02,1774286135000,17.11,17.1,38907,24560.5,1774286410000,17.02,17.02,17728,11289.0,17.14,17.15,17.01,17.02,1774285915000,17.14,17.14,5753,0.0,1774286410000,17.02,17.02,17728,11289.0,2043
1774286415000,1774286415000,17.1,17.12,17.01,17.02,1774286135000,17.11,17.1,38907,24560.5,1774286415000,17.02,17.02,595,0.0,17.14,17.15,17.01,17.02,1774285915000,17.14,17.14,5753,0.0,1774286415000,17.02,17.02,595,0.0,2044
1774286420000,1774286420000,17.11,17.12,17.01,17.02,1774286135000,17.11,17.1,38907,24560.5,1774286420000,17.02,17.02,34203,33905.5,17.14,17.15,17.01,17.02,1774285915000,17.14,17.14,5753,0.0,1774286420000,17.02,17.02,34203,33905.5,2045
1774286425000,1774286425000,17.11,17.12,17.01,17.02,1774286135000,17.11,17.1,38907,24560.5,1774286425000,17.02,17.02,400,0.0,17.14,17.15,17.01,17.02,1774285915000,17.14,17.14,5753,0.0,1774286425000,17.02,17.02,400,0.0,2046
1774286430000,1774286430000,17.11,17.12,17.0,17.01,1774286135000,17.11,17.1,38907,24560.5,1774286430000,17.02,17.01,24721,24521.0,17.12,17.15,17.0,17.01,1774285915000,17.14,17.14,5753,0.0,1774286430000,17.02,17.01,24721,24521.0,2047
1774286435000,1774286435000,17.11,17.12,17.0,17.01,1774286135000,17.11,17.1,38907,24560.5,1774286435000,17.0,17.01,19500,7139.5,17.12,17.15,17.0,17.01,1774285915000,17.14,17.14,5753,0.0,1774286435000,17.0,17.01,19500,7139.5,2048
1774286440000,1774286440000,17.07,17.08,17.0,17.0,1774286165000,17.07,17.08,3017,0.0,1774286440000,17.01,17.0,48327,38577.0,17.14,17.15,17.0,17.0,1774285915000,17.14,17.14,5753,0.0,1774286440000,17.01,17.0,48327,38577.0,2049
1774286445000,1774286445000,17.04,17.06,16.98,16.99,1774286280000,17.05,17.05,16485,8272.5,1774286445000,17.0,16.99,51352,27188.5,17.13,17.14,16.98,16.99,1774286025000,17.13,17.13,23315,19446.5,1774286445000,17.0,16.99,51352,27188.5,2050
1774286450000,1774286450000,17.04,17.06,16.98,16.98,1774286280000,17.05,17.05,16485,8272.5,1774286450000,16.99,16.98,4222,0.0,17.13,17.14,16.98,16.98,1774286025000,17.13,17.13,23315,19446.5,1774286450000,16.99,16.98,4222,0.0,2051
1774286455000,1774286455000,17.04,17.06,16.98,16.98,1774286280000,17.05,17.05,16485,8272.5,1774286455000,16.98,16.98,1000,0.0,17.13,17.14,16.98,16.98,1774286025000,17.13,17.13,23315,19446.5,1774286455000,16.98,16.98,1000,0.0,2052
1774286460000,1774286460000,17.03,17.06,16.98,16.98,1774286280000,17.05,17.05,16485,8272.5,1774286460000,16.99,16.98,24913,24413.0,17.12,17.14,16.98,16.98,1774286025000,17.13,17.13,23315,19446.5,1774286460000,16.99,16.98,24913,24413.0,2053
1774286465000,1774286465000,17.03,17.06,16.97,16.98,1774286280000,17.05,17.05,16485,8272.5,1774286465000,16.98,16.98,56553,44096.5,17.12,17.14,16.97,16.98,1774286025000,17.13,17.13,23315,19446.5,1774286465000,16.98,16.98,56553,44096.5,2054
1774286470000,1774286470000,17.03,17.06,16.97,16.98,1774286280000,17.05,17.05,16485,8272.5,1774286470000,16.98,16.98,14160,0.0,17.12,17.14,16.97,16.98,1774286025000,17.13,17.13,23315,19446.5,1774286470000,16.98,16.98,14160,0.0,2055
1774286475000,1774286475000,17.04,17.06,16.97,17.0,1774286280000,17.05,17.05,16485,8272.5,1774286470000,16.98,16.98,14160,0.0,17.12,17.14,16.97,17.0,1774286025000,17.13,17.13,23315,19446.5,1774286470000,16.98,16.98,14160,0.0,2056
1774286480000,1774286480000,17.04,17.06,16.97,17.0,1774286280000,17.05,17.05,16485,8272.5,1774286470000,16.98,16.98,14160,0.0,17.12,17.14,16.97,17.0,1774286025000,17.13,17.13,23315,19446.5,1774286470000,16.98,16.98,14160,0.0,2057
1774286485000,1774286485000,17.04,17.06,16.97,17.0,1774286280000,17.05,17.05,16485,8272.5,1774286470000,16.98,16.98,14160,0.0,17.12,17.14,16.97,17.0,1774286025000,17.13,17.13,23315,19446.5,1774286470000,16.98,16.98,14160,0.0,2058
1774286490000,1774286490000,17.04,17.06,16.97,17.01,1774286280000,17.05,17.05,16485,8272.5,1774286470000,16.98,16.98,14160,0.0,17.12,17.14,16.97,17.01,1774286025000,17.13,17.13,23315,19446.5,1774286470000,16.98,16.98,14160,0.0,2059
1774286495000,1774286495000,17.05,17.06,16.97,16.99,1774286280000,17.05,17.05,16485,8272.5,1774286470000,16.98,16.98,14160,0.0,17.12,17.14,16.97,16.99,1774286025000,17.13,17.13,23315,19446.5,1774286470000,16.98,16.98,14160,0.0,2060
1774286500000,1774286500000,17.05,17.06,16.97,16.98,1774286280000,17.05,17.05,16485,8272.5,1774286470000,16.98,16.98,14160,0.0,17.12,17.14,16.97,16.98,1774286025000,17.13,17.13,23315,19446.5,1774286470000,16.98,16.98,14160,0.0,2061
1774286505000,1774286505000,17.05,17.06,16.97,16.98,1774286280000,17.05,17.05,16485,8272.5,1774286505000,16.98,16.98,19081,7701.0,17.11,17.14,16.97,16.98,1774286025000,17.13,17.13,23315,19446.5,1774286505000,16.98,16.98,19081,7701.0,2062
1774286510000,1774286510000,17.05,17.06,16.97,16.99,1774286280000,17.05,17.05,16485,8272.5,1774286505000,16.98,16.98,19081,3919.5,17.11,17.14,16.97,16.99,1774286025000,17.13,17.13,23315,19446.5,1774286505000,16.98,16.98,19081,3919.5,2063
1774286515000,1774286515000,17.05,17.06,16.97,16.99,1774286280000,17.05,17.05,16485,8272.5,1774286505000,16.98,16.98,19081,3919.5,17.11,17.14,16.97,16.99,1774286025000,17.13,17.13,23315,19446.5,1774286505000,16.98,16.98,19081,3919.5,2064
1774286520000,1774286520000,17.04,17.06,16.97,16.99,1774286280000,17.05,17.05,16485,8272.5,1774286505000,16.98,16.98,19081,3919.5,17.12,17.14,16.97,16.99,1774286025000,17.13,17.13,23315,19446.5,1774286505000,16.98,16.98,19081,3919.5,2065
1774286525000,1774286525000,17.04,17.06,16.97,17.0,1774286280000,17.05,17.05,16485,8272.5,1774286505000,16.98,16.98,19081,3919.5,17.13,17.14,16.97,17.0,1774286025000,17.13,17.13,23315,19446.5,1774286505000,16.98,16.98,19081,3919.5,2066
1774286530000,1774286530000,17.05,17.06,16.97,17.0,1774286280000,17.05,17.05,16485,8272.5,1774286505000,16.98,16.98,19081,3919.5,17.12,17.14,16.97,17.0,1774286025000,17.13,17.13,23315,19446.5,1774286505000,16.98,16.98,19081,3919.5,2067
1774286535000,1774286535000,17.05,17.06,16.97,17.0,1774286280000,17.05,17.05,16485,8272.5,1774286505000,16.98,16.98,19081,3919.5,17.12,17.14,16.97,17.0,1774286025000,17.13,17.13,23315,19446.5,1774286505000,16.98,16.98,19081,3919.5,2068
1774286540000,1774286540000,17.04,17.05,16.97,17.01,1774286310000,17.04,17.04,9520,0.0,1774286505000,16.98,16.98,19081,3919.5,17.12,17.14,16.97,17.01,1774286025000,17.13,17.13,23315,19446.5,1774286505000,16.98,16.98,19081,3919.5,2069
1774286545000,1774286545000,17.03,17.05,16.97,17.02,1774286310000,17.04,17.04,9520,0.0,1774286505000,16.98,16.98,19081,3919.5,17.11,17.14,16.97,17.02,1774286025000,17.13,17.13,23315,19446.5,1774286505000,16.98,16.98,19081,3919.5,2070
1774286550000,1774286550000,17.03,17.04,16.97,17.01,1774286380000,17.04,17.03,24855,18800.0,1774286505000,16.98,16.98,19081,3919.5,17.13,17.14,16.97,17.01,1774286025000,17.13,17.13,23315,19446.5,1774286505000,16.98,16.98,19081,3919.5,2071
1774286555000,1774286555000,17.03,17.04,16.97,17.02,1774286380000,17.04,17.03,24855,18800.0,1774286505000,16.98,16.98,19081,3919.5,17.13,17.14,16.97,17.02,1774286025000,17.13,17.13,23315,19446.5,1774286505000,16.98,16.98,19081,3919.5,2072
1774286560000,1774286560000,17.04,17.04,16.97,17.03,1774286380000,17.04,17.03,24855,18800.0,1774286505000,16.98,16.98,19081,3919.5,17.11,17.12,16.97,17.03,1774286135000,17.11,17.1,38907,24560.5,1774286505000,16.98,16.98,19081,3919.5,2073
1774286565000,1774286565000,17.04,17.04,16.97,17.04,1774286565000,17.03,17.04,19323,0.0,1774286505000,16.98,16.98,19081,3919.5,17.11,17.12,16.97,17.04,1774286135000,17.11,17.1,38907,24560.5,1774286505000,16.98,16.98,19081,3919.5,2074
1774286570000,1774286570000,17.04,17.04,16.97,17.03,1774286570000,17.04,17.03,8840,0.0,1774286505000,16.98,16.98,19081,3919.5,17.11,17.12,16.97,17.03,1774286135000,17.11,17.1,38907,24560.5,1774286505000,16.98,16.98,19081,3919.5,2075
1774286575000,1774286575000,17.04,17.04,16.97,17.02,1774286575000,17.03,17.02,3092,0.0,1774286505000,16.98,16.98,19081,3919.5,17.12,17.12,16.97,17.02,1774286135000,17.11,17.1,38907,24560.5,1774286505000,16.98,16.98,19081,3919.5,2076
1774286580000,1774286580000,17.04,17.04,16.97,17.02,1774286575000,17.03,17.02,3092,0.0,1774286505000,16.98,16.98,19081,3919.5,17.12,17.12,16.97,17.02,1774286135000,17.11,17.1,38907,24560.5,1774286505000,16.98,16.98,19081,3919.5,2077
1774286585000,1774286585000,17.04,17.04,16.97,17.03,1774286585000,17.03,17.03,4141,4141.0,1774286505000,16.98,16.98,19081,3919.5,17.12,17.12,16.97,17.03,1774286135000,17.11,17.1,38907,24560.5,1774286505000,16.98,16.98,19081,3919.5,2078
1774286590000,1774286590000,17.03,17.04,16.97,17.02,1774286585000,17.03,17.03,4141,0.0,1774286505000,16.98,16.98,19081,3919.5,17.12,17.12,16.97,17.02,1774286135000,17.11,17.1,38907,24560.5,1774286505000,16.98,16.98,19081,3919.5,2079
1774286595000,1774286595000,17.03,17.04,16.97,17.02,1774286585000,17.03,17.03,4141,0.0,1774286505000,16.98,16.98,19081,3919.5,17.12,17.12,16.97,17.02,1774286135000,17.11,17.1,38907,24560.5,1774286505000,16.98,16.98,19081,3919.5,2080
1774286600000,1774286600000,17.03,17.04,16.97,17.01,1774286585000,17.03,17.03,4141,0.0,1774286505000,16.98,16.98,19081,3919.5,17.12,17.12,16.97,17.01,1774286135000,17.11,17.1,38907,24560.5,1774286505000,16.98,16.98,19081,3919.5,2081
1774286605000,1774286605000,17.03,17.04,16.97,17.01,1774286585000,17.03,17.03,4141,0.0,1774286505000,16.98,16.98,19081,3919.5,17.11,17.12,16.97,17.01,1774286135000,17.11,17.1,38907,24560.5,1774286505000,16.98,16.98,19081,3919.5,2082
1774286610000,1774286610000,17.03,17.04,16.97,17.01,1774286585000,17.03,17.03,4141,0.0,1774286505000,16.98,16.98,19081,3919.5,17.11,17.12,16.97,17.01,1774286135000,17.11,17.1,38907,24560.5,1774286505000,16.98,16.98,19081,3919.5,2083
1774286615000,1774286615000,17.02,17.04,16.97,17.01,1774286585000,17.03,17.03,4141,0.0,1774286505000,16.98,16.98,19081,3919.5,17.1,17.12,16.97,17.01,1774286135000,17.11,17.1,38907,24560.5,1774286505000,16.98,16.98,19081,3919.5,2084
1774286620000,1774286620000,17.02,17.04,16.97,17.01,1774286585000,17.03,17.03,4141,0.0,1774286505000,16.98,16.98,19081,3919.5,17.1,17.12,16.97,17.01,1774286135000,17.11,17.1,38907,24560.5,1774286505000,16.98,16.98,19081,3919.5,2085
1774286625000,1774286625000,17.02,17.04,16.97,17.0,1774286585000,17.03,17.03,4141,0.0,1774286505000,16.98,16.98,19081,3919.5,17.1,17.12,16.97,17.0,1774286135000,17.11,17.1,38907,24560.5,1774286505000,16.98,16.98,19081,3919.5,2086
1774286630000,1774286630000,17.02,17.04,16.97,17.01,1774286585000,17.03,17.03,4141,0.0,1774286505000,16.98,16.98,19081,3919.5,17.1,17.12,16.97,17.01,1774286135000,17.11,17.1,38907,24560.5,1774286505000,16.98,16.98,19081,3919.5,2087
1774286635000,1774286635000,17.02,17.04,16.97,17.01,1774286585000,17.03,17.03,4141,0.0,1774286505000,16.98,16.98,19081,3919.5,17.1,17.12,16.97,17.01,1774286135000,17.11,17.1,38907,24560.5,1774286505000,16.98,16.98,19081,3919.5,2088
1774286640000,1774286640000,17.02,17.04,16.97,17.0,1774286585000,17.03,17.03,4141,0.0,1774286505000,16.98,16.98,19081,3919.5,17.1,17.12,16.97,17.0,1774286135000,17.11,17.1,38907,24560.5,1774286505000,16.98,16.98,19081,3919.5,2089
1774286645000,1774286645000,17.02,17.04,16.97,17.0,1774286585000,17.03,17.03,4141,0.0,1774286505000,16.98,16.98,19081,3919.5,17.1,17.12,16.97,17.0,1774286135000,17.11,17.1,38907,24560.5,1774286505000,16.98,16.98,19081,3919.5,2090
1774286650000,1774286650000,17.02,17.04,16.97,17.0,1774286585000,17.03,17.03,4141,0.0,1774286505000,16.98,16.98,19081,3919.5,17.1,17.12,16.97,17.0,1774286135000,17.11,17.1,38907,24560.5,1774286505000,16.98,16.98,19081,3919.5,2091
1774286655000,1774286655000,17.02,17.04,16.97,17.01,1774286585000,17.03,17.03,4141,0.0,1774286505000,16.98,16.98,19081,3919.5,17.1,17.12,16.97,17.01,1774286135000,17.11,17.1,38907,24560.5,1774286505000,16.98,16.98,19081,3919.5,2092
1774286660000,1774286660000,17.02,17.04,16.97,17.02,1774286585000,17.03,17.03,4141,0.0,1774286505000,16.98,16.98,19081,3919.5,17.11,17.12,16.97,17.02,1774286135000,17.11,17.1,38907,24560.5,1774286505000,16.98,16.98,19081,3919.5,2093
1774286665000,1774286665000,17.02,17.04,16.97,17.03,1774286585000,17.03,17.03,4141,0.0,1774286505000,16.98,16.98,19081,3919.5,17.11,17.12,16.97,17.03,1774286135000,17.11,17.1,38907,24560.5,1774286505000,16.98,16.98,19081,3919.5,2094
1774286670000,1774286670000,17.02,17.04,16.97,17.03,1774286585000,17.03,17.03,4141,0.0,1774286505000,16.98,16.98,19081,3919.5,17.11,17.12,16.97,17.03,1774286135000,17.11,17.1,38907,24560.5,1774286505000,16.98,16.98,19081,3919.5,2095
1774286675000,1774286675000,17.02,17.04,16.97,17.02,1774286585000,17.03,17.03,4141,0.0,1774286505000,16.98,16.98,19081,3919.5,17.11,17.12,16.97,17.02,1774286135000,17.11,17.1,38907,24560.5,1774286505000,16.98,16.98,19081,3919.5,2096
1774286680000,1774286680000,17.0,17.04,16.97,17.02,1774286585000,17.03,17.03,4141,0.0,1774286505000,16.98,16.98,19081,3919.5,17.11,17.12,16.97,17.02,1774286135000,17.11,17.1,38907,24560.5,1774286505000,16.98,16.98,19081,3919.5,2097
1774286685000,1774286685000,17.0,17.04,16.97,17.02,1774286585000,17.03,17.03,4141,0.0,1774286505000,16.98,16.98,19081,3919.5,17.11,17.12,16.97,17.02,1774286135000,17.11,17.1,38907,24560.5,1774286505000,16.98,16.98,19081,3919.5,2098
1774286690000,1774286690000,17.0,17.04,16.97,17.02,1774286585000,17.03,17.03,4141,0.0,1774286505000,16.98,16.98,19081,3919.5,17.11,17.12,16.97,17.02,1774286135000,17.11,17.1,38907,24560.5,1774286505000,16.98,16.98,19081,3919.5,2099
1774286695000,1774286695000,17.01,17.04,16.97,17.01,1774286585000,17.03,17.03,4141,0.0,1774286505000,16.98,16.98,19081,3919.5,17.11,17.12,16.97,17.01,1774286135000,17.11,17.1,38907,24560.5,1774286505000,16.98,16.98,19081,3919.5,2100
1774286700000,1774286700000,17.01,17.04,16.97,17.02,1774286585000,17.03,17.03,4141,0.0,1774286505000,16.98,16.98,19081,3919.5,17.11,17.12,16.97,17.02,1774286135000,17.11,17.1,38907,24560.5,1774286505000,16.98,16.98,19081,3919.5,2101
1774286705000,1774286705000,17.01,17.04,16.97,17.03,1774286585000,17.03,17.03,4141,0.0,1774286505000,16.98,16.98,19081,3919.5,17.09,17.1,16.97,17.03,1774286145000,17.09,17.09,5093,0.0,1774286505000,16.98,16.98,19081,3919.5,2102
1774286710000,1774286710000,17.01,17.04,16.97,17.03,1774286585000,17.03,17.03,4141,0.0,1774286505000,16.98,16.98,19081,3919.5,17.08,17.08,16.97,17.03,1774286165000,17.07,17.08,3017,0.0,1774286505000,16.98,16.98,19081,3919.5,2103
1774286715000,1774286715000,17.0,17.04,16.97,17.04,1774286715000,17.03,17.04,16854,6474.5,1774286505000,16.98,16.98,19081,3919.5,17.07,17.07,16.97,17.04,1774286180000,17.06,17.05,21476,9119.0,1774286505000,16.98,16.98,19081,3919.5,2104
1774286720000,1774286720000,17.0,17.05,16.97,17.05,1774286720000,17.04,17.05,24448,16021.0,1774286505000,16.98,16.98,19081,3919.5,17.06,17.07,16.97,17.05,1774286180000,17.06,17.05,21476,9119.0,1774286505000,16.98,16.98,19081,3919.5,2105
1774286725000,1774286725000,17.0,17.05,16.97,17.05,1774286725000,17.04,17.05,2775,0.0,1774286505000,16.98,16.98,19081,3919.5,17.06,17.07,16.97,17.05,1774286180000,17.06,17.05,21476,9119.0,1774286505000,16.98,16.98,19081,3919.5,2106
1774286730000,1774286730000,17.0,17.05,16.97,17.03,1774286725000,17.04,17.05,2775,0.0,1774286505000,16.98,16.98,19081,3919.5,17.04,17.06,16.97,17.03,1774286280000,17.05,17.05,16485,8272.5,1774286505000,16.98,16.98,19081,3919.5,2107
1774286735000,1774286735000,16.99,17.05,16.97,17.04,1774286735000,17.04,17.04,12948,7443.5,1774286505000,16.98,16.98,19081,3919.5,17.04,17.06,16.97,17.04,1774286280000,17.05,17.05,16485,8272.5,1774286505000,16.98,16.98,19081,3919.5,2108
1774286740000,1774286740000,16.99,17.05,16.97,17.04,1774286735000,17.04,17.04,12948,3633.5,1774286505000,16.98,16.98,19081,3919.5,17.04,17.06,16.97,17.04,1774286280000,17.05,17.05,16485,8272.5,1774286505000,16.98,16.98,19081,3919.5,2109
1774286745000,1774286745000,16.99,17.05,16.97,17.04,1774286735000,17.04,17.04,12948,3633.5,1774286505000,16.98,16.98,19081,3919.5,17.04,17.06,16.97,17.04,1774286280000,17.05,17.05,16485,8272.5,1774286505000,16.98,16.98,19081,3919.5,2110
1774286750000,1774286750000,16.98,17.05,16.97,17.04,1774286735000,17.04,17.04,12948,3633.5,1774286505000,16.98,16.98,19081,3919.5,17.03,17.06,16.97,17.04,1774286280000,17.05,17.05,16485,8272.5,1774286505000,16.98,16.98,19081,3919.5,2111
1774286755000,1774286755000,16.98,17.05,16.97,17.04,1774286735000,17.04,17.04,12948,3633.5,1774286505000,16.98,16.98,19081,3919.5,17.02,17.06,16.97,17.04,1774286280000,17.05,17.05,16485,8272.5,1774286505000,16.98,16.98,19081,3919.5,2112
1774286760000,1774286760000,16.98,17.05,16.97,17.04,1774286735000,17.04,17.04,12948,3633.5,1774286505000,16.98,16.98,19081,3919.5,17.02,17.06,16.97,17.04,1774286280000,17.05,17.05,16485,8272.5,1774286505000,16.98,16.98,19081,3919.5,2113
1774286765000,1774286765000,16.98,17.05,16.97,17.04,1774286765000,17.04,17.04,9216,3866.0,1774286505000,16.98,16.98,19081,3919.5,17.03,17.06,16.97,17.04,1774286280000,17.05,17.05,16485,8272.5,1774286505000,16.98,16.98,19081,3919.5,2114
1774286770000,1774286770000,16.98,17.05,16.97,17.04,1774286770000,17.04,17.04,17957,13349.0,1774286505000,16.98,16.98,19081,3919.5,17.03,17.06,16.97,17.04,1774286280000,17.05,17.05,16485,8272.5,1774286505000,16.98,16.98,19081,3919.5,2115
1774286775000,1774286775000,16.98,17.05,16.97,17.04,1774286770000,17.04,17.04,17957,13299.0,1774286505000,16.98,16.98,19081,3919.5,17.03,17.06,16.97,17.04,1774286280000,17.05,17.05,16485,8272.5,1774286505000,16.98,16.98,19081,3919.5,2116
1774286780000,1774286780000,16.98,17.05,16.97,17.04,1774286770000,17.04,17.04,17957,13299.0,1774286505000,16.98,16.98,19081,3919.5,17.03,17.06,16.97,17.04,1774286280000,17.05,17.05,16485,8272.5,1774286505000,16.98,16.98,19081,3919.5,2117
1774286785000,1774286785000,16.99,17.06,16.97,17.05,1774286785000,17.04,17.05,28097,26192.5,1774286505000,16.98,16.98,19081,3919.5,17.03,17.06,16.97,17.05,1774286785000,17.04,17.05,28097,26192.5,1774286505000,16.98,16.98,19081,3919.5,2118
1774286790000,1774286790000,17.0,17.06,16.97,17.05,1774286790000,17.05,17.05,17585,3536.5,1774286505000,16.98,16.98,19081,3919.5,17.04,17.06,16.97,17.05,1774286790000,17.05,17.05,17585,3536.5,1774286505000,16.98,16.98,19081,3919.5,2119
1774286795000,1774286795000,17.01,17.07,16.97,17.07,1774286795000,17.05,17.07,9251,458.5,1774286505000,16.98,16.98,19081,3919.5,17.04,17.07,16.97,17.07,1774286795000,17.05,17.07,9251,458.5,1774286505000,16.98,16.98,19081,3919.5,2120
1774286800000,1774286800000,17.01,17.07,16.97,17.07,1774286800000,17.07,17.07,2390,0.0,1774286505000,16.98,16.98,19081,3919.5,17.04,17.07,16.97,17.07,1774286800000,17.07,17.07,2390,0.0,1774286505000,16.98,16.98,19081,3919.5,2121
1774286805000,1774286805000,17.0,17.08,16.97,17.07,1774286805000,17.07,17.07,16151,14956.0,1774286505000,16.98,16.98,19081,3919.5,17.05,17.08,16.97,17.07,1774286805000,17.07,17.07,16151,14956.0,1774286505000,16.98,16.98,19081,3919.5,2122
1774286810000,1774286810000,17.0,17.08,16.97,17.07,1774286810000,17.07,17.07,4770,0.0,1774286505000,16.98,16.98,19081,3919.5,17.05,17.08,16.97,17.07,1774286810000,17.07,17.07,4770,0.0,1774286505000,16.98,16.98,19081,3919.5,2123
1774286815000,1774286815000,17.0,17.08,16.97,17.07,1774286815000,17.07,17.07,8212,5827.0,1774286505000,16.98,16.98,19081,3919.5,17.05,17.08,16.97,17.07,1774286815000,17.07,17.07,8212,5827.0,1774286505000,16.98,16.98,19081,3919.5,2124
1774286820000,1774286820000,17.0,17.08,16.97,17.07,1774286820000,17.07,17.07,4525,419.0,1774286505000,16.98,16.98,19081,3919.5,17.05,17.08,16.97,17.07,1774286820000,17.07,17.07,4525,419.0,1774286505000,16.98,16.98,19081,3919.5,2125
1774286825000,1774286825000,17.0,17.08,16.97,17.08,1774286825000,17.07,17.08,1293,0.0,1774286505000,16.98,16.98,19081,3919.5,17.05,17.08,16.97,17.08,1774286825000,17.07,17.08,1293,0.0,1774286505000,16.98,16.98,19081,3919.5,2126
1774286830000,1774286830000,17.0,17.08,16.97,17.07,1774286830000,17.07,17.07,990,343.5,1774286505000,16.98,16.98,19081,3919.5,17.05,17.08,16.97,17.07,1774286830000,17.07,17.07,990,343.5,1774286505000,16.98,16.98,19081,3919.5,2127
1774286835000,1774286835000,16.98,17.08,16.97,17.07,1774286835000,17.07,17.07,7158,6663.0,1774286505000,16.98,16.98,19081,3919.5,17.05,17.08,16.97,17.07,1774286835000,17.07,17.07,7158,6663.0,1774286505000,16.98,16.98,19081,3919.5,2128
1774286840000,1774286840000,16.98,17.08,16.97,17.07,1774286840000,17.07,17.07,1122,0.0,1774286505000,16.98,16.98,19081,3919.5,17.05,17.08,16.97,17.07,1774286840000,17.07,17.07,1122,0.0,1774286505000,16.98,16.98,19081,3919.5,2129
1774286845000,1774286845000,16.98,17.08,16.97,17.07,1774286845000,17.08,17.07,6600,6039.0,1774286505000,16.98,16.98,19081,3919.5,17.05,17.08,16.97,17.07,1774286845000,17.08,17.07,6600,6039.0,1774286505000,16.98,16.98,19081,3919.5,2130
1774286850000,1774286850000,16.98,17.08,16.98,17.07,1774286850000,17.07,17.07,5000,1700.0,1774286520000,17.0,16.99,30130,24193.5,17.05,17.08,16.97,17.07,1774286850000,17.07,17.07,5000,1700.0,1774286505000,16.98,16.98,19081,3919.5,2131
1774286855000,1774286855000,16.98,17.08,16.98,17.07,1774286855000,17.07,17.07,11390,8890.0,1774286520000,17.0,16.99,30130,24193.5,17.05,17.08,16.97,17.07,1774286855000,17.07,17.07,11390,8890.0,1774286505000,16.98,16.98,19081,3919.5,2132
1774286860000,1774286860000,17.0,17.08,16.98,17.07,1774286860000,17.07,17.07,13404,7709.0,1774286520000,17.0,16.99,30130,24193.5,17.05,17.08,16.97,17.07,1774286860000,17.07,17.07,13404,7709.0,1774286505000,16.98,16.98,19081,3919.5,2133
1774286865000,1774286865000,17.0,17.08,16.98,17.07,1774286860000,17.07,17.07,13404,3683.5,1774286520000,17.0,16.99,30130,24193.5,17.04,17.08,16.97,17.07,1774286860000,17.07,17.07,13404,3683.5,1774286505000,16.98,16.98,19081,3919.5,2134
1774286870000,1774286870000,17.0,17.08,16.98,17.07,1774286860000,17.07,17.07,13404,3683.5,1774286520000,17.0,16.99,30130,24193.5,17.04,17.08,16.97,17.07,1774286860000,17.07,17.07,13404,3683.5,1774286505000,16.98,16.98,19081,3919.5,2135
1774286875000,1774286875000,17.0,17.08,16.99,17.07,1774286860000,17.07,17.07,13404,3683.5,1774286650000,17.0,17.0,15675,11442.0,17.05,17.08,16.97,17.07,1774286860000,17.07,17.07,13404,3683.5,1774286505000,16.98,16.98,19081,3919.5,2136
1774286880000,1774286880000,17.01,17.08,16.99,17.07,1774286860000,17.07,17.07,13404,3683.5,1774286650000,17.0,17.0,15675,11442.0,17.05,17.08,16.97,17.07,1774286860000,17.07,17.07,13404,3683.5,1774286505000,16.98,16.98,19081,3919.5,2137
1774286885000,1774286885000,17.02,17.08,16.99,17.07,1774286885000,17.07,17.07,24053,15491.0,1774286650000,17.0,17.0,15675,11442.0,17.03,17.08,16.97,17.07,1774286885000,17.07,17.07,24053,15491.0,1774286505000,16.98,16.98,19081,3919.5,2138
1774286890000,1774286890000,17.02,17.08,16.99,17.07,1774286890000,17.07,17.07,17259,5232.5,1774286650000,17.0,17.0,15675,11442.0,17.03,17.08,16.97,17.07,1774286890000,17.07,17.07,17259,5232.5,1774286505000,16.98,16.98,19081,3919.5,2139
1774286895000,1774286895000,17.02,17.09,16.99,17.09,1774286895000,17.07,17.09,15882,7252.5,1774286650000,17.0,17.0,15675,11442.0,17.03,17.09,16.97,17.09,1774286895000,17.07,17.09,15882,7252.5,1774286505000,16.98,16.98,19081,3919.5,2140
1774286900000,1774286900000,17.02,17.09,16.99,17.09,1774286900000,17.09,17.09,11600,3659.0,1774286650000,17.0,17.0,15675,11442.0,17.04,17.09,16.97,17.09,1774286900000,17.09,17.09,11600,3659.0,1774286505000,16.98,16.98,19081,3919.5,2141
1774286905000,1774286905000,17.02,17.09,16.99,17.09,1774286905000,17.09,17.09,8119,2319.0,1774286650000,17.0,17.0,15675,11442.0,17.04,17.09,16.97,17.09,1774286905000,17.09,17.09,8119,2319.0,1774286505000,16.98,16.98,19081,3919.5,2142
1774286910000,1774286910000,17.02,17.1,16.99,17.1,1774286910000,17.09,17.1,4061,1.5,1774286650000,17.0,17.0,15675,11442.0,17.04,17.1,16.97,17.1,1774286910000,17.09,17.1,4061,1.5,1774286505000,16.98,16.98,19081,3919.5,2143
1774286915000,1774286915000,17.03,17.1,16.99,17.07,1774286915000,17.09,17.07,44859,42828.5,1774286650000,17.0,17.0,15675,11442.0,17.04,17.1,16.97,17.07,1774286915000,17.09,17.07,44859,42828.5,1774286505000,16.98,16.98,19081,3919.5,2144
1774286920000,1774286920000,17.01,17.1,16.99,17.06,1774286915000,17.09,17.07,44859,32016.0,1774286650000,17.0,17.0,15675,11442.0,17.03,17.1,16.97,17.06,1774286915000,17.09,17.07,44859,32016.0,1774286505000,16.98,16.98,19081,3919.5,2145
1774286925000,1774286925000,17.01,17.1,16.99,17.05,1774286915000,17.09,17.07,44859,32016.0,1774286650000,17.0,17.0,15675,11442.0,17.03,17.1,16.97,17.05,1774286915000,17.09,17.07,44859,32016.0,1774286505000,16.98,16.98,19081,3919.5,2146
1774286930000,1774286930000,17.01,17.1,16.99,17.05,1774286915000,17.09,17.07,44859,32016.0,1774286650000,17.0,17.0,15675,11442.0,17.03,17.1,16.97,17.05,1774286915000,17.09,17.07,44859,32016.0,1774286505000,16.98,16.98,19081,3919.5,2147
1774286935000,1774286935000,17.01,17.1,16.99,17.05,1774286915000,17.09,17.07,44859,32016.0,1774286650000,17.0,17.0,15675,11442.0,17.03,17.1,16.97,17.05,1774286915000,17.09,17.07,44859,32016.0,1774286505000,16.98,16.98,19081,3919.5,2148
1774286940000,1774286940000,17.0,17.1,16.99,17.05,1774286915000,17.09,17.07,44859,32016.0,1774286650000,17.0,17.0,15675,11442.0,17.03,17.1,16.97,17.05,1774286915000,17.09,17.07,44859,32016.0,1774286505000,16.98,16.98,19081,3919.5,2149
1774286945000,1774286945000,17.0,17.1,16.99,17.05,1774286915000,17.09,17.07,44859,32016.0,1774286650000,17.0,17.0,15675,11442.0,17.03,17.1,16.97,17.05,1774286915000,17.09,17.07,44859,32016.0,1774286505000,16.98,16.98,19081,3919.5,2150
1774286950000,1774286950000,17.0,17.1,16.99,17.05,1774286915000,17.09,17.07,44859,32016.0,1774286650000,17.0,17.0,15675,11442.0,17.04,17.1,16.97,17.05,1774286915000,17.09,17.07,44859,32016.0,1774286505000,16.98,16.98,19081,3919.5,2151
1774286955000,1774286955000,17.0,17.1,16.99,17.05,1774286915000,17.09,17.07,44859,32016.0,1774286650000,17.0,17.0,15675,11442.0,17.04,17.1,16.97,17.05,1774286915000,17.09,17.07,44859,32016.0,1774286505000,16.98,16.98,19081,3919.5,2152
1774286960000,1774286960000,17.0,17.1,16.99,17.05,1774286915000,17.09,17.07,44859,32016.0,1774286650000,17.0,17.0,15675,11442.0,17.04,17.1,16.97,17.05,1774286915000,17.09,17.07,44859,32016.0,1774286505000,16.98,16.98,19081,3919.5,2153
1774286965000,1774286965000,17.0,17.1,16.99,17.05,1774286915000,17.09,17.07,44859,32016.0,1774286650000,17.0,17.0,15675,11442.0,17.04,17.1,16.97,17.05,1774286915000,17.09,17.07,44859,32016.0,1774286505000,16.98,16.98,19081,3919.5,2154
1774286970000,1774286970000,17.0,17.1,16.99,17.05,1774286915000,17.09,17.07,44859,32016.0,1774286650000,17.0,17.0,15675,11442.0,17.04,17.1,16.97,17.05,1774286915000,17.09,17.07,44859,32016.0,1774286505000,16.98,16.98,19081,3919.5,2155
1774286975000,1774286975000,17.0,17.1,16.99,17.05,1774286915000,17.09,17.07,44859,32016.0,1774286650000,17.0,17.0,15675,11442.0,17.03,17.1,16.97,17.05,1774286915000,17.09,17.07,44859,32016.0,1774286505000,16.98,16.98,19081,3919.5,2156
1774286980000,1774286980000,17.0,17.1,16.99,17.05,1774286915000,17.09,17.07,44859,32016.0,1774286650000,17.0,17.0,15675,11442.0,17.03,17.1,16.97,17.05,1774286915000,17.09,17.07,44859,32016.0,1774286505000,16.98,16.98,19081,3919.5,2157
1774286985000,1774286985000,17.0,17.1,16.99,17.05,1774286915000,17.09,17.07,44859,32016.0,1774286650000,17.0,17.0,15675,11442.0,17.03,17.1,16.97,17.05,1774286915000,17.09,17.07,44859,32016.0,1774286505000,16.98,16.98,19081,3919.5,2158
1774286990000,1774286990000,17.0,17.1,16.99,17.05,1774286915000,17.09,17.07,44859,32016.0,1774286650000,17.0,17.0,15675,11442.0,17.02,17.1,16.97,17.05,1774286915000,17.09,17.07,44859,32016.0,1774286505000,16.98,16.98,19081,3919.5,2159
1774286995000,1774286995000,17.01,17.1,16.99,17.06,1774286915000,17.09,17.07,44859,32016.0,1774286650000,17.0,17.0,15675,11442.0,17.02,17.1,16.97,17.06,1774286915000,17.09,17.07,44859,32016.0,1774286505000,16.98,16.98,19081,3919.5,2160
1774287000000,1774287000000,17.01,17.1,16.99,17.05,1774286915000,17.09,17.07,44859,32016.0,1774286650000,17.0,17.0,15675,11442.0,17.02,17.1,16.97,17.05,1774286915000,17.09,17.07,44859,32016.0,1774286505000,16.98,16.98,19081,3919.5,2161
1774287005000,1774287005000,17.01,17.1,16.99,17.07,1774286915000,17.09,17.07,44859,32016.0,1774286650000,17.0,17.0,15675,11442.0,17.02,17.1,16.97,17.07,1774286915000,17.09,17.07,44859,32016.0,1774286505000,16.98,16.98,19081,3919.5,2162
1774287010000,1774287010000,17.01,17.1,16.99,17.07,1774286915000,17.09,17.07,44859,32016.0,1774286650000,17.0,17.0,15675,11442.0,17.02,17.1,16.97,17.07,1774286915000,17.09,17.07,44859,32016.0,1774286505000,16.98,16.98,19081,3919.5,2163
1774287015000,1774287015000,17.01,17.1,16.99,17.07,1774286915000,17.09,17.07,44859,32016.0,1774286650000,17.0,17.0,15675,11442.0,17.02,17.1,16.97,17.07,1774286915000,17.09,17.07,44859,32016.0,1774286505000,16.98,16.98,19081,3919.5,2164
1774287020000,1774287020000,17.01,17.1,16.99,17.07,1774286915000,17.09,17.07,44859,32016.0,1774286650000,17.0,17.0,15675,11442.0,17.02,17.1,16.97,17.07,1774286915000,17.09,17.07,44859,32016.0,1774286505000,16.98,16.98,19081,3919.5,2165
1774287025000,1774287025000,17.0,17.1,16.99,17.07,1774286915000,17.09,17.07,44859,32016.0,1774286650000,17.0,17.0,15675,11442.0,17.02,17.1,16.97,17.07,1774286915000,17.09,17.07,44859,32016.0,1774286505000,16.98,16.98,19081,3919.5,2166
1774287030000,1774287030000,17.0,17.1,16.99,17.08,1774286915000,17.09,17.07,44859,32016.0,1774286650000,17.0,17.0,15675,11442.0,17.02,17.1,16.97,17.08,1774286915000,17.09,17.07,44859,32016.0,1774286505000,16.98,16.98,19081,3919.5,2167
1774287035000,1774287035000,17.0,17.1,16.99,17.07,1774286915000,17.09,17.07,44859,32016.0,1774286650000,17.0,17.0,15675,11442.0,17.02,17.1,16.97,17.07,1774286915000,17.09,17.07,44859,32016.0,1774286505000,16.98,16.98,19081,3919.5,2168
1774287040000,1774287040000,17.01,17.1,17.0,17.07,1774286915000,17.09,17.07,44859,32016.0,1774286700000,17.0,17.02,2978,0.0,17.02,17.1,16.97,17.07,1774286915000,17.09,17.07,44859,32016.0,1774286505000,16.98,16.98,19081,3919.5,2169
1774287045000,1774287045000,17.02,17.1,17.0,17.05,1774286915000,17.09,17.07,44859,32016.0,1774286700000,17.0,17.02,2978,0.0,17.02,17.1,16.97,17.05,1774286915000,17.09,17.07,44859,32016.0,1774286505000,16.98,16.98,19081,3919.5,2170
1774287050000,1774287050000,17.02,17.1,17.01,17.05,1774286915000,17.09,17.07,44859,32016.0,1774286705000,17.02,17.03,13700,1831.5,17.01,17.1,16.97,17.05,1774286915000,17.09,17.07,44859,32016.0,1774286505000,16.98,16.98,19081,3919.5,2171
1774287055000,1774287055000,17.02,17.1,17.01,17.05,1774286915000,17.09,17.07,44859,32016.0,1774286705000,17.02,17.03,13700,1831.5,17.01,17.1,16.97,17.05,1774286915000,17.09,17.07,44859,32016.0,1774286505000,16.98,16.98,19081,3919.5,2172
1774287060000,1774287060000,17.02,17.1,17.01,17.05,1774286915000,17.09,17.07,44859,32016.0,1774286705000,17.02,17.03,13700,1831.5,17.01,17.1,16.97,17.05,1774286915000,17.09,17.07,44859,32016.0,1774286505000,16.98,16.98,19081,3919.5,2173
1774287065000,1774287065000,17.02,17.1,17.01,17.05,1774286915000,17.09,17.07,44859,32016.0,1774286705000,17.02,17.03,13700,1831.5,17.01,17.1,16.97,17.05,1774286915000,17.09,17.07,44859,32016.0,1774286505000,16.98,16.98,19081,3919.5,2174
1774287070000,1774287070000,17.03,17.1,17.02,17.04,1774286915000,17.09,17.07,44859,32016.0,1774286710000,17.03,17.03,20759,5482.0,17.01,17.1,16.97,17.04,1774286915000,17.09,17.07,44859,32016.0,1774286505000,16.98,16.98,19081,3919.5,2175
1774287075000,1774287075000,17.03,17.1,17.02,17.04,1774286915000,17.09,17.07,44859,32016.0,1774286710000,17.03,17.03,20759,5482.0,17.01,17.1,16.97,17.04,1774286915000,17.09,17.07,44859,32016.0,1774286505000,16.98,16.98,19081,3919.5,2176
1774287080000,1774287080000,17.03,17.1,17.02,17.05,1774286915000,17.09,17.07,44859,32016.0,1774286710000,17.03,17.03,20759,5482.0,17.01,17.1,16.97,17.05,1774286915000,17.09,17.07,44859,32016.0,1774286505000,16.98,16.98,19081,3919.5,2177
1774287085000,1774287085000,17.03,17.1,17.02,17.04,1774286915000,17.09,17.07,44859,32016.0,1774286710000,17.03,17.03,20759,5482.0,17.01,17.1,16.97,17.04,1774286915000,17.09,17.07,44859,32016.0,1774286505000,16.98,16.98,19081,3919.5,2178
1774287090000,1774287090000,17.03,17.1,17.03,17.05,1774286915000,17.09,17.07,44859,32016.0,1774286780000,17.04,17.04,3809,0.0,17.0,17.1,16.97,17.05,1774286915000,17.09,17.07,44859,32016.0,1774286505000,16.98,16.98,19081,3919.5,2179
1774287095000,1774287095000,17.04,17.1,17.03,17.06,1774286915000,17.09,17.07,44859,32016.0,1774286780000,17.04,17.04,3809,0.0,17.0,17.1,16.97,17.06,1774286915000,17.09,17.07,44859,32016.0,1774286505000,16.98,16.98,19081,3919.5,2180
1774287100000,1774287100000,17.04,17.1,17.03,17.07,1774286915000,17.09,17.07,44859,32016.0,1774286780000,17.04,17.04,3809,0.0,17.0,17.1,16.97,17.07,1774286915000,17.09,17.07,44859,32016.0,1774286505000,16.98,16.98,19081,3919.5,2181
1774287105000,1774287105000,17.04,17.1,17.03,17.06,1774286915000,17.09,17.07,44859,32016.0,1774286780000,17.04,17.04,3809,0.0,17.0,17.1,16.97,17.06,1774286915000,17.09,17.07,44859,32016.0,1774286505000,16.98,16.98,19081,3919.5,2182
1774287110000,1774287110000,17.04,17.1,17.03,17.05,1774286915000,17.09,17.07,44859,32016.0,1774286780000,17.04,17.04,3809,0.0,17.0,17.1,16.97,17.05,1774286915000,17.09,17.07,44859,32016.0,1774286505000,16.98,16.98,19081,3919.5,2183
1774287115000,1774287115000,17.04,17.1,17.03,17.05,1774286915000,17.09,17.07,44859,32016.0,1774286780000,17.04,17.04,3809,0.0,17.0,17.1,16.97,17.05,1774286915000,17.09,17.07,44859,32016.0,1774286505000,16.98,16.98,19081,3919.5,2184
1774287120000,1774287120000,17.04,17.1,17.03,17.05,1774286915000,17.09,17.07,44859,32016.0,1774286780000,17.04,17.04,3809,0.0,16.99,17.1,16.97,17.05,1774286915000,17.09,17.07,44859,32016.0,1774286505000,16.98,16.98,19081,3919.5,2185
1774287125000,1774287125000,17.04,17.1,17.03,17.04,1774286915000,17.09,17.07,44859,32016.0,1774287125000,17.04,17.04,9778,984.5,16.99,17.1,16.97,17.04,1774286915000,17.09,17.07,44859,32016.0,1774286505000,16.98,16.98,19081,3919.5,2186
1774287130000,1774287130000,17.04,17.1,17.03,17.04,1774286915000,17.09,17.07,44859,32016.0,1774287130000,17.04,17.04,2395,0.0,16.99,17.1,16.97,17.04,1774286915000,17.09,17.07,44859,32016.0,1774286505000,16.98,16.98,19081,3919.5,2187
1774287135000,1774287135000,17.04,17.1,17.03,17.04,1774286915000,17.09,17.07,44859,32016.0,1774287135000,17.03,17.04,15287,14089.5,16.98,17.1,16.97,17.04,1774286915000,17.09,17.07,44859,32016.0,1774286505000,16.98,16.98,19081,3919.5,2188
1774287140000,1774287140000,17.04,17.1,17.03,17.04,1774286915000,17.09,17.07,44859,32016.0,1774287140000,17.04,17.04,38280,30636.5,16.98,17.1,16.97,17.04,1774286915000,17.09,17.07,44859,32016.0,1774286505000,16.98,16.98,19081,3919.5,2189
1774287145000,1774287145000,17.04,17.1,17.03,17.03,1774286915000,17.09,17.07,44859,32016.0,1774287145000,17.04,17.03,1086,0.0,16.98,17.1,16.97,17.03,1774286915000,17.09,17.07,44859,32016.0,1774286505000,16.98,16.98,19081,3919.5,2190
1774287150000,1774287150000,17.04,17.1,17.02,17.04,1774286915000,17.09,17.07,44859,32016.0,1774287150000,17.03,17.04,21603,21060.0,16.99,17.1,16.97,17.04,1774286915000,17.09,17.07,44859,32016.0,1774286505000,16.98,16.98,19081,3919.5,2191
1774287155000,1774287155000,17.04,17.1,17.02,17.04,1774286915000,17.09,17.07,44859,32016.0,1774287150000,17.03,17.04,21603,20640.5,16.99,17.1,16.97,17.04,1774286915000,17.09,17.07,44859,32016.0,1774286505000,16.98,16.98,19081,3919.5,2192
1774287160000,1774287160000,17.05,17.1,17.02,17.03,1774286915000,17.09,17.07,44859,32016.0,1774287160000,17.03,17.03,7742,7322.5,16.99,17.1,16.97,17.03,1774286915000,17.09,17.07,44859,32016.0,1774286505000,16.98,16.98,19081,3919.5,2193
1774287165000,1774287165000,17.05,17.1,17.02,17.03,1774286915000,17.09,17.07,44859,32016.0,1774287165000,17.03,17.03,7299,3428.0,17.0,17.1,16.97,17.03,1774286915000,17.09,17.07,44859,32016.0,1774286505000,16.98,16.98,19081,3919.5,2194
1774287170000,1774287170000,17.05,17.1,17.02,17.04,1774286915000,17.09,17.07,44859,32016.0,1774287170000,17.03,17.04,874,0.0,17.0,17.1,16.97,17.04,1774286915000,17.09,17.07,44859,32016.0,1774286505000,16.98,16.98,19081,3919.5,2195
1774287175000,1774287175000,17.05,17.1,17.02,17.03,1774286915000,17.09,17.07,44859,32016.0,1774287175000,17.04,17.03,6592,6155.0,17.0,17.1,16.97,17.03,1774286915000,17.09,17.07,44859,32016.0,1774286505000,16.98,16.98,19081,3919.5,2196
1774287180000,1774287180000,17.07,17.1,17.02,17.02,1774286915000,17.09,17.07,44859,32016.0,1774287180000,17.03,17.02,24854,21558.0,17.0,17.1,16.97,17.02,1774286915000,17.09,17.07,44859,32016.0,1774286505000,16.98,16.98,19081,3919.5,2197
1774287185000,1774287185000,17.07,17.1,17.02,17.02,1774286915000,17.09,17.07,44859,32016.0,1774287185000,17.03,17.02,471,0.0,17.0,17.1,16.97,17.02,1774286915000,17.09,17.07,44859,32016.0,1774286505000,16.98,16.98,19081,3919.5,2198
1774287190000,1774287190000,17.07,17.1,17.02,17.04,1774286915000,17.09,17.07,44859,32016.0,1774287190000,17.02,17.04,11716,11480.5,17.0,17.1,16.97,17.04,1774286915000,17.09,17.07,44859,32016.0,1774286505000,16.98,16.98,19081,3919.5,2199
1774287195000,1774287195000,17.07,17.1,17.02,17.04,1774286915000,17.09,17.07,44859,32016.0,1774287190000,17.02,17.04,11716,7174.0,17.0,17.1,16.97,17.04,1774286915000,17.09,17.07,44859,32016.0,1774286505000,16.98,16.98,19081,3919.5,2200
1774287200000,1774287200000,17.07,17.1,17.02,17.05,1774286915000,17.09,17.07,44859,32016.0,1774287190000,17.02,17.04,11716,7174.0,16.98,17.1,16.97,17.05,1774286915000,17.09,17.07,44859,32016.0,1774286505000,16.98,16.98,19081,3919.5,2201
1774287205000,1774287205000,17.06,17.1,17.02,17.07,1774286915000,17.09,17.07,44859,32016.0,1774287190000,17.02,17.04,11716,7174.0,17.0,17.1,16.98,17.07,1774286915000,17.09,17.07,44859,32016.0,1774286520000,17.0,16.99,30130,24193.5,2202
1774287210000,1774287210000,17.07,17.12,17.02,17.12,1774287210000,17.07,17.12,104994,86066.5,1774287190000,17.02,17.04,11716,7174.0,17.01,17.12,16.99,17.12,1774287210000,17.07,17.12,104994,86066.5,1774286650000,17.0,17.0,15675,11442.0,2203
1774287215000,1774287215000,17.05,17.14,17.02,17.13,1774287215000,17.12,17.13,105248,52751.0,1774287190000,17.02,17.04,11716,7174.0,17.01,17.14,16.99,17.13,1774287215000,17.12,17.13,105248,52751.0,1774286650000,17.0,17.0,15675,11442.0,2204
1774287220000,1774287220000,17.04,17.15,17.02,17.15,1774287220000,17.13,17.15,27261,0.0,1774287190000,17.02,17.04,11716,7174.0,17.0,17.15,16.99,17.15,1774287220000,17.13,17.15,27261,0.0,1774286650000,17.0,17.0,15675,11442.0,2205
1774287225000,1774287225000,17.05,17.16,17.02,17.15,1774287225000,17.14,17.15,22885,9254.5,1774287190000,17.02,17.04,11716,7174.0,17.0,17.16,16.99,17.15,1774287225000,17.14,17.15,22885,9254.5,1774286650000,17.0,17.0,15675,11442.0,2206
1774287230000,1774287230000,17.05,17.16,17.02,17.15,1774287225000,17.14,17.15,22885,305.0,1774287190000,17.02,17.04,11716,7174.0,17.0,17.16,16.99,17.15,1774287225000,17.14,17.15,22885,305.0,1774286650000,17.0,17.0,15675,11442.0,2207
1774287235000,1774287235000,17.07,17.16,17.02,17.14,1774287225000,17.14,17.15,22885,305.0,1774287190000,17.02,17.04,11716,7174.0,17.01,17.16,16.99,17.14,1774287225000,17.14,17.15,22885,305.0,1774286650000,17.0,17.0,15675,11442.0,2208
1774287240000,1774287240000,17.07,17.16,17.02,17.13,1774287225000,17.14,17.15,22885,305.0,1774287190000,17.02,17.04,11716,7174.0,17.0,17.16,16.99,17.13,1774287225000,17.14,17.15,22885,305.0,1774286650000,17.0,17.0,15675,11442.0,2209
1774287245000,1774287245000,17.08,17.16,17.02,17.12,1774287225000,17.14,17.15,22885,305.0,1774287190000,17.02,17.04,11716,7174.0,17.0,17.16,16.99,17.12,1774287225000,17.14,17.15,22885,305.0,1774286650000,17.0,17.0,15675,11442.0,2210
1774287250000,1774287250000,17.08,17.16,17.02,17.12,1774287225000,17.14,17.15,22885,305.0,1774287190000,17.02,17.04,11716,7174.0,17.0,17.16,16.99,17.12,1774287225000,17.14,17.15,22885,305.0,1774286650000,17.0,17.0,15675,11442.0,2211
1774287255000,1774287255000,17.08,17.16,17.02,17.12,1774287225000,17.14,17.15,22885,305.0,1774287190000,17.02,17.04,11716,7174.0,17.01,17.16,17.0,17.12,1774287225000,17.14,17.15,22885,305.0,1774286700000,17.0,17.02,2978,0.0,2212
1774287260000,1774287260000,17.07,17.16,17.02,17.12,1774287225000,17.14,17.15,22885,305.0,1774287190000,17.02,17.04,11716,7174.0,17.01,17.16,17.0,17.12,1774287225000,17.14,17.15,22885,305.0,1774286700000,17.0,17.02,2978,0.0,2213
1774287265000,1774287265000,17.07,17.16,17.02,17.11,1774287225000,17.14,17.15,22885,305.0,1774287190000,17.02,17.04,11716,7174.0,17.01,17.16,17.0,17.11,1774287225000,17.14,17.15,22885,305.0,1774286700000,17.0,17.02,2978,0.0,2214
1774287270000,1774287270000,17.05,17.16,17.02,17.11,1774287225000,17.14,17.15,22885,305.0,1774287190000,17.02,17.04,11716,7174.0,17.02,17.16,17.0,17.11,1774287225000,17.14,17.15,22885,305.0,1774286700000,17.0,17.02,2978,0.0,2215
1774287275000,1774287275000,17.05,17.16,17.02,17.12,1774287225000,17.14,17.15,22885,305.0,1774287190000,17.02,17.04,11716,7174.0,17.03,17.16,17.0,17.12,1774287225000,17.14,17.15,22885,305.0,1774286700000,17.0,17.02,2978,0.0,2216
1774287280000,1774287280000,17.05,17.16,17.02,17.14,1774287225000,17.14,17.15,22885,305.0,1774287190000,17.02,17.04,11716,7174.0,17.02,17.16,17.01,17.14,1774287225000,17.14,17.15,22885,305.0,1774286705000,17.02,17.03,13700,1831.5,2217
1774287285000,1774287285000,17.06,17.16,17.02,17.14,1774287225000,17.14,17.15,22885,305.0,1774287190000,17.02,17.04,11716,7174.0,17.02,17.16,17.01,17.14,1774287225000,17.14,17.15,22885,305.0,1774286705000,17.02,17.03,13700,1831.5,2218
1774287290000,1774287290000,17.05,17.16,17.02,17.14,1774287225000,17.14,17.15,22885,305.0,1774287190000,17.02,17.04,11716,7174.0,17.03,17.16,17.02,17.14,1774287225000,17.14,17.15,22885,305.0,1774287190000,17.02,17.04,11716,7174.0,2219
1774287295000,1774287295000,17.05,17.16,17.02,17.15,1774287295000,17.15,17.15,20896,15487.0,1774287190000,17.02,17.04,11716,7174.0,17.03,17.16,17.02,17.15,1774287295000,17.15,17.15,20896,15487.0,1774287190000,17.02,17.04,11716,7174.0,2220
1774287300000,1774287300000,17.05,17.17,17.02,17.16,1774287300000,17.14,17.16,28939,18491.0,1774287190000,17.02,17.04,11716,7174.0,17.04,17.17,17.02,17.16,1774287300000,17.14,17.16,28939,18491.0,1774287190000,17.02,17.04,11716,7174.0,2221
1774287305000,1774287305000,17.06,17.18,17.02,17.18,1774287305000,17.17,17.18,16615,2145.5,1774287190000,17.02,17.04,11716,7174.0,17.04,17.18,17.02,17.18,1774287305000,17.17,17.18,16615,2145.5,1774287190000,17.02,17.04,11716,7174.0,2222
1774287310000,1774287310000,17.05,17.19,17.02,17.19,1774287310000,17.18,17.19,13888,5580.5,1774287190000,17.02,17.04,11716,7174.0,17.04,17.19,17.02,17.19,1774287310000,17.18,17.19,13888,5580.5,1774287190000,17.02,17.04,11716,7174.0,2223
1774287315000,1774287315000,17.04,17.19,17.02,17.17,1774287315000,17.18,17.17,17696,10752.0,1774287190000,17.02,17.04,11716,7174.0,17.04,17.19,17.02,17.17,1774287315000,17.18,17.17,17696,10752.0,1774287190000,17.02,17.04,11716,7174.0,2224
1774287320000,1774287320000,17.03,17.19,17.02,17.17,1774287315000,17.18,17.17,17696,8781.5,1774287190000,17.02,17.04,11716,7174.0,17.04,17.19,17.02,17.17,1774287315000,17.18,17.17,17696,8781.5,1774287190000,17.02,17.04,11716,7174.0,2225
1774287325000,1774287325000,17.03,17.19,17.02,17.17,1774287315000,17.18,17.17,17696,8781.5,1774287190000,17.02,17.04,11716,7174.0,17.04,17.19,17.02,17.17,1774287315000,17.18,17.17,17696,8781.5,1774287190000,17.02,17.04,11716,7174.0,2226
1774287330000,1774287330000,17.03,17.19,17.02,17.17,1774287315000,17.18,17.17,17696,8781.5,1774287190000,17.02,17.04,11716,7174.0,17.04,17.19,17.02,17.17,1774287315000,17.18,17.17,17696,8781.5,1774287190000,17.02,17.04,11716,7174.0,2227
1774287335000,1774287335000,17.03,17.19,17.02,17.17,1774287315000,17.18,17.17,17696,8781.5,1774287190000,17.02,17.04,11716,7174.0,17.04,17.19,17.02,17.17,1774287315000,17.18,17.17,17696,8781.5,1774287190000,17.02,17.04,11716,7174.0,2228
1774287340000,1774287340000,17.04,17.19,17.02,17.19,1774287340000,17.17,17.19,15400,12981.5,1774287190000,17.02,17.04,11716,7174.0,17.04,17.19,17.02,17.19,1774287340000,17.17,17.19,15400,12981.5,1774287190000,17.02,17.04,11716,7174.0,2229
1774287345000,1774287345000,17.03,17.19,17.02,17.18,1774287345000,17.18,17.18,25290,17590.0,1774287190000,17.02,17.04,11716,7174.0,17.04,17.19,17.02,17.18,1774287345000,17.18,17.18,25290,17590.0,1774287190000,17.02,17.04,11716,7174.0,2230
1774287350000,1774287350000,17.04,17.2,17.02,17.2,1774287350000,17.18,17.2,37484,24839.0,1774287190000,17.02,17.04,11716,7174.0,17.05,17.2,17.02,17.2,1774287350000,17.18,17.2,37484,24839.0,1774287190000,17.02,17.04,11716,7174.0,2231
1774287355000,1774287355000,17.03,17.2,17.02,17.2,1774287355000,17.19,17.2,10427,0.0,1774287190000,17.02,17.04,11716,7174.0,17.05,17.2,17.02,17.2,1774287355000,17.19,17.2,10427,0.0,1774287190000,17.02,17.04,11716,7174.0,2232
1774287360000,1774287360000,17.04,17.21,17.03,17.2,1774287360000,17.2,17.2,38318,33104.5,1774287200000,17.04,17.05,17864,0.0,17.07,17.21,17.02,17.2,1774287360000,17.2,17.2,38318,33104.5,1774287190000,17.02,17.04,11716,7174.0,2233
1774287365000,1774287365000,17.05,17.21,17.05,17.2,1774287365000,17.2,17.2,46565,27406.0,1774287205000,17.05,17.07,37855,0.0,17.07,17.21,17.02,17.2,1774287365000,17.2,17.2,46565,27406.0,1774287190000,17.02,17.04,11716,7174.0,2234
1774287370000,1774287370000,17.05,17.21,17.05,17.2,1774287365000,17.2,17.2,46565,25360.0,1774287205000,17.05,17.07,37855,0.0,17.07,17.21,17.02,17.2,1774287365000,17.2,17.2,46565,25360.0,1774287190000,17.02,17.04,11716,7174.0,2235
1774287375000,1774287375000,17.07,17.21,17.07,17.2,1774287365000,17.2,17.2,46565,25360.0,1774287210000,17.07,17.12,104994,33442.5,17.07,17.21,17.02,17.2,1774287365000,17.2,17.2,46565,25360.0,1774287190000,17.02,17.04,11716,7174.0,2236
1774287380000,1774287380000,17.07,17.21,17.07,17.2,1774287365000,17.2,17.2,46565,25360.0,1774287210000,17.07,17.12,104994,33442.5,17.07,17.21,17.02,17.2,1774287365000,17.2,17.2,46565,25360.0,1774287190000,17.02,17.04,11716,7174.0,2237
1774287385000,1774287385000,17.07,17.21,17.07,17.2,1774287365000,17.2,17.2,46565,25360.0,1774287210000,17.07,17.12,104994,33442.5,17.07,17.21,17.02,17.2,1774287365000,17.2,17.2,46565,25360.0,1774287190000,17.02,17.04,11716,7174.0,2238
1774287390000,1774287390000,17.07,17.21,17.07,17.2,1774287365000,17.2,17.2,46565,25360.0,1774287210000,17.07,17.12,104994,33442.5,17.07,17.21,17.02,17.2,1774287365000,17.2,17.2,46565,25360.0,1774287190000,17.02,17.04,11716,7174.0,2239
1774287395000,1774287395000,17.07,17.21,17.07,17.21,1774287395000,17.2,17.21,31440,30658.5,1774287210000,17.07,17.12,104994,33442.5,17.07,17.21,17.02,17.21,1774287395000,17.2,17.21,31440,30658.5,1774287190000,17.02,17.04,11716,7174.0,2240
1774287400000,1774287400000,17.07,17.22,17.07,17.21,1774287400000,17.21,17.21,14297,0.0,1774287210000,17.07,17.12,104994,33442.5,17.07,17.22,17.02,17.21,1774287400000,17.21,17.21,14297,0.0,1774287190000,17.02,17.04,11716,7174.0,2241
1774287405000,1774287405000,17.12,17.23,17.1,17.22,1774287405000,17.21,17.22,28695,21546.5,1774287255000,17.11,17.12,6896,390.5,17.07,17.23,17.02,17.22,1774287405000,17.21,17.22,28695,21546.5,1774287190000,17.02,17.04,11716,7174.0,2242
1774287410000,1774287410000,17.12,17.23,17.1,17.23,1774287410000,17.22,17.23,13044,0.0,1774287255000,17.11,17.12,6896,390.5,17.09,17.23,17.02,17.23,1774287410000,17.22,17.23,13044,0.0,1774287190000,17.02,17.04,11716,7174.0,2243
1774287415000,1774287415000,17.12,17.23,17.1,17.23,1774287415000,17.23,17.23,31673,25151.0,1774287255000,17.11,17.12,6896,390.5,17.09,17.23,17.02,17.23,1774287415000,17.23,17.23,31673,25151.0,1774287190000,17.02,17.04,11716,7174.0,2244
1774287420000,1774287420000,17.12,17.23,17.1,17.21,1774287420000,17.23,17.21,30242,14405.5,1774287255000,17.11,17.12,6896,390.5,17.09,17.23,17.02,17.21,1774287420000,17.23,17.21,30242,14405.5,1774287190000,17.02,17.04,11716,7174.0,2245
1774287425000,1774287425000,17.13,17.23,17.1,17.22,1774287420000,17.23,17.21,30242,0.0,1774287255000,17.11,17.12,6896,390.5,17.05,17.23,17.02,17.22,1774287420000,17.23,17.21,30242,0.0,1774287190000,17.02,17.04,11716,7174.0,2246
1774287430000,1774287430000,17.14,17.24,17.1,17.24,1774287430000,17.22,17.24,72757,52887.0,1774287255000,17.11,17.12,6896,390.5,17.07,17.24,17.02,17.24,1774287430000,17.22,17.24,72757,52887.0,1774287190000,17.02,17.04,11716,7174.0,2247
1774287435000,1774287435000,17.14,17.24,17.1,17.23,1774287435000,17.23,17.23,1257,0.0,1774287255000,17.11,17.12,6896,390.5,17.07,17.24,17.02,17.23,1774287435000,17.23,17.23,1257,0.0,1774287190000,17.02,17.04,11716,7174.0,2248
1774287440000,1774287440000,17.13,17.24,17.1,17.23,1774287440000,17.23,17.23,15768,15139.5,1774287255000,17.11,17.12,6896,390.5,17.07,17.24,17.02,17.23,1774287440000,17.23,17.23,15768,15139.5,1774287190000,17.02,17.04,11716,7174.0,2249
1774287445000,1774287445000,17.11,17.24,17.1,17.24,1774287445000,17.24,17.24,10124,2240.0,1774287255000,17.11,17.12,6896,390.5,17.08,17.24,17.02,17.24,1774287445000,17.24,17.24,10124,2240.0,1774287190000,17.02,17.04,11716,7174.0,2250
1774287450000,1774287450000,17.12,17.24,17.11,17.23,1774287450000,17.23,17.23,8325,3263.0,1774287280000,17.12,17.14,32714,23778.0,17.07,17.24,17.02,17.23,1774287450000,17.23,17.23,8325,3263.0,1774287190000,17.02,17.04,11716,7174.0,2251
1774287455000,1774287455000,17.12,17.24,17.11,17.24,1774287455000,17.23,17.24,2100,0.0,1774287280000,17.12,17.14,32714,23778.0,17.07,17.24,17.02,17.24,1774287455000,17.23,17.24,2100,0.0,1774287190000,17.02,17.04,11716,7174.0,2252
1774287460000,1774287460000,17.12,17.24,17.11,17.23,1774287460000,17.24,17.23,20454,19404.0,1774287280000,17.12,17.14,32714,23778.0,17.05,17.24,17.02,17.23,1774287460000,17.24,17.23,20454,19404.0,1774287190000,17.02,17.04,11716,7174.0,2253
1774287465000,1774287465000,17.12,17.24,17.11,17.23,1774287465000,17.23,17.23,1300,0.0,1774287280000,17.12,17.14,32714,23778.0,17.05,17.24,17.02,17.23,1774287465000,17.23,17.23,1300,0.0,1774287190000,17.02,17.04,11716,7174.0,2254
1774287470000,1774287470000,17.11,17.24,17.11,17.24,1774287470000,17.23,17.24,3609,2959.0,1774287280000,17.12,17.14,32714,23778.0,17.05,17.24,17.02,17.24,1774287470000,17.23,17.24,3609,2959.0,1774287190000,17.02,17.04,11716,7174.0,2255
1774287475000,1774287475000,17.12,17.24,17.11,17.23,1774287475000,17.23,17.23,35970,34165.5,1774287280000,17.12,17.14,32714,23778.0,17.05,17.24,17.02,17.23,1774287475000,17.23,17.23,35970,34165.5,1774287190000,17.02,17.04,11716,7174.0,2256
1774287480000,1774287480000,17.14,17.24,17.13,17.21,1774287475000,17.23,17.23,35970,28686.5,1774287290000,17.13,17.14,10818,0.0,17.05,17.24,17.02,17.21,1774287475000,17.23,17.23,35970,28686.5,1774287190000,17.02,17.04,11716,7174.0,2257
1774287485000,1774287485000,17.15,17.24,17.14,17.21,1774287475000,17.23,17.23,35970,28686.5,1774287300000,17.14,17.16,28939,10183.5,17.05,17.24,17.02,17.21,1774287475000,17.23,17.23,35970,28686.5,1774287190000,17.02,17.04,11716,7174.0,2258
1774287490000,1774287490000,17.15,17.24,17.14,17.2,1774287475000,17.23,17.23,35970,28686.5,1774287300000,17.14,17.16,28939,10183.5,17.05,17.24,17.02,17.2,1774287475000,17.23,17.23,35970,28686.5,1774287190000,17.02,17.04,11716,7174.0,2259
1774287495000,1774287495000,17.14,17.24,17.14,17.18,1774287475000,17.23,17.23,35970,28686.5,1774287300000,17.14,17.16,28939,10183.5,17.05,17.24,17.02,17.18,1774287475000,17.23,17.23,35970,28686.5,1774287190000,17.02,17.04,11716,7174.0,2260
1774287500000,1774287500000,17.14,17.24,17.14,17.19,1774287475000,17.23,17.23,35970,28686.5,1774287300000,17.14,17.16,28939,10183.5,17.05,17.24,17.02,17.19,1774287475000,17.23,17.23,35970,28686.5,1774287190000,17.02,17.04,11716,7174.0,2261
1774287505000,1774287505000,17.18,17.24,17.16,17.19,1774287475000,17.23,17.23,35970,28686.5,1774287335000,17.17,17.17,4837,0.0,17.06,17.24,17.02,17.19,1774287475000,17.23,17.23,35970,28686.5,1774287190000,17.02,17.04,11716,7174.0,2262
1774287510000,1774287510000,17.18,17.24,17.16,17.19,1774287475000,17.23,17.23,35970,28686.5,1774287335000,17.17,17.17,4837,0.0,17.05,17.24,17.02,17.19,1774287475000,17.23,17.23,35970,28686.5,1774287190000,17.02,17.04,11716,7174.0,2263
1774287515000,1774287515000,17.18,17.24,17.16,17.19,1774287475000,17.23,17.23,35970,28686.5,1774287335000,17.17,17.17,4837,0.0,17.05,17.24,17.02,17.19,1774287475000,17.23,17.23,35970,28686.5,1774287190000,17.02,17.04,11716,7174.0,2264
1774287520000,1774287520000,17.18,17.24,17.16,17.18,1774287475000,17.23,17.23,35970,28686.5,1774287335000,17.17,17.17,4837,0.0,17.05,17.24,17.02,17.18,1774287475000,17.23,17.23,35970,28686.5,1774287190000,17.02,17.04,11716,7174.0,2265
1774287525000,1774287525000,17.18,17.24,17.16,17.19,1774287475000,17.23,17.23,35970,28686.5,1774287335000,17.17,17.17,4837,0.0,17.05,17.24,17.02,17.19,1774287475000,17.23,17.23,35970,28686.5,1774287190000,17.02,17.04,11716,7174.0,2266
1774287530000,1774287530000,17.17,17.24,17.16,17.19,1774287475000,17.23,17.23,35970,28686.5,1774287335000,17.17,17.17,4837,0.0,17.03,17.24,17.02,17.19,1774287475000,17.23,17.23,35970,28686.5,1774287190000,17.02,17.04,11716,7174.0,2267
1774287535000,1774287535000,17.17,17.24,17.17,17.18,1774287475000,17.23,17.23,35970,28686.5,1774287535000,17.18,17.18,10197,0.0,17.04,17.24,17.02,17.18,1774287475000,17.23,17.23,35970,28686.5,1774287190000,17.02,17.04,11716,7174.0,2268
1774287540000,1774287540000,17.17,17.24,17.17,17.18,1774287475000,17.23,17.23,35970,28686.5,1774287540000,17.18,17.18,500,0.0,17.04,17.24,17.02,17.18,1774287475000,17.23,17.23,35970,28686.5,1774287190000,17.02,17.04,11716,7174.0,2269
1774287545000,1774287545000,17.18,17.24,17.17,17.18,1774287475000,17.23,17.23,35970,28686.5,1774287545000,17.17,17.18,7500,7250.0,17.04,17.24,17.02,17.18,1774287475000,17.23,17.23,35970,28686.5,1774287190000,17.02,17.04,11716,7174.0,2270
1774287550000,1774287550000,17.18,17.24,17.17,17.18,1774287475000,17.23,17.23,35970,28686.5,1774287550000,17.18,17.18,474,0.0,17.04,17.24,17.02,17.18,1774287475000,17.23,17.23,35970,28686.5,1774287190000,17.02,17.04,11716,7174.0,2271
1774287555000,1774287555000,17.18,17.24,17.17,17.17,1774287475000,17.23,17.23,35970,28686.5,1774287555000,17.18,17.17,1623,1386.0,17.04,17.24,17.02,17.17,1774287475000,17.23,17.23,35970,28686.5,1774287190000,17.02,17.04,11716,7174.0,2272
1774287560000,1774287560000,17.18,17.24,17.17,17.18,1774287475000,17.23,17.23,35970,28686.5,1774287560000,17.18,17.18,5104,4292.5,17.04,17.24,17.02,17.18,1774287475000,17.23,17.23,35970,28686.5,1774287190000,17.02,17.04,11716,7174.0,2273
1774287565000,1774287565000,17.18,17.24,17.17,17.18,1774287475000,17.23,17.23,35970,28686.5,1774287565000,17.18,17.18,300,0.0,17.04,17.24,17.02,17.18,1774287475000,17.23,17.23,35970,28686.5,1774287190000,17.02,17.04,11716,7174.0,2274
1774287570000,1774287570000,17.18,17.24,17.17,17.18,1774287475000,17.23,17.23,35970,28686.5,1774287570000,17.17,17.18,348,198.0,17.04,17.24,17.02,17.18,1774287475000,17.23,17.23,35970,28686.5,1774287190000,17.02,17.04,11716,7174.0,2275
1774287575000,1774287575000,17.18,17.24,17.17,17.18,1774287475000,17.23,17.23,35970,28686.5,1774287575000,17.17,17.18,8598,8424.0,17.04,17.24,17.02,17.18,1774287475000,17.23,17.23,35970,28686.5,1774287190000,17.02,17.04,11716,7174.0,2276
1774287580000,1774287580000,17.18,17.24,17.16,17.16,1774287475000,17.23,17.23,35970,28686.5,1774287580000,17.17,17.16,9154,4855.0,17.03,17.24,17.02,17.16,1774287475000,17.23,17.23,35970,28686.5,1774287190000,17.02,17.04,11716,7174.0,2277
1774287585000,1774287585000,17.18,17.24,17.16,17.18,1774287475000,17.23,17.23,35970,28686.5,1774287585000,17.16,17.18,29767,25190.0,17.03,17.24,17.02,17.18,1774287475000,17.23,17.23,35970,28686.5,1774287190000,17.02,17.04,11716,7174.0,2278
1774287590000,1774287590000,17.19,17.24,17.16,17.18,1774287475000,17.23,17.23,35970,28686.5,1774287585000,17.16,17.18,29767,21215.0,17.04,17.24,17.02,17.18,1774287475000,17.23,17.23,35970,28686.5,1774287190000,17.02,17.04,11716,7174.0,2279
1774287595000,1774287595000,17.2,17.24,17.16,17.19,1774287475000,17.23,17.23,35970,28686.5,1774287585000,17.16,17.18,29767,21215.0,17.03,17.24,17.02,17.19,1774287475000,17.23,17.23,35970,28686.5,1774287190000,17.02,17.04,11716,7174.0,2280
1774287600000,1774287600000,17.2,17.24,17.16,17.17,1774287475000,17.23,17.23,35970,28686.5,1774287585000,17.16,17.18,29767,21215.0,17.03,17.24,17.02,17.17,1774287475000,17.23,17.23,35970,28686.5,1774287190000,17.02,17.04,11716,7174.0,2281
1774287605000,1774287605000,17.2,17.24,17.16,17.17,1774287475000,17.23,17.23,35970,28686.5,1774287605000,17.16,17.17,9620,4910.5,17.02,17.24,17.02,17.17,1774287475000,17.23,17.23,35970,28686.5,1774287190000,17.02,17.04,11716,7174.0,2282
1774287610000,1774287610000,17.2,17.24,17.16,17.17,1774287475000,17.23,17.23,35970,28686.5,1774287605000,17.16,17.17,9620,4160.5,17.02,17.24,17.02,17.17,1774287475000,17.23,17.23,35970,28686.5,1774287190000,17.02,17.04,11716,7174.0,2283
1774287615000,1774287615000,17.2,17.24,17.16,17.16,1774287475000,17.23,17.23,35970,28686.5,1774287615000,17.16,17.16,7407,6657.0,17.04,17.24,17.03,17.16,1774287475000,17.23,17.23,35970,28686.5,1774287200000,17.04,17.05,17864,0.0,2284
1774287620000,1774287620000,17.2,17.24,17.16,17.18,1774287475000,17.23,17.23,35970,28686.5,1774287620000,17.17,17.18,17137,13433.5,17.04,17.24,17.03,17.18,1774287475000,17.23,17.23,35970,28686.5,1774287200000,17.04,17.05,17864,0.0,2285
1774287625000,1774287625000,17.2,17.24,17.16,17.18,1774287475000,17.23,17.23,35970,28686.5,1774287620000,17.17,17.18,17137,9411.0,17.05,17.24,17.05,17.18,1774287475000,17.23,17.23,35970,28686.5,1774287205000,17.05,17.07,37855,0.0,2286
1774287630000,1774287630000,17.2,17.24,17.16,17.16,1774287475000,17.23,17.23,35970,28686.5,1774287630000,17.17,17.16,11069,7046.5,17.05,17.24,17.05,17.16,1774287475000,17.23,17.23,35970,28686.5,1774287205000,17.05,17.07,37855,0.0,2287
1774287635000,1774287635000,17.2,17.24,17.16,17.16,1774287475000,17.23,17.23,35970,28686.5,1774287635000,17.16,17.16,7000,1465.5,17.05,17.24,17.05,17.16,1774287475000,17.23,17.23,35970,28686.5,1774287205000,17.05,17.07,37855,0.0,2288
1774287640000,1774287640000,17.2,17.24,17.16,17.16,1774287475000,17.23,17.23,35970,28686.5,1774287640000,17.16,17.16,5700,2200.0,17.05,17.24,17.05,17.16,1774287475000,17.23,17.23,35970,28686.5,1774287205000,17.05,17.07,37855,0.0,2289
1774287645000,1774287645000,17.19,17.24,17.16,17.16,1774287475000,17.23,17.23,35970,28686.5,1774287645000,17.17,17.16,1211,0.0,17.05,17.24,17.05,17.16,1774287475000,17.23,17.23,35970,28686.5,1774287205000,17.05,17.07,37855,0.0,2290
1774287650000,1774287650000,17.2,17.24,17.16,17.18,1774287475000,17.23,17.23,35970,28686.5,1774287645000,17.17,17.16,1211,0.0,17.07,17.24,17.07,17.18,1774287475000,17.23,17.23,35970,28686.5,1774287210000,17.07,17.12,104994,33442.5,2291
1774287655000,1774287655000,17.2,17.24,17.16,17.18,1774287475000,17.23,17.23,35970,28686.5,1774287645000,17.17,17.16,1211,0.0,17.07,17.24,17.07,17.18,1774287475000,17.23,17.23,35970,28686.5,1774287210000,17.07,17.12,104994,33442.5,2292
1774287660000,1774287660000,17.2,17.24,17.16,17.18,1774287475000,17.23,17.23,35970,28686.5,1774287645000,17.17,17.16,1211,0.0,17.07,17.24,17.07,17.18,1774287475000,17.23,17.23,35970,28686.5,1774287210000,17.07,17.12,104994,33442.5,2293
1774287665000,1774287665000,17.2,17.24,17.16,17.18,1774287475000,17.23,17.23,35970,28686.5,1774287645000,17.17,17.16,1211,0.0,17.07,17.24,17.07,17.18,1774287475000,17.23,17.23,35970,28686.5,1774287210000,17.07,17.12,104994,33442.5,2294
1774287670000,1774287670000,17.2,17.24,17.16,17.16,1774287475000,17.23,17.23,35970,28686.5,1774287670000,17.17,17.16,4760,313.5,17.07,17.24,17.07,17.16,1774287475000,17.23,17.23,35970,28686.5,1774287210000,17.07,17.12,104994,33442.5,2295
1774287675000,1774287675000,17.2,17.24,17.15,17.16,1774287475000,17.23,17.23,35970,28686.5,1774287675000,17.16,17.16,4599,2219.0,17.07,17.24,17.07,17.16,1774287475000,17.23,17.23,35970,28686.5,1774287210000,17.07,17.12,104994,33442.5,2296
1774287680000,1774287680000,17.21,17.24,17.15,17.16,1774287475000,17.23,17.23,35970,28686.5,1774287675000,17.16,17.16,4599,0.0,17.07,17.24,17.07,17.16,1774287475000,17.23,17.23,35970,28686.5,1774287210000,17.07,17.12,104994,33442.5,2297
1774287685000,1774287685000,17.21,17.24,17.14,17.14,1774287475000,17.23,17.23,35970,28686.5,1774287685000,17.16,17.14,13290,6152.0,17.07,17.24,17.07,17.14,1774287475000,17.23,17.23,35970,28686.5,1774287210000,17.07,17.12,104994,33442.5,2298
1774287690000,1774287690000,17.21,17.24,17.14,17.16,1774287475000,17.23,17.23,35970,28686.5,1774287685000,17.16,17.14,13290,5802.0,17.07,17.24,17.07,17.16,1774287475000,17.23,17.23,35970,28686.5,1774287210000,17.07,17.12,104994,33442.5,2299
1774287695000,1774287695000,17.21,17.24,17.14,17.16,1774287475000,17.23,17.23,35970,28686.5,1774287685000,17.16,17.14,13290,5802.0,17.07,17.24,17.07,17.16,1774287475000,17.23,17.23,35970,28686.5,1774287210000,17.07,17.12,104994,33442.5,2300
1774287700000,1774287700000,17.21,17.24,17.14,17.16,1774287475000,17.23,17.23,35970,28686.5,1774287685000,17.16,17.14,13290,5802.0,17.07,17.24,17.07,17.16,1774287475000,17.23,17.23,35970,28686.5,1774287210000,17.07,17.12,104994,33442.5,2301
1774287705000,1774287705000,17.21,17.24,17.14,17.16,1774287475000,17.23,17.23,35970,28686.5,1774287685000,17.16,17.14,13290,5802.0,17.07,17.24,17.07,17.16,1774287475000,17.23,17.23,35970,28686.5,1774287210000,17.07,17.12,104994,33442.5,2302
1774287710000,1774287710000,17.21,17.24,17.14,17.16,1774287475000,17.23,17.23,35970,28686.5,1774287685000,17.16,17.14,13290,5802.0,17.07,17.24,17.07,17.16,1774287475000,17.23,17.23,35970,28686.5,1774287210000,17.07,17.12,104994,33442.5,2303
1774287715000,1774287715000,17.21,17.24,17.14,17.14,1774287475000,17.23,17.23,35970,28686.5,1774287715000,17.16,17.14,15718,12527.0,17.12,17.24,17.1,17.14,1774287475000,17.23,17.23,35970,28686.5,1774287255000,17.11,17.12,6896,390.5,2304
1774287720000,1774287720000,17.23,17.24,17.14,17.16,1774287475000,17.23,17.23,35970,28686.5,1774287720000,17.14,17.16,18703,10844.0,17.12,17.24,17.1,17.16,1774287475000,17.23,17.23,35970,28686.5,1774287255000,17.11,17.12,6896,390.5,2305
1774287725000,1774287725000,17.23,17.24,17.14,17.16,1774287475000,17.23,17.23,35970,28686.5,1774287720000,17.14,17.16,18703,4637.0,17.12,17.24,17.1,17.16,1774287475000,17.23,17.23,35970,28686.5,1774287255000,17.11,17.12,6896,390.5,2306
1774287730000,1774287730000,17.23,17.24,17.14,17.18,1774287475000,17.23,17.23,35970,28686.5,1774287720000,17.14,17.16,18703,4637.0,17.12,17.24,17.1,17.18,1774287475000,17.23,17.23,35970,28686.5,1774287255000,17.11,17.12,6896,390.5,2307
1774287735000,1774287735000,17.23,17.24,17.14,17.18,1774287475000,17.23,17.23,35970,28686.5,1774287720000,17.14,17.16,18703,4637.0,17.12,17.24,17.1,17.18,1774287475000,17.23,17.23,35970,28686.5,1774287255000,17.11,17.12,6896,390.5,2308
1774287740000,1774287740000,17.23,17.24,17.14,17.19,1774287475000,17.23,17.23,35970,28686.5,1774287720000,17.14,17.16,18703,4637.0,17.12,17.24,17.1,17.19,1774287475000,17.23,17.23,35970,28686.5,1774287255000,17.11,17.12,6896,390.5,2309
1774287745000,1774287745000,17.22,17.24,17.14,17.19,1774287475000,17.23,17.23,35970,28686.5,1774287720000,17.14,17.16,18703,4637.0,17.12,17.24,17.1,17.19,1774287475000,17.23,17.23,35970,28686.5,1774287255000,17.11,17.12,6896,390.5,2310
1774287750000,1774287750000,17.22,17.24,17.14,17.2,1774287475000,17.23,17.23,35970,28686.5,1774287720000,17.14,17.16,18703,4637.0,17.12,17.24,17.1,17.2,1774287475000,17.23,17.23,35970,28686.5,1774287255000,17.11,17.12,6896,390.5,2311
1774287755000,1774287755000,17.22,17.24,17.14,17.19,1774287475000,17.23,17.23,35970,28686.5,1774287720000,17.14,17.16,18703,4637.0,17.12,17.24,17.1,17.19,1774287475000,17.23,17.23,35970,28686.5,1774287255000,17.11,17.12,6896,390.5,2312
1774287760000,1774287760000,17.22,17.24,17.14,17.18,1774287475000,17.23,17.23,35970,28686.5,1774287720000,17.14,17.16,18703,4637.0,17.13,17.24,17.1,17.18,1774287475000,17.23,17.23,35970,28686.5,1774287255000,17.11,17.12,6896,390.5,2313
1774287765000,1774287765000,17.22,17.24,17.14,17.18,1774287475000,17.23,17.23,35970,28686.5,1774287720000,17.14,17.16,18703,4637.0,17.14,17.24,17.1,17.18,1774287475000,17.23,17.23,35970,28686.5,1774287255000,17.11,17.12,6896,390.5,2314
1774287770000,1774287770000,17.22,17.24,17.14,17.17,1774287475000,17.23,17.23,35970,28686.5,1774287720000,17.14,17.16,18703,4637.0,17.15,17.24,17.1,17.17,1774287475000,17.23,17.23,35970,28686.5,1774287255000,17.11,17.12,6896,390.5,2315
1774287775000,1774287775000,17.22,17.24,17.14,17.18,1774287475000,17.23,17.23,35970,28686.5,1774287720000,17.14,17.16,18703,4637.0,17.15,17.24,17.1,17.18,1774287475000,17.23,17.23,35970,28686.5,1774287255000,17.11,17.12,6896,390.5,2316
1774287780000,1774287780000,17.23,17.24,17.14,17.18,1774287475000,17.23,17.23,35970,28686.5,1774287720000,17.14,17.16,18703,4637.0,17.14,17.24,17.1,17.18,1774287475000,17.23,17.23,35970,28686.5,1774287255000,17.11,17.12,6896,390.5,2317
1774287785000,1774287785000,17.23,17.24,17.14,17.16,1774287475000,17.23,17.23,35970,28686.5,1774287720000,17.14,17.16,18703,4637.0,17.14,17.24,17.1,17.16,1774287475000,17.23,17.23,35970,28686.5,1774287255000,17.11,17.12,6896,390.5,2318
1774287790000,1774287790000,17.23,17.24,17.14,17.16,1774287475000,17.23,17.23,35970,28686.5,1774287720000,17.14,17.16,18703,4637.0,17.14,17.24,17.1,17.16,1774287475000,17.23,17.23,35970,28686.5,1774287255000,17.11,17.12,6896,390.5,2319
1774287795000,1774287795000,17.23,17.24,17.14,17.16,1774287475000,17.23,17.23,35970,28686.5,1774287720000,17.14,17.16,18703,4637.0,17.11,17.24,17.1,17.16,1774287475000,17.23,17.23,35970,28686.5,1774287255000,17.11,17.12,6896,390.5,2320
1774287800000,1774287800000,17.23,17.24,17.14,17.16,1774287475000,17.23,17.23,35970,28686.5,1774287720000,17.14,17.16,18703,4637.0,17.12,17.24,17.11,17.16,1774287475000,17.23,17.23,35970,28686.5,1774287280000,17.12,17.14,32714,23778.0,2321
1774287805000,1774287805000,17.24,17.24,17.14,17.16,1774287475000,17.23,17.23,35970,28686.5,1774287720000,17.14,17.16,18703,4637.0,17.12,17.24,17.11,17.16,1774287475000,17.23,17.23,35970,28686.5,1774287280000,17.12,17.14,32714,23778.0,2322
1774287810000,1774287810000,17.23,17.24,17.14,17.15,1774287475000,17.23,17.23,35970,28686.5,1774287720000,17.14,17.16,18703,4637.0,17.12,17.24,17.11,17.15,1774287475000,17.23,17.23,35970,28686.5,1774287280000,17.12,17.14,32714,23778.0,2323
1774287815000,1774287815000,17.23,17.24,17.14,17.15,1774287475000,17.23,17.23,35970,28686.5,1774287815000,17.16,17.15,2941,0.0,17.12,17.24,17.11,17.15,1774287475000,17.23,17.23,35970,28686.5,1774287280000,17.12,17.14,32714,23778.0,2324
1774287820000,1774287820000,17.23,17.24,17.14,17.14,1774287475000,17.23,17.23,35970,28686.5,1774287820000,17.15,17.14,4527,3056.5,17.12,17.24,17.11,17.14,1774287475000,17.23,17.23,35970,28686.5,1774287280000,17.12,17.14,32714,23778.0,2325
1774287825000,1774287825000,17.23,17.24,17.14,17.14,1774287475000,17.23,17.23,35970,28686.5,1774287825000,17.14,17.14,844,0.0,17.12,17.24,17.11,17.14,1774287475000,17.23,17.23,35970,28686.5,1774287280000,17.12,17.14,32714,23778.0,2326
1774287830000,1774287830000,17.23,17.24,17.14,17.14,1774287475000,17.23,17.23,35970,28686.5,1774287830000,17.14,17.14,10840,10418.0,17.12,17.24,17.11,17.14,1774287475000,17.23,17.23,35970,28686.5,1774287280000,17.12,17.14,32714,23778.0,2327
1774287835000,1774287835000,17.21,17.22,17.14,17.15,1774287485000,17.21,17.21,18544,9538.0,1774287835000,17.15,17.15,25402,19982.0,17.13,17.24,17.13,17.15,1774287475000,17.23,17.23,35970,28686.5,1774287290000,17.13,17.14,10818,0.0,2328
1774287840000,1774287840000,17.21,17.21,17.14,17.16,1774287490000,17.21,17.2,7054,0.0,1774287835000,17.15,17.15,25402,15587.0,17.15,17.24,17.14,17.16,1774287475000,17.23,17.23,35970,28686.5,1774287835000,17.15,17.15,25402,15587.0,2329
1774287845000,1774287845000,17.21,17.21,17.14,17.16,1774287490000,17.21,17.2,7054,0.0,1774287835000,17.15,17.15,25402,15587.0,17.15,17.24,17.14,17.16,1774287475000,17.23,17.23,35970,28686.5,1774287835000,17.15,17.15,25402,15587.0,2330
1774287850000,1774287850000,17.2,17.2,17.14,17.17,1774287755000,17.2,17.19,18950,9583.5,1774287835000,17.15,17.15,25402,15587.0,17.14,17.24,17.14,17.17,1774287475000,17.23,17.23,35970,28686.5,1774287835000,17.15,17.15,25402,15587.0,2331
1774287855000,1774287855000,17.2,17.2,17.14,17.16,1774287755000,17.2,17.19,18950,9583.5,1774287835000,17.15,17.15,25402,15587.0,17.14,17.24,17.14,17.16,1774287475000,17.23,17.23,35970,28686.5,1774287835000,17.15,17.15,25402,15587.0,2332
1774287860000,1774287860000,17.19,17.2,17.14,17.16,1774287755000,17.2,17.19,18950,9583.5,1774287835000,17.15,17.15,25402,15587.0,17.14,17.24,17.14,17.16,1774287475000,17.23,17.23,35970,28686.5,1774287835000,17.15,17.15,25402,15587.0,2333
1774287865000,1774287865000,17.19,17.2,17.14,17.17,1774287755000,17.2,17.19,18950,9583.5,1774287835000,17.15,17.15,25402,15587.0,17.14,17.24,17.14,17.17,1774287475000,17.23,17.23,35970,28686.5,1774287835000,17.15,17.15,25402,15587.0,2334
1774287870000,1774287870000,17.19,17.2,17.14,17.16,1774287755000,17.2,17.19,18950,9583.5,1774287835000,17.15,17.15,25402,15587.0,17.14,17.24,17.14,17.16,1774287475000,17.23,17.23,35970,28686.5,1774287835000,17.15,17.15,25402,15587.0,2335
1774287875000,1774287875000,17.19,17.2,17.14,17.16,1774287755000,17.2,17.19,18950,9583.5,1774287835000,17.15,17.15,25402,15587.0,17.17,17.24,17.14,17.16,1774287475000,17.23,17.23,35970,28686.5,1774287835000,17.15,17.15,25402,15587.0,2336
1774287880000,1774287880000,17.19,17.2,17.14,17.15,1774287755000,17.2,17.19,18950,9583.5,1774287835000,17.15,17.15,25402,15587.0,17.18,17.24,17.14,17.15,1774287475000,17.23,17.23,35970,28686.5,1774287835000,17.15,17.15,25402,15587.0,2337
1774287885000,1774287885000,17.18,17.2,17.12,17.13,1774287755000,17.2,17.19,18950,9583.5,1774287885000,17.14,17.13,31318,20145.0,17.17,17.24,17.12,17.13,1774287475000,17.23,17.23,35970,28686.5,1774287885000,17.14,17.13,31318,20145.0,2338
1774287890000,1774287890000,17.17,17.2,17.11,17.12,1774287755000,17.2,17.19,18950,9583.5,1774287890000,17.12,17.12,10114,0.0,17.17,17.24,17.11,17.12,1774287475000,17.23,17.23,35970,28686.5,1774287890000,17.12,17.12,10114,0.0,2339
1774287895000,1774287895000,17.17,17.2,17.11,17.14,1774287755000,17.2,17.19,18950,9583.5,1774287890000,17.12,17.12,10114,0.0,17.18,17.24,17.11,17.14,1774287475000,17.23,17.23,35970,28686.5,1774287890000,17.12,17.12,10114,0.0,2340
1774287900000,1774287900000,17.17,17.2,17.11,17.14,1774287755000,17.2,17.19,18950,9583.5,1774287890000,17.12,17.12,10114,0.0,17.18,17.24,17.11,17.14,1774287475000,17.23,17.23,35970,28686.5,1774287890000,17.12,17.12,10114,0.0,2341
1774287905000,1774287905000,17.17,17.2,17.11,17.14,1774287755000,17.2,17.19,18950,9583.5,1774287890000,17.12,17.12,10114,0.0,17.18,17.24,17.11,17.14,1774287475000,17.23,17.23,35970,28686.5,1774287890000,17.12,17.12,10114,0.0,2342
1774287910000,1774287910000,17.16,17.2,17.11,17.14,1774287755000,17.2,17.19,18950,9583.5,1774287890000,17.12,17.12,10114,0.0,17.18,17.24,17.11,17.14,1774287475000,17.23,17.23,35970,28686.5,1774287890000,17.12,17.12,10114,0.0,2343
1774287915000,1774287915000,17.18,17.2,17.11,17.13,1774287755000,17.2,17.19,18950,9583.5,1774287890000,17.12,17.12,10114,0.0,17.19,17.24,17.11,17.13,1774287475000,17.23,17.23,35970,28686.5,1774287890000,17.12,17.12,10114,0.0,2344
1774287920000,1774287920000,17.19,17.2,17.11,17.14,1774287755000,17.2,17.19,18950,9583.5,1774287890000,17.12,17.12,10114,0.0,17.2,17.24,17.11,17.14,1774287475000,17.23,17.23,35970,28686.5,1774287890000,17.12,17.12,10114,0.0,2345
1774287925000,1774287925000,17.19,17.2,17.11,17.14,1774287755000,17.2,17.19,18950,9583.5,1774287890000,17.12,17.12,10114,0.0,17.2,17.24,17.11,17.14,1774287475000,17.23,17.23,35970,28686.5,1774287890000,17.12,17.12,10114,0.0,2346
1774287930000,1774287930000,17.16,17.2,17.11,17.14,1774287755000,17.2,17.19,18950,9583.5,1774287890000,17.12,17.12,10114,0.0,17.2,17.24,17.11,17.14,1774287475000,17.23,17.23,35970,28686.5,1774287890000,17.12,17.12,10114,0.0,2347
1774287935000,1774287935000,17.16,17.2,17.11,17.13,1774287755000,17.2,17.19,18950,9583.5,1774287890000,17.12,17.12,10114,0.0,17.2,17.24,17.11,17.13,1774287475000,17.23,17.23,35970,28686.5,1774287890000,17.12,17.12,10114,0.0,2348
1774287940000,1774287940000,17.16,17.2,17.11,17.14,1774287755000,17.2,17.19,18950,9583.5,1774287890000,17.12,17.12,10114,0.0,17.2,17.24,17.11,17.14,1774287475000,17.23,17.23,35970,28686.5,1774287890000,17.12,17.12,10114,0.0,2349
1774287945000,1774287945000,17.17,17.2,17.11,17.13,1774287755000,17.2,17.19,18950,9583.5,1774287890000,17.12,17.12,10114,0.0,17.2,17.24,17.11,17.13,1774287475000,17.23,17.23,35970,28686.5,1774287890000,17.12,17.12,10114,0.0,2350
1774287950000,1774287950000,17.17,17.2,17.11,17.14,1774287755000,17.2,17.19,18950,9583.5,1774287890000,17.12,17.12,10114,0.0,17.2,17.24,17.11,17.14,1774287475000,17.23,17.23,35970,28686.5,1774287890000,17.12,17.12,10114,0.0,2351
1774287955000,1774287955000,17.17,17.2,17.11,17.14,1774287755000,17.2,17.19,18950,9583.5,1774287890000,17.12,17.12,10114,0.0,17.2,17.24,17.11,17.14,1774287475000,17.23,17.23,35970,28686.5,1774287890000,17.12,17.12,10114,0.0,2352
1774287960000,1774287960000,17.18,17.2,17.11,17.15,1774287755000,17.2,17.19,18950,9583.5,1774287890000,17.12,17.12,10114,0.0,17.2,17.24,17.11,17.15,1774287475000,17.23,17.23,35970,28686.5,1774287890000,17.12,17.12,10114,0.0,2353
1774287965000,1774287965000,17.16,17.2,17.11,17.16,1774287755000,17.2,17.19,18950,9583.5,1774287890000,17.12,17.12,10114,0.0,17.2,17.24,17.11,17.16,1774287475000,17.23,17.23,35970,28686.5,1774287890000,17.12,17.12,10114,0.0,2354
1774287970000,1774287970000,17.16,17.2,17.11,17.14,1774287755000,17.2,17.19,18950,9583.5,1774287890000,17.12,17.12,10114,0.0,17.2,17.24,17.11,17.14,1774287475000,17.23,17.23,35970,28686.5,1774287890000,17.12,17.12,10114,0.0,2355
1774287975000,1774287975000,17.16,17.2,17.11,17.14,1774287755000,17.2,17.19,18950,9583.5,1774287890000,17.12,17.12,10114,0.0,17.2,17.24,17.11,17.14,1774287475000,17.23,17.23,35970,28686.5,1774287890000,17.12,17.12,10114,0.0,2356
1774287980000,1774287980000,17.16,17.2,17.11,17.15,1774287755000,17.2,17.19,18950,9583.5,1774287890000,17.12,17.12,10114,0.0,17.21,17.24,17.11,17.15,1774287475000,17.23,17.23,35970,28686.5,1774287890000,17.12,17.12,10114,0.0,2357
1774287985000,1774287985000,17.16,17.2,17.11,17.14,1774287755000,17.2,17.19,18950,9583.5,1774287890000,17.12,17.12,10114,0.0,17.21,17.24,17.11,17.14,1774287475000,17.23,17.23,35970,28686.5,1774287890000,17.12,17.12,10114,0.0,2358
1774287990000,1774287990000,17.15,17.2,17.11,17.14,1774287755000,17.2,17.19,18950,9583.5,1774287890000,17.12,17.12,10114,0.0,17.21,17.24,17.11,17.14,1774287475000,17.23,17.23,35970,28686.5,1774287890000,17.12,17.12,10114,0.0,2359
1774287995000,1774287995000,17.16,17.2,17.11,17.16,1774287755000,17.2,17.19,18950,9583.5,1774287890000,17.12,17.12,10114,0.0,17.21,17.24,17.11,17.16,1774287475000,17.23,17.23,35970,28686.5,1774287890000,17.12,17.12,10114,0.0,2360
1774288000000,1774288000000,17.16,17.2,17.11,17.15,1774287755000,17.2,17.19,18950,9583.5,1774287890000,17.12,17.12,10114,0.0,17.21,17.24,17.11,17.15,1774287475000,17.23,17.23,35970,28686.5,1774287890000,17.12,17.12,10114,0.0,2361
1774288005000,1774288005000,17.14,17.2,17.11,17.14,1774287755000,17.2,17.19,18950,9583.5,1774287890000,17.12,17.12,10114,0.0,17.22,17.24,17.11,17.14,1774287475000,17.23,17.23,35970,28686.5,1774287890000,17.12,17.12,10114,0.0,2362
1774288010000,1774288010000,17.14,17.2,17.11,17.14,1774287755000,17.2,17.19,18950,9583.5,1774287890000,17.12,17.12,10114,0.0,17.23,17.24,17.11,17.14,1774287475000,17.23,17.23,35970,28686.5,1774287890000,17.12,17.12,10114,0.0,2363
1774288015000,1774288015000,17.16,17.2,17.11,17.16,1774287755000,17.2,17.19,18950,9583.5,1774287890000,17.12,17.12,10114,0.0,17.23,17.24,17.11,17.16,1774287475000,17.23,17.23,35970,28686.5,1774287890000,17.12,17.12,10114,0.0,2364
1774288020000,1774288020000,17.16,17.2,17.11,17.14,1774287755000,17.2,17.19,18950,9583.5,1774287890000,17.12,17.12,10114,0.0,17.23,17.24,17.11,17.14,1774287475000,17.23,17.23,35970,28686.5,1774287890000,17.12,17.12,10114,0.0,2365
1774288025000,1774288025000,17.16,17.2,17.11,17.14,1774287755000,17.2,17.19,18950,9583.5,1774287890000,17.12,17.12,10114,0.0,17.23,17.24,17.11,17.14,1774287475000,17.23,17.23,35970,28686.5,1774287890000,17.12,17.12,10114,0.0,2366
1774288030000,1774288030000,17.18,17.2,17.11,17.15,1774287755000,17.2,17.19,18950,9583.5,1774287890000,17.12,17.12,10114,0.0,17.23,17.24,17.11,17.15,1774287475000,17.23,17.23,35970,28686.5,1774287890000,17.12,17.12,10114,0.0,2367
1774288035000,1774288035000,17.18,17.2,17.11,17.14,1774287755000,17.2,17.19,18950,9583.5,1774287890000,17.12,17.12,10114,0.0,17.23,17.24,17.11,17.14,1774287475000,17.23,17.23,35970,28686.5,1774287890000,17.12,17.12,10114,0.0,2368
1774288040000,1774288040000,17.2,17.2,17.11,17.14,1774287755000,17.2,17.19,18950,9583.5,1774287890000,17.12,17.12,10114,0.0,17.22,17.24,17.11,17.14,1774287475000,17.23,17.23,35970,28686.5,1774287890000,17.12,17.12,10114,0.0,2369
1774288045000,1774288045000,17.2,17.2,17.11,17.14,1774287755000,17.2,17.19,18950,9583.5,1774287890000,17.12,17.12,10114,0.0,17.22,17.24,17.11,17.14,1774287475000,17.23,17.23,35970,28686.5,1774287890000,17.12,17.12,10114,0.0,2370
1774288050000,1774288050000,17.19,17.19,17.11,17.16,1774287760000,17.19,17.18,15733,0.0,1774287890000,17.12,17.12,10114,0.0,17.22,17.24,17.11,17.16,1774287475000,17.23,17.23,35970,28686.5,1774287890000,17.12,17.12,10114,0.0,2371
1774288055000,1774288055000,17.19,17.19,17.11,17.16,1774287760000,17.19,17.18,15733,0.0,1774287890000,17.12,17.12,10114,0.0,17.22,17.24,17.11,17.16,1774287475000,17.23,17.23,35970,28686.5,1774287890000,17.12,17.12,10114,0.0,2372
1774288060000,1774288060000,17.18,17.18,17.11,17.15,1774287785000,17.18,17.16,5463,0.0,1774287890000,17.12,17.12,10114,0.0,17.22,17.24,17.11,17.15,1774287475000,17.23,17.23,35970,28686.5,1774287890000,17.12,17.12,10114,0.0,2373
1774288065000,1774288065000,17.18,17.18,17.11,17.16,1774287785000,17.18,17.16,5463,0.0,1774287890000,17.12,17.12,10114,0.0,17.22,17.24,17.11,17.16,1774287475000,17.23,17.23,35970,28686.5,1774287890000,17.12,17.12,10114,0.0,2374
1774288070000,1774288070000,17.18,17.18,17.11,17.16,1774287785000,17.18,17.16,5463,0.0,1774287890000,17.12,17.12,10114,0.0,17.22,17.24,17.11,17.16,1774287475000,17.23,17.23,35970,28686.5,1774287890000,17.12,17.12,10114,0.0,2375
1774288075000,1774288075000,17.18,17.18,17.11,17.16,1774287785000,17.18,17.16,5463,0.0,1774287890000,17.12,17.12,10114,0.0,17.22,17.24,17.11,17.16,1774287475000,17.23,17.23,35970,28686.5,1774287890000,17.12,17.12,10114,0.0,2376
1774288080000,1774288080000,17.18,17.18,17.11,17.16,1774287785000,17.18,17.16,5463,0.0,1774287890000,17.12,17.12,10114,0.0,17.22,17.24,17.11,17.16,1774287475000,17.23,17.23,35970,28686.5,1774287890000,17.12,17.12,10114,0.0,2377
1774288085000,1774288085000,17.17,17.18,17.11,17.17,1774287785000,17.18,17.16,5463,0.0,1774287890000,17.12,17.12,10114,0.0,17.22,17.24,17.11,17.17,1774287475000,17.23,17.23,35970,28686.5,1774287890000,17.12,17.12,10114,0.0,2378
1774288090000,1774288090000,17.17,17.18,17.11,17.16,1774287785000,17.18,17.16,5463,0.0,1774287890000,17.12,17.12,10114,0.0,17.22,17.24,17.11,17.16,1774287475000,17.23,17.23,35970,28686.5,1774287890000,17.12,17.12,10114,0.0,2379
1774288095000,1774288095000,17.17,17.18,17.11,17.16,1774287785000,17.18,17.16,5463,0.0,1774287890000,17.12,17.12,10114,0.0,17.23,17.24,17.11,17.16,1774287475000,17.23,17.23,35970,28686.5,1774287890000,17.12,17.12,10114,0.0,2380
1774288100000,1774288100000,17.16,17.17,17.11,17.17,1774288100000,17.16,17.17,19656,15195.5,1774287890000,17.12,17.12,10114,0.0,17.24,17.24,17.11,17.17,1774287475000,17.23,17.23,35970,28686.5,1774287890000,17.12,17.12,10114,0.0,2381
1774288105000,1774288105000,17.16,17.18,17.11,17.17,1774288105000,17.17,17.17,24547,14719.0,1774287890000,17.12,17.12,10114,0.0,17.24,17.24,17.11,17.17,1774287475000,17.23,17.23,35970,28686.5,1774287890000,17.12,17.12,10114,0.0,2382
1774288110000,1774288110000,17.16,17.18,17.11,17.18,1774288110000,17.18,17.18,15607,3333.5,1774287890000,17.12,17.12,10114,0.0,17.23,17.24,17.11,17.18,1774287475000,17.23,17.23,35970,28686.5,1774287890000,17.12,17.12,10114,0.0,2383
1774288115000,1774288115000,17.16,17.18,17.11,17.18,1774288115000,17.18,17.18,483,0.0,1774287890000,17.12,17.12,10114,0.0,17.23,17.24,17.11,17.18,1774287475000,17.23,17.23,35970,28686.5,1774287890000,17.12,17.12,10114,0.0,2384
1774288120000,1774288120000,17.15,17.18,17.11,17.18,1774288120000,17.18,17.18,21832,21590.5,1774287890000,17.12,17.12,10114,0.0,17.23,17.24,17.11,17.18,1774287475000,17.23,17.23,35970,28686.5,1774287890000,17.12,17.12,10114,0.0,2385
1774288125000,1774288125000,17.15,17.18,17.11,17.17,1774288125000,17.18,17.17,789,0.0,1774287890000,17.12,17.12,10114,0.0,17.23,17.24,17.11,17.17,1774287475000,17.23,17.23,35970,28686.5,1774287890000,17.12,17.12,10114,0.0,2386
1774288130000,1774288130000,17.15,17.18,17.11,17.18,1774288130000,17.18,17.18,750,355.5,1774287890000,17.12,17.12,10114,0.0,17.23,17.24,17.11,17.18,1774287475000,17.23,17.23,35970,28686.5,1774287890000,17.12,17.12,10114,0.0,2387
1774288135000,1774288135000,17.14,17.18,17.11,17.17,1774288135000,17.18,17.17,5617,5242.0,1774287890000,17.12,17.12,10114,0.0,17.23,17.24,17.11,17.17,1774287475000,17.23,17.23,35970,28686.5,1774287890000,17.12,17.12,10114,0.0,2388
1774288140000,1774288140000,17.15,17.18,17.11,17.17,1774288140000,17.18,17.17,7218,4409.5,1774287890000,17.12,17.12,10114,0.0,17.23,17.24,17.11,17.17,1774287475000,17.23,17.23,35970,28686.5,1774287890000,17.12,17.12,10114,0.0,2389
1774288145000,1774288145000,17.15,17.18,17.11,17.16,1774288140000,17.18,17.17,7218,3859.5,1774287890000,17.12,17.12,10114,0.0,17.23,17.23,17.11,17.16,1774287480000,17.23,17.21,10958,0.0,1774287890000,17.12,17.12,10114,0.0,2390
1774288150000,1774288150000,17.15,17.18,17.11,17.17,1774288140000,17.18,17.17,7218,3859.5,1774287890000,17.12,17.12,10114,0.0,17.23,17.23,17.11,17.17,1774287480000,17.23,17.21,10958,0.0,1774287890000,17.12,17.12,10114,0.0,2391
1774288155000,1774288155000,17.15,17.18,17.11,17.17,1774288140000,17.18,17.17,7218,3859.5,1774287890000,17.12,17.12,10114,0.0,17.21,17.22,17.11,17.17,1774287485000,17.21,17.21,18544,9538.0,1774287890000,17.12,17.12,10114,0.0,2392
1774288160000,1774288160000,17.15,17.18,17.11,17.16,1774288140000,17.18,17.17,7218,3859.5,1774287890000,17.12,17.12,10114,0.0,17.21,17.22,17.11,17.16,1774287485000,17.21,17.21,18544,9538.0,1774287890000,17.12,17.12,10114,0.0,2393
1774288165000,1774288165000,17.16,17.18,17.11,17.18,1774288165000,17.16,17.18,8983,8426.5,1774287890000,17.12,17.12,10114,0.0,17.21,17.21,17.11,17.18,1774287490000,17.21,17.2,7054,0.0,1774287890000,17.12,17.12,10114,0.0,2394
1774288170000,1774288170000,17.16,17.18,17.11,17.18,1774288170000,17.17,17.18,10079,5587.5,1774287890000,17.12,17.12,10114,0.0,17.2,17.2,17.11,17.18,1774287755000,17.2,17.19,18950,9583.5,1774287890000,17.12,17.12,10114,0.0,2395
1774288175000,1774288175000,17.16,17.18,17.11,17.18,1774288175000,17.18,17.18,7883,2843.5,1774287890000,17.12,17.12,10114,0.0,17.2,17.2,17.11,17.18,1774287755000,17.2,17.19,18950,9583.5,1774287890000,17.12,17.12,10114,0.0,2396
1774288180000,1774288180000,17.16,17.19,17.11,17.18,1774288180000,17.18,17.18,3150,0.0,1774287890000,17.12,17.12,10114,0.0,17.2,17.2,17.11,17.18,1774287755000,17.2,17.19,18950,9583.5,1774287890000,17.12,17.12,10114,0.0,2397
1774288185000,1774288185000,17.16,17.19,17.11,17.18,1774288180000,17.18,17.18,3150,0.0,1774287890000,17.12,17.12,10114,0.0,17.19,17.2,17.11,17.18,1774287755000,17.2,17.19,18950,9583.5,1774287890000,17.12,17.12,10114,0.0,2398
1774288190000,1774288190000,17.16,17.19,17.11,17.17,1774288180000,17.18,17.18,3150,0.0,1774287890000,17.12,17.12,10114,0.0,17.19,17.2,17.11,17.17,1774287755000,17.2,17.19,18950,9583.5,1774287890000,17.12,17.12,10114,0.0,2399
1774288195000,1774288195000,17.16,17.19,17.11,17.18,1774288180000,17.18,17.18,3150,0.0,1774287890000,17.12,17.12,10114,0.0,17.19,17.2,17.11,17.18,1774287755000,17.2,17.19,18950,9583.5,1774287890000,17.12,17.12,10114,0.0,2400
1774288200000,1774288200000,17.16,17.19,17.11,17.18,1774288180000,17.18,17.18,3150,0.0,1774287890000,17.12,17.12,10114,0.0,17.19,17.2,17.11,17.18,1774287755000,17.2,17.19,18950,9583.5,1774287890000,17.12,17.12,10114,0.0,2401
1774288205000,1774288205000,17.16,17.19,17.11,17.18,1774288180000,17.18,17.18,3150,0.0,1774287890000,17.12,17.12,10114,0.0,17.19,17.2,17.11,17.18,1774287755000,17.2,17.19,18950,9583.5,1774287890000,17.12,17.12,10114,0.0,2402
1774288210000,1774288210000,17.16,17.19,17.11,17.17,1774288180000,17.18,17.18,3150,0.0,1774287890000,17.12,17.12,10114,0.0,17.19,17.2,17.11,17.17,1774287755000,17.2,17.19,18950,9583.5,1774287890000,17.12,17.12,10114,0.0,2403
1774288215000,1774288215000,17.14,17.2,17.11,17.2,1774288215000,17.18,17.2,26844,17366.0,1774287890000,17.12,17.12,10114,0.0,17.19,17.2,17.11,17.2,1774288215000,17.18,17.2,26844,17366.0,1774287890000,17.12,17.12,10114,0.0,2404
1774288220000,1774288220000,17.12,17.2,17.11,17.2,1774288220000,17.19,17.2,21873,8451.0,1774287890000,17.12,17.12,10114,0.0,17.17,17.2,17.11,17.2,1774288220000,17.19,17.2,21873,8451.0,1774287890000,17.12,17.12,10114,0.0,2405
1774288225000,1774288225000,17.12,17.2,17.12,17.19,1774288225000,17.2,17.19,1484,0.0,1774287920000,17.13,17.14,15573,0.0,17.17,17.2,17.11,17.19,1774288225000,17.2,17.19,1484,0.0,1774287890000,17.12,17.12,10114,0.0,2406
1774288230000,1774288230000,17.12,17.2,17.12,17.2,1774288230000,17.2,17.2,186,0.0,1774287920000,17.13,17.14,15573,0.0,17.17,17.2,17.11,17.2,1774288230000,17.2,17.2,186,0.0,1774287890000,17.12,17.12,10114,0.0,2407
1774288235000,1774288235000,17.12,17.2,17.12,17.2,1774288235000,17.19,17.2,10955,10862.0,1774287920000,17.13,17.14,15573,0.0,17.18,17.2,17.11,17.2,1774288235000,17.19,17.2,10955,10862.0,1774287890000,17.12,17.12,10114,0.0,2408
1774288240000,1774288240000,17.14,17.2,17.12,17.2,1774288240000,17.2,17.2,11195,5717.5,1774287920000,17.13,17.14,15573,0.0,17.17,17.2,17.11,17.2,1774288240000,17.2,17.2,11195,5717.5,1774287890000,17.12,17.12,10114,0.0,2409
1774288245000,1774288245000,17.14,17.2,17.12,17.2,1774288245000,17.2,17.2,8579,2981.5,1774287920000,17.13,17.14,15573,0.0,17.16,17.2,17.11,17.2,1774288245000,17.2,17.2,8579,2981.5,1774287890000,17.12,17.12,10114,0.0,2410
1774288250000,1774288250000,17.14,17.2,17.12,17.19,1774288250000,17.2,17.19,13145,8855.5,1774287920000,17.13,17.14,15573,0.0,17.16,17.2,17.11,17.19,1774288250000,17.2,17.19,13145,8855.5,1774287890000,17.12,17.12,10114,0.0,2411
1774288255000,1774288255000,17.13,17.21,17.12,17.2,1774288255000,17.19,17.2,39440,32867.5,1774287920000,17.13,17.14,15573,0.0,17.19,17.21,17.11,17.2,1774288255000,17.19,17.2,39440,32867.5,1774287890000,17.12,17.12,10114,0.0,2412
1774288260000,1774288260000,17.14,17.21,17.13,17.2,1774288255000,17.19,17.2,39440,31230.0,1774287955000,17.14,17.14,8328,1270.0,17.19,17.21,17.11,17.2,1774288255000,17.19,17.2,39440,31230.0,1774287890000,17.12,17.12,10114,0.0,2413
1774288265000,1774288265000,17.14,17.21,17.13,17.2,1774288255000,17.19,17.2,39440,31230.0,1774287955000,17.14,17.14,8328,1270.0,17.19,17.21,17.11,17.2,1774288255000,17.19,17.2,39440,31230.0,1774287890000,17.12,17.12,10114,0.0,2414
1774288270000,1774288270000,17.14,17.21,17.13,17.19,1774288255000,17.19,17.2,39440,31230.0,1774287955000,17.14,17.14,8328,1270.0,17.19,17.21,17.11,17.19,1774288255000,17.19,17.2,39440,31230.0,1774287890000,17.12,17.12,10114,0.0,2415
1774288275000,1774288275000,17.13,17.21,17.13,17.19,1774288255000,17.19,17.2,39440,31230.0,1774287955000,17.14,17.14,8328,1270.0,17.19,17.21,17.11,17.19,1774288255000,17.19,17.2,39440,31230.0,1774287890000,17.12,17.12,10114,0.0,2416
1774288280000,1774288280000,17.13,17.21,17.13,17.19,1774288255000,17.19,17.2,39440,31230.0,1774287955000,17.14,17.14,8328,1270.0,17.16,17.21,17.11,17.19,1774288255000,17.19,17.2,39440,31230.0,1774287890000,17.12,17.12,10114,0.0,2417
1774288285000,1774288285000,17.13,17.21,17.13,17.2,1774288255000,17.19,17.2,39440,31230.0,1774287955000,17.14,17.14,8328,1270.0,17.16,17.21,17.11,17.2,1774288255000,17.19,17.2,39440,31230.0,1774287890000,17.12,17.12,10114,0.0,2418
1774288290000,1774288290000,17.13,17.21,17.13,17.2,1774288255000,17.19,17.2,39440,31230.0,1774287955000,17.14,17.14,8328,1270.0,17.16,17.21,17.11,17.2,1774288255000,17.19,17.2,39440,31230.0,1774287890000,17.12,17.12,10114,0.0,2419
1774288295000,1774288295000,17.14,17.21,17.13,17.2,1774288255000,17.19,17.2,39440,31230.0,1774287955000,17.14,17.14,8328,1270.0,17.16,17.21,17.11,17.2,1774288255000,17.19,17.2,39440,31230.0,1774287890000,17.12,17.12,10114,0.0,2420
1774288300000,1774288300000,17.15,17.21,17.14,17.21,1774288300000,17.2,17.21,17081,9758.5,1774288050000,17.14,17.16,4401,0.0,17.17,17.21,17.11,17.21,1774288300000,17.2,17.21,17081,9758.5,1774287890000,17.12,17.12,10114,0.0,2421
1774288305000,1774288305000,17.14,17.21,17.14,17.2,1774288305000,17.21,17.2,10640,2099.5,1774288050000,17.14,17.16,4401,0.0,17.17,17.21,17.11,17.2,1774288305000,17.21,17.2,10640,2099.5,1774287890000,17.12,17.12,10114,0.0,2422
1774288310000,1774288310000,17.14,17.21,17.14,17.21,1774288310000,17.2,17.21,7773,2453.0,1774288050000,17.14,17.16,4401,0.0,17.17,17.21,17.11,17.21,1774288310000,17.2,17.21,7773,2453.0,1774287890000,17.12,17.12,10114,0.0,2423
1774288315000,1774288315000,17.14,17.21,17.14,17.21,1774288315000,17.21,17.21,5457,1570.5,1774288050000,17.14,17.16,4401,0.0,17.16,17.21,17.11,17.21,1774288315000,17.21,17.21,5457,1570.5,1774287890000,17.12,17.12,10114,0.0,2424
1774288320000,1774288320000,17.16,17.21,17.14,17.2,1774288315000,17.21,17.21,5457,0.0,1774288050000,17.14,17.16,4401,0.0,17.17,17.21,17.11,17.2,1774288315000,17.21,17.21,5457,0.0,1774287890000,17.12,17.12,10114,0.0,2425
1774288325000,1774288325000,17.16,17.21,17.14,17.2,1774288315000,17.21,17.21,5457,0.0,1774288050000,17.14,17.16,4401,0.0,17.18,17.21,17.11,17.2,1774288315000,17.21,17.21,5457,0.0,1774287890000,17.12,17.12,10114,0.0,2426
1774288330000,1774288330000,17.16,17.21,17.14,17.2,1774288315000,17.21,17.21,5457,0.0,1774288050000,17.14,17.16,4401,0.0,17.18,17.21,17.11,17.2,1774288315000,17.21,17.21,5457,0.0,1774287890000,17.12,17.12,10114,0.0,2427
1774288335000,1774288335000,17.16,17.21,17.14,17.2,1774288315000,17.21,17.21,5457,0.0,1774288050000,17.14,17.16,4401,0.0,17.18,17.21,17.11,17.2,1774288315000,17.21,17.21,5457,0.0,1774287890000,17.12,17.12,10114,0.0,2428
1774288340000,1774288340000,17.16,17.21,17.14,17.21,1774288340000,17.2,17.21,9267,6111.5,1774288050000,17.14,17.16,4401,0.0,17.18,17.21,17.11,17.21,1774288340000,17.2,17.21,9267,6111.5,1774287890000,17.12,17.12,10114,0.0,2429
1774288345000,1774288345000,17.16,17.21,17.14,17.2,1774288345000,17.2,17.2,1033,0.0,1774288050000,17.14,17.16,4401,0.0,17.18,17.21,17.11,17.2,1774288345000,17.2,17.2,1033,0.0,1774287890000,17.12,17.12,10114,0.0,2430
1774288350000,1774288350000,17.16,17.21,17.14,17.21,1774288350000,17.21,17.21,147,0.0,1774288050000,17.14,17.16,4401,0.0,17.18,17.21,17.11,17.21,1774288350000,17.21,17.21,147,0.0,1774287890000,17.12,17.12,10114,0.0,2431
1774288355000,1774288355000,17.16,17.21,17.14,17.21,1774288355000,17.2,17.21,24586,24512.5,1774288050000,17.14,17.16,4401,0.0,17.17,17.21,17.11,17.21,1774288355000,17.2,17.21,24586,24512.5,1774287890000,17.12,17.12,10114,0.0,2432
1774288360000,1774288360000,17.16,17.21,17.14,17.21,1774288360000,17.21,17.21,0,0.0,1774288050000,17.14,17.16,4401,0.0,17.17,17.21,17.11,17.21,1774288360000,17.21,17.21,0,0.0,1774287890000,17.12,17.12,10114,0.0,2433
1774288365000,1774288365000,17.16,17.21,17.14,17.21,1774288365000,17.21,17.21,621,621.0,1774288050000,17.14,17.16,4401,0.0,17.17,17.21,17.11,17.21,1774288365000,17.21,17.21,621,621.0,1774287890000,17.12,17.12,10114,0.0,2434
1774288370000,1774288370000,17.16,17.21,17.14,17.21,1774288370000,17.2,17.21,1945,1634.5,1774288050000,17.14,17.16,4401,0.0,17.17,17.21,17.11,17.21,1774288370000,17.2,17.21,1945,1634.5,1774287890000,17.12,17.12,10114,0.0,2435
1774288375000,1774288375000,17.16,17.21,17.14,17.2,1774288375000,17.21,17.2,578,0.0,1774288050000,17.14,17.16,4401,0.0,17.16,17.21,17.11,17.2,1774288375000,17.21,17.2,578,0.0,1774287890000,17.12,17.12,10114,0.0,2436
1774288380000,1774288380000,17.16,17.21,17.14,17.21,1774288380000,17.2,17.21,1497,1208.0,1774288050000,17.14,17.16,4401,0.0,17.16,17.21,17.11,17.21,1774288380000,17.2,17.21,1497,1208.0,1774287890000,17.12,17.12,10114,0.0,2437
1774288385000,1774288385000,17.14,17.21,17.14,17.2,1774288380000,17.2,17.21,1497,0.0,1774288050000,17.14,17.16,4401,0.0,17.16,17.21,17.11,17.2,1774288380000,17.2,17.21,1497,0.0,1774287890000,17.12,17.12,10114,0.0,2438
1774288390000,1774288390000,17.14,17.21,17.14,17.2,1774288380000,17.2,17.21,1497,0.0,1774288050000,17.14,17.16,4401,0.0,17.16,17.21,17.11,17.2,1774288380000,17.2,17.21,1497,0.0,1774287890000,17.12,17.12,10114,0.0,2439
1774288395000,1774288395000,17.14,17.21,17.14,17.2,1774288380000,17.2,17.21,1497,0.0,1774288050000,17.14,17.16,4401,0.0,17.16,17.21,17.11,17.2,1774288380000,17.2,17.21,1497,0.0,1774287890000,17.12,17.12,10114,0.0,2440
1774288400000,1774288400000,17.14,17.21,17.14,17.2,1774288400000,17.2,17.2,3970,0.0,1774288050000,17.14,17.16,4401,0.0,17.16,17.21,17.11,17.2,1774288400000,17.2,17.2,3970,0.0,1774287890000,17.12,17.12,10114,0.0,2441
1774288405000,1774288405000,17.15,17.22,17.14,17.21,1774288405000,17.21,17.21,10787,8802.0,1774288050000,17.14,17.16,4401,0.0,17.15,17.22,17.11,17.21,1774288405000,17.21,17.21,10787,8802.0,1774287890000,17.12,17.12,10114,0.0,2442
1774288410000,1774288410000,17.16,17.22,17.14,17.21,1774288405000,17.21,17.21,10787,1702.0,1774288050000,17.14,17.16,4401,0.0,17.16,17.22,17.11,17.21,1774288405000,17.21,17.21,10787,1702.0,1774287890000,17.12,17.12,10114,0.0,2443
1774288415000,1774288415000,17.16,17.22,17.14,17.21,1774288405000,17.21,17.21,10787,1702.0,1774288050000,17.14,17.16,4401,0.0,17.16,17.22,17.11,17.21,1774288405000,17.21,17.21,10787,1702.0,1774287890000,17.12,17.12,10114,0.0,2444
1774288420000,1774288420000,17.16,17.22,17.14,17.21,1774288405000,17.21,17.21,10787,1702.0,1774288050000,17.14,17.16,4401,0.0,17.16,17.22,17.11,17.21,1774288405000,17.21,17.21,10787,1702.0,1774287890000,17.12,17.12,10114,0.0,2445
1774288425000,1774288425000,17.16,17.22,17.14,17.21,1774288405000,17.21,17.21,10787,1702.0,1774288050000,17.14,17.16,4401,0.0,17.16,17.22,17.11,17.21,1774288405000,17.21,17.21,10787,1702.0,1774287890000,17.12,17.12,10114,0.0,2446
1774288430000,1774288430000,17.16,17.22,17.14,17.21,1774288405000,17.21,17.21,10787,1702.0,1774288050000,17.14,17.16,4401,0.0,17.16,17.22,17.11,17.21,1774288405000,17.21,17.21,10787,1702.0,1774287890000,17.12,17.12,10114,0.0,2447
1774288435000,1774288435000,17.16,17.22,17.14,17.2,1774288405000,17.21,17.21,10787,1702.0,1774288050000,17.14,17.16,4401,0.0,17.16,17.22,17.11,17.2,1774288405000,17.21,17.21,10787,1702.0,1774287890000,17.12,17.12,10114,0.0,2448
1774288440000,1774288440000,17.16,17.22,17.14,17.21,1774288405000,17.21,17.21,10787,1702.0,1774288050000,17.14,17.16,4401,0.0,17.14,17.22,17.11,17.21,1774288405000,17.21,17.21,10787,1702.0,1774287890000,17.12,17.12,10114,0.0,2449
1774288445000,1774288445000,17.16,17.22,17.14,17.21,1774288405000,17.21,17.21,10787,1702.0,1774288050000,17.14,17.16,4401,0.0,17.14,17.22,17.11,17.21,1774288405000,17.21,17.21,10787,1702.0,1774287890000,17.12,17.12,10114,0.0,2450
1774288450000,1774288450000,17.15,17.22,17.14,17.21,1774288405000,17.21,17.21,10787,1702.0,1774288050000,17.14,17.16,4401,0.0,17.14,17.22,17.11,17.21,1774288405000,17.21,17.21,10787,1702.0,1774287890000,17.12,17.12,10114,0.0,2451
1774288455000,1774288455000,17.15,17.22,17.14,17.21,1774288405000,17.21,17.21,10787,1702.0,1774288050000,17.14,17.16,4401,0.0,17.14,17.22,17.11,17.21,1774288405000,17.21,17.21,10787,1702.0,1774287890000,17.12,17.12,10114,0.0,2452
1774288460000,1774288460000,17.15,17.22,17.14,17.2,1774288405000,17.21,17.21,10787,1702.0,1774288050000,17.14,17.16,4401,0.0,17.14,17.22,17.11,17.2,1774288405000,17.21,17.21,10787,1702.0,1774287890000,17.12,17.12,10114,0.0,2453
1774288465000,1774288465000,17.14,17.22,17.14,17.2,1774288405000,17.21,17.21,10787,1702.0,1774288050000,17.14,17.16,4401,0.0,17.14,17.22,17.11,17.2,1774288405000,17.21,17.21,10787,1702.0,1774287890000,17.12,17.12,10114,0.0,2454
1774288470000,1774288470000,17.16,17.22,17.14,17.21,1774288470000,17.21,17.21,12307,9762.5,1774288050000,17.14,17.16,4401,0.0,17.16,17.22,17.11,17.21,1774288470000,17.21,17.21,12307,9762.5,1774287890000,17.12,17.12,10114,0.0,2455
1774288475000,1774288475000,17.16,17.22,17.14,17.21,1774288475000,17.21,17.21,7676,1522.5,1774288050000,17.14,17.16,4401,0.0,17.16,17.22,17.11,17.21,1774288475000,17.21,17.21,7676,1522.5,1774287890000,17.12,17.12,10114,0.0,2456
1774288480000,1774288480000,17.14,17.22,17.14,17.21,1774288480000,17.21,17.21,10768,6930.0,1774288050000,17.14,17.16,4401,0.0,17.18,17.22,17.11,17.21,1774288480000,17.21,17.21,10768,6930.0,1774287890000,17.12,17.12,10114,0.0,2457
1774288485000,1774288485000,17.14,17.22,17.14,17.21,1774288485000,17.21,17.21,10573,5189.0,1774288050000,17.14,17.16,4401,0.0,17.18,17.22,17.11,17.21,1774288485000,17.21,17.21,10573,5189.0,1774287890000,17.12,17.12,10114,0.0,2458
1774288490000,1774288490000,17.14,17.22,17.14,17.21,1774288485000,17.21,17.21,10573,918.5,1774288050000,17.14,17.16,4401,0.0,17.19,17.22,17.11,17.21,1774288485000,17.21,17.21,10573,918.5,1774287890000,17.12,17.12,10114,0.0,2459
1774288495000,1774288495000,17.14,17.22,17.14,17.21,1774288495000,17.21,17.21,11108,6837.5,1774288050000,17.14,17.16,4401,0.0,17.19,17.22,17.11,17.21,1774288495000,17.21,17.21,11108,6837.5,1774287890000,17.12,17.12,10114,0.0,2460
1774288500000,1774288500000,17.14,17.22,17.14,17.21,1774288500000,17.21,17.21,15719,10165.0,1774288050000,17.14,17.16,4401,0.0,17.2,17.22,17.11,17.21,1774288500000,17.21,17.21,15719,10165.0,1774287890000,17.12,17.12,10114,0.0,2461
1774288505000,1774288505000,17.14,17.22,17.14,17.21,1774288505000,17.21,17.21,2570,0.0,1774288050000,17.14,17.16,4401,0.0,17.2,17.22,17.11,17.21,1774288505000,17.21,17.21,2570,0.0,1774287890000,17.12,17.12,10114,0.0,2462
1774288510000,1774288510000,17.16,17.22,17.15,17.21,1774288510000,17.21,17.21,4444,3159.0,1774288100000,17.16,17.17,19656,2922.0,17.19,17.22,17.11,17.21,1774288510000,17.21,17.21,4444,3159.0,1774287890000,17.12,17.12,10114,0.0,2463
1774288515000,1774288515000,17.16,17.22,17.15,17.21,1774288515000,17.21,17.21,25371,23149.0,1774288100000,17.16,17.17,19656,2922.0,17.18,17.22,17.11,17.21,1774288515000,17.21,17.21,25371,23149.0,1774287890000,17.12,17.12,10114,0.0,2464
1774288520000,1774288520000,17.16,17.22,17.15,17.21,1774288520000,17.21,17.21,19602,6916.5,1774288100000,17.16,17.17,19656,2922.0,17.18,17.22,17.11,17.21,1774288520000,17.21,17.21,19602,6916.5,1774287890000,17.12,17.12,10114,0.0,2465
1774288525000,1774288525000,17.16,17.22,17.15,17.21,1774288525000,17.21,17.21,203,0.0,1774288100000,17.16,17.17,19656,2922.0,17.18,17.22,17.11,17.21,1774288525000,17.21,17.21,203,0.0,1774287890000,17.12,17.12,10114,0.0,2466
1774288530000,1774288530000,17.16,17.22,17.15,17.21,1774288530000,17.21,17.21,5030,4928.5,1774288100000,17.16,17.17,19656,2922.0,17.18,17.22,17.11,17.21,1774288530000,17.21,17.21,5030,4928.5,1774287890000,17.12,17.12,10114,0.0,2467
1774288535000,1774288535000,17.16,17.23,17.15,17.23,1774288535000,17.21,17.23,28246,25731.0,1774288100000,17.16,17.17,19656,2922.0,17.17,17.23,17.11,17.23,1774288535000,17.21,17.23,28246,25731.0,1774287890000,17.12,17.12,10114,0.0,2468
1774288540000,1774288540000,17.16,17.23,17.15,17.22,1774288540000,17.23,17.22,975,0.0,1774288100000,17.16,17.17,19656,2922.0,17.17,17.23,17.11,17.22,1774288540000,17.23,17.22,975,0.0,1774287890000,17.12,17.12,10114,0.0,2469
1774288545000,1774288545000,17.16,17.23,17.15,17.22,1774288545000,17.23,17.22,900,412.5,1774288100000,17.16,17.17,19656,2922.0,17.17,17.23,17.11,17.22,1774288545000,17.23,17.22,900,412.5,1774287890000,17.12,17.12,10114,0.0,2470
1774288550000,1774288550000,17.16,17.23,17.15,17.23,1774288550000,17.22,17.23,1090,640.0,1774288100000,17.16,17.17,19656,2922.0,17.17,17.23,17.11,17.23,1774288550000,17.22,17.23,1090,640.0,1774287890000,17.12,17.12,10114,0.0,2471
1774288555000,1774288555000,17.18,17.25,17.16,17.24,1774288555000,17.23,17.24,78794,78249.0,1774288165000,17.16,17.18,8983,3387.0,17.16,17.25,17.11,17.24,1774288555000,17.23,17.24,78794,78249.0,1774287890000,17.12,17.12,10114,0.0,2472
1774288560000,1774288560000,17.18,17.25,17.16,17.24,1774288560000,17.24,17.24,21673,0.0,1774288165000,17.16,17.18,8983,3387.0,17.14,17.25,17.11,17.24,1774288560000,17.24,17.24,21673,0.0,1774287890000,17.12,17.12,10114,0.0,2473
1774288565000,1774288565000,17.18,17.25,17.16,17.24,1774288565000,17.25,17.24,1400,0.0,1774288165000,17.16,17.18,8983,3387.0,17.14,17.25,17.11,17.24,1774288565000,17.25,17.24,1400,0.0,1774287890000,17.12,17.12,10114,0.0,2474
1774288570000,1774288570000,17.18,17.25,17.16,17.24,1774288565000,17.25,17.24,1400,0.0,1774288165000,17.16,17.18,8983,3387.0,17.14,17.25,17.11,17.24,1774288565000,17.25,17.24,1400,0.0,1774287890000,17.12,17.12,10114,0.0,2475
1774288575000,1774288575000,17.16,17.25,17.16,17.24,1774288575000,17.25,17.24,5797,5797.0,1774288165000,17.16,17.18,8983,3387.0,17.15,17.25,17.11,17.24,1774288575000,17.25,17.24,5797,5797.0,1774287890000,17.12,17.12,10114,0.0,2476
1774288580000,1774288580000,17.16,17.25,17.16,17.25,1774288580000,17.25,17.25,300,0.0,1774288165000,17.16,17.18,8983,3387.0,17.15,17.25,17.11,17.25,1774288580000,17.25,17.25,300,0.0,1774287890000,17.12,17.12,10114,0.0,2477
1774288585000,1774288585000,17.16,17.25,17.16,17.25,1774288585000,17.25,17.25,1200,1050.0,1774288165000,17.16,17.18,8983,3387.0,17.15,17.25,17.11,17.25,1774288585000,17.25,17.25,1200,1050.0,1774287890000,17.12,17.12,10114,0.0,2478
1774288590000,1774288590000,17.16,17.25,17.16,17.25,1774288590000,17.25,17.25,0,0.0,1774288165000,17.16,17.18,8983,3387.0,17.15,17.25,17.11,17.25,1774288590000,17.25,17.25,0,0.0,1774287890000,17.12,17.12,10114,0.0,2479
1774288595000,1774288595000,17.16,17.25,17.16,17.25,1774288595000,17.24,17.25,4345,4345.0,1774288165000,17.16,17.18,8983,3387.0,17.15,17.25,17.11,17.25,1774288595000,17.24,17.25,4345,4345.0,1774287890000,17.12,17.12,10114,0.0,2480
1774288600000,1774288600000,17.18,17.26,17.17,17.25,1774288600000,17.24,17.25,38046,35873.5,1774288215000,17.18,17.2,26844,6429.5,17.16,17.26,17.11,17.25,1774288600000,17.24,17.25,38046,35873.5,1774287890000,17.12,17.12,10114,0.0,2481
1774288605000,1774288605000,17.18,17.26,17.17,17.25,1774288600000,17.24,17.25,38046,34308.5,1774288215000,17.18,17.2,26844,6429.5,17.16,17.26,17.11,17.25,1774288600000,17.24,17.25,38046,34308.5,1774287890000,17.12,17.12,10114,0.0,2482
1774288610000,1774288610000,17.17,17.26,17.17,17.24,1774288600000,17.24,17.25,38046,34308.5,1774288215000,17.18,17.2,26844,6429.5,17.16,17.26,17.11,17.24,1774288600000,17.24,17.25,38046,34308.5,1774287890000,17.12,17.12,10114,0.0,2483
1774288615000,1774288615000,17.17,17.26,17.17,17.25,1774288600000,17.24,17.25,38046,34308.5,1774288215000,17.18,17.2,26844,6429.5,17.16,17.26,17.11,17.25,1774288600000,17.24,17.25,38046,34308.5,1774287890000,17.12,17.12,10114,0.0,2484
1774288620000,1774288620000,17.18,17.26,17.17,17.25,1774288600000,17.24,17.25,38046,34308.5,1774288215000,17.18,17.2,26844,6429.5,17.17,17.26,17.11,17.25,1774288600000,17.24,17.25,38046,34308.5,1774287890000,17.12,17.12,10114,0.0,2485
1774288625000,1774288625000,17.18,17.26,17.17,17.24,1774288600000,17.24,17.25,38046,34308.5,1774288215000,17.18,17.2,26844,6429.5,17.16,17.26,17.11,17.24,1774288600000,17.24,17.25,38046,34308.5,1774287890000,17.12,17.12,10114,0.0,2486
1774288630000,1774288630000,17.17,17.26,17.17,17.23,1774288600000,17.24,17.25,38046,34308.5,1774288215000,17.18,17.2,26844,6429.5,17.16,17.26,17.11,17.23,1774288600000,17.24,17.25,38046,34308.5,1774287890000,17.12,17.12,10114,0.0,2487
1774288635000,1774288635000,17.17,17.26,17.17,17.23,1774288600000,17.24,17.25,38046,34308.5,1774288215000,17.18,17.2,26844,6429.5,17.16,17.26,17.11,17.23,1774288600000,17.24,17.25,38046,34308.5,1774287890000,17.12,17.12,10114,0.0,2488
1774288640000,1774288640000,17.17,17.26,17.17,17.23,1774288600000,17.24,17.25,38046,34308.5,1774288215000,17.18,17.2,26844,6429.5,17.16,17.26,17.11,17.23,1774288600000,17.24,17.25,38046,34308.5,1774287890000,17.12,17.12,10114,0.0,2489
1774288645000,1774288645000,17.17,17.26,17.17,17.23,1774288600000,17.24,17.25,38046,34308.5,1774288215000,17.18,17.2,26844,6429.5,17.16,17.26,17.11,17.23,1774288600000,17.24,17.25,38046,34308.5,1774287890000,17.12,17.12,10114,0.0,2490
1774288650000,1774288650000,17.17,17.26,17.17,17.23,1774288600000,17.24,17.25,38046,34308.5,1774288215000,17.18,17.2,26844,6429.5,17.16,17.26,17.11,17.23,1774288600000,17.24,17.25,38046,34308.5,1774287890000,17.12,17.12,10114,0.0,2491
1774288655000,1774288655000,17.17,17.26,17.17,17.23,1774288600000,17.24,17.25,38046,34308.5,1774288215000,17.18,17.2,26844,6429.5,17.16,17.26,17.11,17.23,1774288600000,17.24,17.25,38046,34308.5,1774287890000,17.12,17.12,10114,0.0,2492
1774288660000,1774288660000,17.18,17.26,17.17,17.23,1774288600000,17.24,17.25,38046,34308.5,1774288215000,17.18,17.2,26844,6429.5,17.14,17.26,17.11,17.23,1774288600000,17.24,17.25,38046,34308.5,1774287890000,17.12,17.12,10114,0.0,2493
1774288665000,1774288665000,17.18,17.26,17.17,17.25,1774288600000,17.24,17.25,38046,34308.5,1774288215000,17.18,17.2,26844,6429.5,17.14,17.26,17.11,17.25,1774288600000,17.24,17.25,38046,34308.5,1774287890000,17.12,17.12,10114,0.0,2494
1774288670000,1774288670000,17.18,17.26,17.17,17.25,1774288600000,17.24,17.25,38046,34308.5,1774288215000,17.18,17.2,26844,6429.5,17.14,17.26,17.11,17.25,1774288600000,17.24,17.25,38046,34308.5,1774287890000,17.12,17.12,10114,0.0,2495
1774288675000,1774288675000,17.19,17.26,17.18,17.25,1774288675000,17.25,17.25,17237,15424.0,1774288250000,17.2,17.19,13145,0.0,17.14,17.26,17.11,17.25,1774288675000,17.25,17.25,17237,15424.0,1774287890000,17.12,17.12,10114,0.0,2496
1774288680000,1774288680000,17.19,17.26,17.18,17.24,1774288675000,17.25,17.25,17237,11424.0,1774288250000,17.2,17.19,13145,0.0,17.12,17.26,17.11,17.24,1774288675000,17.25,17.25,17237,11424.0,1774287890000,17.12,17.12,10114,0.0,2497
1774288685000,1774288685000,17.19,17.26,17.18,17.24,1774288675000,17.25,17.25,17237,11424.0,1774288250000,17.2,17.19,13145,0.0,17.12,17.26,17.12,17.24,1774288675000,17.25,17.25,17237,11424.0,1774287920000,17.13,17.14,15573,0.0,2498
1774288690000,1774288690000,17.2,17.26,17.18,17.23,1774288675000,17.25,17.25,17237,11424.0,1774288250000,17.2,17.19,13145,0.0,17.14,17.26,17.12,17.23,1774288675000,17.25,17.25,17237,11424.0,1774287920000,17.13,17.14,15573,0.0,2499
1774288695000,1774288695000,17.2,17.26,17.18,17.25,1774288675000,17.25,17.25,17237,11424.0,1774288250000,17.2,17.19,13145,0.0,17.14,17.26,17.12,17.25,1774288675000,17.25,17.25,17237,11424.0,1774287920000,17.13,17.14,15573,0.0,2500
1774288700000,1774288700000,17.2,17.26,17.18,17.25,1774288675000,17.25,17.25,17237,11424.0,1774288250000,17.2,17.19,13145,0.0,17.14,17.26,17.12,17.25,1774288675000,17.25,17.25,17237,11424.0,1774287920000,17.13,17.14,15573,0.0,2501
1774288705000,1774288705000,17.2,17.26,17.18,17.24,1774288675000,17.25,17.25,17237,11424.0,1774288250000,17.2,17.19,13145,0.0,17.14,17.26,17.12,17.24,1774288675000,17.25,17.25,17237,11424.0,1774287920000,17.13,17.14,15573,0.0,2502
1774288710000,1774288710000,17.2,17.26,17.18,17.24,1774288675000,17.25,17.25,17237,11424.0,1774288250000,17.2,17.19,13145,0.0,17.14,17.26,17.12,17.24,1774288675000,17.25,17.25,17237,11424.0,1774287920000,17.13,17.14,15573,0.0,2503
1774288715000,1774288715000,17.2,17.26,17.18,17.24,1774288675000,17.25,17.25,17237,11424.0,1774288250000,17.2,17.19,13145,0.0,17.14,17.26,17.12,17.24,1774288675000,17.25,17.25,17237,11424.0,1774287920000,17.13,17.14,15573,0.0,2504
1774288720000,1774288720000,17.19,17.26,17.19,17.25,1774288720000,17.25,17.25,30167,28814.5,1774288400000,17.2,17.2,3970,0.0,17.14,17.26,17.12,17.25,1774288720000,17.25,17.25,30167,28814.5,1774287920000,17.13,17.14,15573,0.0,2505
1774288725000,1774288725000,17.19,17.26,17.19,17.26,1774288725000,17.26,17.26,4789,0.0,1774288400000,17.2,17.2,3970,0.0,17.13,17.26,17.12,17.26,1774288725000,17.26,17.26,4789,0.0,1774287920000,17.13,17.14,15573,0.0,2506
1774288730000,1774288730000,17.19,17.26,17.19,17.25,1774288730000,17.26,17.25,10350,7955.5,1774288400000,17.2,17.2,3970,0.0,17.13,17.26,17.12,17.25,1774288730000,17.26,17.25,10350,7955.5,1774287920000,17.13,17.14,15573,0.0,2507
1774288735000,1774288735000,17.2,17.26,17.19,17.25,1774288735000,17.26,17.25,34040,28865.0,1774288400000,17.2,17.2,3970,0.0,17.14,17.26,17.13,17.25,1774288735000,17.26,17.25,34040,28865.0,1774287955000,17.14,17.14,8328,1270.0,2508
1774288740000,1774288740000,17.2,17.26,17.19,17.26,1774288740000,17.26,17.26,4787,0.0,1774288400000,17.2,17.2,3970,0.0,17.14,17.26,17.13,17.26,1774288740000,17.26,17.26,4787,0.0,1774287955000,17.14,17.14,8328,1270.0,2509
1774288745000,1774288745000,17.2,17.26,17.19,17.26,1774288745000,17.26,17.26,399,0.0,1774288400000,17.2,17.2,3970,0.0,17.14,17.26,17.13,17.26,1774288745000,17.26,17.26,399,0.0,1774287955000,17.14,17.14,8328,1270.0,2510
1774288750000,1774288750000,17.2,17.26,17.19,17.26,1774288750000,17.26,17.26,700,500.5,1774288400000,17.2,17.2,3970,0.0,17.14,17.26,17.13,17.26,1774288750000,17.26,17.26,700,500.5,1774287955000,17.14,17.14,8328,1270.0,2511
1774288755000,1774288755000,17.2,17.26,17.19,17.25,1774288750000,17.26,17.26,700,450.5,1774288400000,17.2,17.2,3970,0.0,17.14,17.26,17.13,17.25,1774288750000,17.26,17.26,700,450.5,1774287955000,17.14,17.14,8328,1270.0,2512
1774288760000,1774288760000,17.2,17.26,17.19,17.26,1774288760000,17.26,17.26,5200,5150.0,1774288400000,17.2,17.2,3970,0.0,17.15,17.26,17.14,17.26,1774288760000,17.26,17.26,5200,5150.0,1774288050000,17.14,17.16,4401,0.0,2513
1774288765000,1774288765000,17.21,17.26,17.19,17.25,1774288765000,17.26,17.25,6609,4009.0,1774288400000,17.2,17.2,3970,0.0,17.15,17.26,17.14,17.25,1774288765000,17.26,17.25,6609,4009.0,1774288050000,17.14,17.16,4401,0.0,2514
1774288770000,1774288770000,17.2,17.26,17.19,17.26,1774288770000,17.25,17.26,5412,2107.5,1774288400000,17.2,17.2,3970,0.0,17.14,17.26,17.14,17.26,1774288770000,17.25,17.26,5412,2107.5,1774288050000,17.14,17.16,4401,0.0,2515
1774288775000,1774288775000,17.2,17.26,17.19,17.25,1774288775000,17.25,17.25,4000,1294.0,1774288400000,17.2,17.2,3970,0.0,17.14,17.26,17.14,17.25,1774288775000,17.25,17.25,4000,1294.0,1774288050000,17.14,17.16,4401,0.0,2516
1774288780000,1774288780000,17.2,17.26,17.19,17.26,1774288780000,17.26,17.26,1806,0.0,1774288400000,17.2,17.2,3970,0.0,17.14,17.26,17.14,17.26,1774288780000,17.26,17.26,1806,0.0,1774288050000,17.14,17.16,4401,0.0,2517
1774288785000,1774288785000,17.21,17.27,17.19,17.27,1774288785000,17.26,17.27,5484,4581.0,1774288400000,17.2,17.2,3970,0.0,17.14,17.27,17.14,17.27,1774288785000,17.26,17.27,5484,4581.0,1774288050000,17.14,17.16,4401,0.0,2518
1774288790000,1774288790000,17.21,17.27,17.19,17.27,1774288790000,17.27,17.27,1500,0.0,1774288400000,17.2,17.2,3970,0.0,17.14,17.27,17.14,17.27,1774288790000,17.27,17.27,1500,0.0,1774288050000,17.14,17.16,4401,0.0,2519
1774288795000,1774288795000,17.2,17.27,17.19,17.27,1774288795000,17.27,17.27,1250,500.0,1774288400000,17.2,17.2,3970,0.0,17.16,17.27,17.14,17.27,1774288795000,17.27,17.27,1250,500.0,1774288050000,17.14,17.16,4401,0.0,2520
1774288800000,1774288800000,17.2,17.27,17.19,17.27,1774288800000,17.27,17.27,2178,1553.0,1774288400000,17.2,17.2,3970,0.0,17.16,17.27,17.14,17.27,1774288800000,17.27,17.27,2178,1553.0,1774288050000,17.14,17.16,4401,0.0,2521
1774288805000,1774288805000,17.2,17.27,17.19,17.26,1774288805000,17.27,17.26,2355,1266.0,1774288400000,17.2,17.2,3970,0.0,17.16,17.27,17.14,17.26,1774288805000,17.27,17.26,2355,1266.0,1774288050000,17.14,17.16,4401,0.0,2522
1774288810000,1774288810000,17.2,17.27,17.19,17.26,1774288810000,17.27,17.26,2792,1614.5,1774288400000,17.2,17.2,3970,0.0,17.16,17.27,17.14,17.26,1774288810000,17.27,17.26,2792,1614.5,1774288050000,17.14,17.16,4401,0.0,2523
1774288815000,1774288815000,17.2,17.27,17.19,17.27,1774288815000,17.27,17.27,7174,5778.0,1774288400000,17.2,17.2,3970,0.0,17.16,17.27,17.14,17.27,1774288815000,17.27,17.27,7174,5778.0,1774288050000,17.14,17.16,4401,0.0,2524
1774288820000,1774288820000,17.2,17.27,17.19,17.27,1774288820000,17.26,17.27,751,0.0,1774288400000,17.2,17.2,3970,0.0,17.16,17.27,17.14,17.27,1774288820000,17.26,17.27,751,0.0,1774288050000,17.14,17.16,4401,0.0,2525
1774288825000,1774288825000,17.2,17.27,17.19,17.26,1774288825000,17.27,17.26,11291,10915.5,1774288400000,17.2,17.2,3970,0.0,17.16,17.27,17.14,17.26,1774288825000,17.27,17.26,11291,10915.5,1774288050000,17.14,17.16,4401,0.0,2526
1774288830000,1774288830000,17.2,17.27,17.19,17.25,1774288825000,17.27,17.26,11291,10865.5,1774288400000,17.2,17.2,3970,0.0,17.16,17.27,17.14,17.25,1774288825000,17.27,17.26,11291,10865.5,1774288050000,17.14,17.16,4401,0.0,2527
1774288835000,1774288835000,17.2,17.27,17.19,17.26,1774288825000,17.27,17.26,11291,10865.5,1774288400000,17.2,17.2,3970,0.0,17.16,17.27,17.14,17.26,1774288825000,17.27,17.26,11291,10865.5,1774288050000,17.14,17.16,4401,0.0,2528
1774288840000,1774288840000,17.2,17.27,17.19,17.26,1774288825000,17.27,17.26,11291,10865.5,1774288400000,17.2,17.2,3970,0.0,17.16,17.27,17.14,17.26,1774288825000,17.27,17.26,11291,10865.5,1774288050000,17.14,17.16,4401,0.0,2529
1774288845000,1774288845000,17.2,17.27,17.19,17.25,1774288825000,17.27,17.26,11291,10865.5,1774288400000,17.2,17.2,3970,0.0,17.16,17.27,17.14,17.25,1774288825000,17.27,17.26,11291,10865.5,1774288050000,17.14,17.16,4401,0.0,2530
1774288850000,1774288850000,17.2,17.27,17.19,17.24,1774288825000,17.27,17.26,11291,10865.5,1774288400000,17.2,17.2,3970,0.0,17.16,17.27,17.14,17.24,1774288825000,17.27,17.26,11291,10865.5,1774288050000,17.14,17.16,4401,0.0,2531
1774288855000,1774288855000,17.2,17.27,17.19,17.25,1774288825000,17.27,17.26,11291,10865.5,1774288400000,17.2,17.2,3970,0.0,17.16,17.27,17.14,17.25,1774288825000,17.27,17.26,11291,10865.5,1774288050000,17.14,17.16,4401,0.0,2532
1774288860000,1774288860000,17.2,17.27,17.19,17.24,1774288825000,17.27,17.26,11291,10865.5,1774288400000,17.2,17.2,3970,0.0,17.16,17.27,17.14,17.24,1774288825000,17.27,17.26,11291,10865.5,1774288050000,17.14,17.16,4401,0.0,2533
1774288865000,1774288865000,17.2,17.27,17.19,17.25,1774288825000,17.27,17.26,11291,10865.5,1774288400000,17.2,17.2,3970,0.0,17.16,17.27,17.14,17.25,1774288825000,17.27,17.26,11291,10865.5,1774288050000,17.14,17.16,4401,0.0,2534
1774288870000,1774288870000,17.2,17.27,17.19,17.25,1774288825000,17.27,17.26,11291,10865.5,1774288400000,17.2,17.2,3970,0.0,17.16,17.27,17.14,17.25,1774288825000,17.27,17.26,11291,10865.5,1774288050000,17.14,17.16,4401,0.0,2535
1774288875000,1774288875000,17.2,17.27,17.19,17.25,1774288825000,17.27,17.26,11291,10865.5,1774288400000,17.2,17.2,3970,0.0,17.16,17.27,17.14,17.25,1774288825000,17.27,17.26,11291,10865.5,1774288050000,17.14,17.16,4401,0.0,2536
1774288880000,1774288880000,17.2,17.27,17.19,17.26,1774288825000,17.27,17.26,11291,10865.5,1774288400000,17.2,17.2,3970,0.0,17.16,17.27,17.14,17.26,1774288825000,17.27,17.26,11291,10865.5,1774288050000,17.14,17.16,4401,0.0,2537
1774288885000,1774288885000,17.2,17.27,17.19,17.26,1774288825000,17.27,17.26,11291,10865.5,1774288400000,17.2,17.2,3970,0.0,17.16,17.27,17.14,17.26,1774288825000,17.27,17.26,11291,10865.5,1774288050000,17.14,17.16,4401,0.0,2538
1774288890000,1774288890000,17.2,17.27,17.19,17.26,1774288825000,17.27,17.26,11291,10865.5,1774288400000,17.2,17.2,3970,0.0,17.16,17.27,17.14,17.26,1774288825000,17.27,17.26,11291,10865.5,1774288050000,17.14,17.16,4401,0.0,2539
1774288895000,1774288895000,17.2,17.27,17.19,17.26,1774288825000,17.27,17.26,11291,10865.5,1774288400000,17.2,17.2,3970,0.0,17.14,17.27,17.14,17.26,1774288825000,17.27,17.26,11291,10865.5,1774288050000,17.14,17.16,4401,0.0,2540
1774288900000,1774288900000,17.2,17.27,17.19,17.25,1774288825000,17.27,17.26,11291,10865.5,1774288400000,17.2,17.2,3970,0.0,17.14,17.27,17.14,17.25,1774288825000,17.27,17.26,11291,10865.5,1774288050000,17.14,17.16,4401,0.0,2541
1774288905000,1774288905000,17.21,17.27,17.2,17.26,1774288825000,17.27,17.26,11291,10865.5,1774288520000,17.21,17.21,19602,6815.0,17.15,17.27,17.14,17.26,1774288825000,17.27,17.26,11291,10865.5,1774288050000,17.14,17.16,4401,0.0,2542
1774288910000,1774288910000,17.21,17.27,17.2,17.24,1774288825000,17.27,17.26,11291,10865.5,1774288520000,17.21,17.21,19602,6815.0,17.15,17.27,17.14,17.24,1774288825000,17.27,17.26,11291,10865.5,1774288050000,17.14,17.16,4401,0.0,2543
1774288915000,1774288915000,17.21,17.27,17.2,17.26,1774288825000,17.27,17.26,11291,10865.5,1774288520000,17.21,17.21,19602,6815.0,17.14,17.27,17.14,17.26,1774288825000,17.27,17.26,11291,10865.5,1774288050000,17.14,17.16,4401,0.0,2544
1774288920000,1774288920000,17.21,17.27,17.2,17.26,1774288920000,17.26,17.26,25011,21311.0,1774288520000,17.21,17.21,19602,6815.0,17.15,17.27,17.14,17.26,1774288920000,17.26,17.26,25011,21311.0,1774288050000,17.14,17.16,4401,0.0,2545
1774288925000,1774288925000,17.21,17.27,17.2,17.26,1774288925000,17.27,17.26,9158,0.0,1774288520000,17.21,17.21,19602,6815.0,17.14,17.27,17.14,17.26,1774288925000,17.27,17.26,9158,0.0,1774288050000,17.14,17.16,4401,0.0,2546
1774288930000,1774288930000,17.21,17.27,17.2,17.25,1774288925000,17.27,17.26,9158,0.0,1774288520000,17.21,17.21,19602,6815.0,17.16,17.27,17.14,17.25,1774288925000,17.27,17.26,9158,0.0,1774288050000,17.14,17.16,4401,0.0,2547
1774288935000,1774288935000,17.21,17.27,17.2,17.25,1774288925000,17.27,17.26,9158,0.0,1774288520000,17.21,17.21,19602,6815.0,17.16,17.27,17.14,17.25,1774288925000,17.27,17.26,9158,0.0,1774288050000,17.14,17.16,4401,0.0,2548
1774288940000,1774288940000,17.21,17.27,17.2,17.25,1774288925000,17.27,17.26,9158,0.0,1774288520000,17.21,17.21,19602,6815.0,17.16,17.27,17.14,17.25,1774288925000,17.27,17.26,9158,0.0,1774288050000,17.14,17.16,4401,0.0,2549
1774288945000,1774288945000,17.21,17.27,17.2,17.25,1774288925000,17.27,17.26,9158,0.0,1774288520000,17.21,17.21,19602,6815.0,17.16,17.27,17.14,17.25,1774288925000,17.27,17.26,9158,0.0,1774288050000,17.14,17.16,4401,0.0,2550
1774288950000,1774288950000,17.21,17.27,17.2,17.24,1774288925000,17.27,17.26,9158,0.0,1774288520000,17.21,17.21,19602,6815.0,17.14,17.27,17.14,17.24,1774288925000,17.27,17.26,9158,0.0,1774288050000,17.14,17.16,4401,0.0,2551
1774288955000,1774288955000,17.21,17.27,17.2,17.24,1774288925000,17.27,17.26,9158,0.0,1774288520000,17.21,17.21,19602,6815.0,17.14,17.27,17.14,17.24,1774288925000,17.27,17.26,9158,0.0,1774288050000,17.14,17.16,4401,0.0,2552
1774288960000,1774288960000,17.21,17.27,17.2,17.23,1774288925000,17.27,17.26,9158,0.0,1774288520000,17.21,17.21,19602,6815.0,17.14,17.27,17.14,17.23,1774288925000,17.27,17.26,9158,0.0,1774288050000,17.14,17.16,4401,0.0,2553
1774288965000,1774288965000,17.21,17.27,17.2,17.24,1774288925000,17.27,17.26,9158,0.0,1774288520000,17.21,17.21,19602,6815.0,17.14,17.27,17.14,17.24,1774288925000,17.27,17.26,9158,0.0,1774288050000,17.14,17.16,4401,0.0,2554
1774288970000,1774288970000,17.21,17.27,17.2,17.25,1774288925000,17.27,17.26,9158,0.0,1774288520000,17.21,17.21,19602,6815.0,17.14,17.27,17.14,17.25,1774288925000,17.27,17.26,9158,0.0,1774288050000,17.14,17.16,4401,0.0,2555
1774288975000,1774288975000,17.21,17.27,17.2,17.24,1774288925000,17.27,17.26,9158,0.0,1774288520000,17.21,17.21,19602,6815.0,17.14,17.27,17.14,17.24,1774288925000,17.27,17.26,9158,0.0,1774288050000,17.14,17.16,4401,0.0,2556
1774288980000,1774288980000,17.21,17.27,17.2,17.23,1774288925000,17.27,17.26,9158,0.0,1774288520000,17.21,17.21,19602,6815.0,17.14,17.27,17.14,17.23,1774288925000,17.27,17.26,9158,0.0,1774288050000,17.14,17.16,4401,0.0,2557
1774288985000,1774288985000,17.21,17.27,17.2,17.24,1774288925000,17.27,17.26,9158,0.0,1774288520000,17.21,17.21,19602,6815.0,17.14,17.27,17.14,17.24,1774288925000,17.27,17.26,9158,0.0,1774288050000,17.14,17.16,4401,0.0,2558
1774288990000,1774288990000,17.21,17.27,17.2,17.23,1774288925000,17.27,17.26,9158,0.0,1774288520000,17.21,17.21,19602,6815.0,17.14,17.27,17.14,17.23,1774288925000,17.27,17.26,9158,0.0,1774288050000,17.14,17.16,4401,0.0,2559
1774288995000,1774288995000,17.21,17.27,17.2,17.24,1774288925000,17.27,17.26,9158,0.0,1774288520000,17.21,17.21,19602,6815.0,17.16,17.27,17.15,17.24,1774288925000,17.27,17.26,9158,0.0,1774288100000,17.16,17.17,19656,2922.0,2560
1774289000000,1774289000000,17.21,17.27,17.2,17.23,1774288925000,17.27,17.26,9158,0.0,1774288520000,17.21,17.21,19602,6815.0,17.16,17.27,17.15,17.23,1774288925000,17.27,17.26,9158,0.0,1774288100000,17.16,17.17,19656,2922.0,2561
1774289005000,1774289005000,17.21,17.27,17.2,17.23,1774288925000,17.27,17.26,9158,0.0,1774288520000,17.21,17.21,19602,6815.0,17.16,17.27,17.15,17.23,1774288925000,17.27,17.26,9158,0.0,1774288100000,17.16,17.17,19656,2922.0,2562
1774289010000,1774289010000,17.21,17.27,17.2,17.23,1774288925000,17.27,17.26,9158,0.0,1774288520000,17.21,17.21,19602,6815.0,17.16,17.27,17.15,17.23,1774288925000,17.27,17.26,9158,0.0,1774288100000,17.16,17.17,19656,2922.0,2563
1774289015000,1774289015000,17.21,17.27,17.2,17.23,1774288925000,17.27,17.26,9158,0.0,1774288520000,17.21,17.21,19602,6815.0,17.16,17.27,17.15,17.23,1774288925000,17.27,17.26,9158,0.0,1774288100000,17.16,17.17,19656,2922.0,2564
1774289020000,1774289020000,17.21,17.27,17.21,17.23,1774288925000,17.27,17.26,9158,0.0,1774288535000,17.21,17.23,28246,25243.5,17.16,17.27,17.15,17.23,1774288925000,17.27,17.26,9158,0.0,1774288100000,17.16,17.17,19656,2922.0,2565
1774289025000,1774289025000,17.21,17.27,17.21,17.25,1774288925000,17.27,17.26,9158,0.0,1774288535000,17.21,17.23,28246,25243.5,17.16,17.27,17.15,17.25,1774288925000,17.27,17.26,9158,0.0,1774288100000,17.16,17.17,19656,2922.0,2566
1774289030000,1774289030000,17.21,17.27,17.21,17.25,1774288925000,17.27,17.26,9158,0.0,1774288535000,17.21,17.23,28246,25243.5,17.16,17.27,17.15,17.25,1774288925000,17.27,17.26,9158,0.0,1774288100000,17.16,17.17,19656,2922.0,2567
1774289035000,1774289035000,17.21,17.27,17.21,17.25,1774288925000,17.27,17.26,9158,0.0,1774288535000,17.21,17.23,28246,25243.5,17.16,17.27,17.15,17.25,1774288925000,17.27,17.26,9158,0.0,1774288100000,17.16,17.17,19656,2922.0,2568
1774289040000,1774289040000,17.23,17.27,17.23,17.25,1774288925000,17.27,17.26,9158,0.0,1774289025000,17.23,17.25,11039,1618.0,17.17,17.27,17.16,17.25,1774288925000,17.27,17.26,9158,0.0,1774288165000,17.16,17.18,8983,3387.0,2569
1774289045000,1774289045000,17.23,17.27,17.23,17.25,1774288925000,17.27,17.26,9158,0.0,1774289025000,17.23,17.25,11039,1618.0,17.17,17.27,17.16,17.25,1774288925000,17.27,17.26,9158,0.0,1774288165000,17.16,17.18,8983,3387.0,2570
1774289050000,1774289050000,17.23,17.27,17.23,17.25,1774288925000,17.27,17.26,9158,0.0,1774289025000,17.23,17.25,11039,1618.0,17.17,17.27,17.16,17.25,1774288925000,17.27,17.26,9158,0.0,1774288165000,17.16,17.18,8983,3387.0,2571
1774289055000,1774289055000,17.23,17.27,17.23,17.25,1774288925000,17.27,17.26,9158,0.0,1774289025000,17.23,17.25,11039,1618.0,17.17,17.27,17.16,17.25,1774288925000,17.27,17.26,9158,0.0,1774288165000,17.16,17.18,8983,3387.0,2572
1774289060000,1774289060000,17.23,17.27,17.23,17.26,1774288925000,17.27,17.26,9158,0.0,1774289025000,17.23,17.25,11039,1618.0,17.18,17.27,17.16,17.26,1774288925000,17.27,17.26,9158,0.0,1774288165000,17.16,17.18,8983,3387.0,2573
1774289065000,1774289065000,17.23,17.27,17.23,17.25,1774288925000,17.27,17.26,9158,0.0,1774289025000,17.23,17.25,11039,1618.0,17.18,17.27,17.16,17.25,1774288925000,17.27,17.26,9158,0.0,1774288165000,17.16,17.18,8983,3387.0,2574
1774289070000,1774289070000,17.23,17.27,17.23,17.25,1774288925000,17.27,17.26,9158,0.0,1774289025000,17.23,17.25,11039,1618.0,17.18,17.27,17.16,17.25,1774288925000,17.27,17.26,9158,0.0,1774288165000,17.16,17.18,8983,3387.0,2575
1774289075000,1774289075000,17.24,17.27,17.23,17.25,1774288925000,17.27,17.26,9158,0.0,1774289025000,17.23,17.25,11039,1618.0,17.18,17.27,17.16,17.25,1774288925000,17.27,17.26,9158,0.0,1774288165000,17.16,17.18,8983,3387.0,2576
1774289080000,1774289080000,17.24,17.27,17.23,17.25,1774288925000,17.27,17.26,9158,0.0,1774289025000,17.23,17.25,11039,1618.0,17.18,17.27,17.16,17.25,1774288925000,17.27,17.26,9158,0.0,1774288165000,17.16,17.18,8983,3387.0,2577
1774289085000,1774289085000,17.24,17.27,17.23,17.25,1774288925000,17.27,17.26,9158,0.0,1774289025000,17.23,17.25,11039,1618.0,17.18,17.27,17.16,17.25,1774288925000,17.27,17.26,9158,0.0,1774288165000,17.16,17.18,8983,3387.0,2578
1774289090000,1774289090000,17.24,17.27,17.23,17.25,1774288925000,17.27,17.26,9158,0.0,1774289025000,17.23,17.25,11039,1618.0,17.18,17.27,17.16,17.25,1774288925000,17.27,17.26,9158,0.0,1774288165000,17.16,17.18,8983,3387.0,2579
1774289095000,1774289095000,17.25,17.27,17.23,17.25,1774288925000,17.27,17.26,9158,0.0,1774289025000,17.23,17.25,11039,1618.0,17.16,17.27,17.16,17.25,1774288925000,17.27,17.26,9158,0.0,1774288165000,17.16,17.18,8983,3387.0,2580
1774289100000,1774289100000,17.24,17.27,17.23,17.25,1774288925000,17.27,17.26,9158,0.0,1774289025000,17.23,17.25,11039,1618.0,17.16,17.27,17.16,17.25,1774288925000,17.27,17.26,9158,0.0,1774288165000,17.16,17.18,8983,3387.0,2581
1774289105000,1774289105000,17.24,17.27,17.23,17.25,1774288925000,17.27,17.26,9158,0.0,1774289025000,17.23,17.25,11039,1618.0,17.16,17.27,17.16,17.25,1774288925000,17.27,17.26,9158,0.0,1774288165000,17.16,17.18,8983,3387.0,2582
1774289110000,1774289110000,17.24,17.27,17.23,17.24,1774288925000,17.27,17.26,9158,0.0,1774289025000,17.23,17.25,11039,1618.0,17.17,17.27,17.17,17.24,1774288925000,17.27,17.26,9158,0.0,1774288215000,17.18,17.2,26844,6429.5,2583
1774289115000,1774289115000,17.24,17.27,17.23,17.23,1774288925000,17.27,17.26,9158,0.0,1774289115000,17.24,17.23,6364,5633.5,17.17,17.27,17.17,17.23,1774288925000,17.27,17.26,9158,0.0,1774288215000,17.18,17.2,26844,6429.5,2584
1774289120000,1774289120000,17.24,17.27,17.23,17.23,1774288925000,17.27,17.26,9158,0.0,1774289120000,17.23,17.23,4580,1398.0,17.18,17.27,17.17,17.23,1774288925000,17.27,17.26,9158,0.0,1774288215000,17.18,17.2,26844,6429.5,2585
1774289125000,1774289125000,17.25,17.27,17.23,17.25,1774288925000,17.27,17.26,9158,0.0,1774289125000,17.23,17.25,16785,14495.0,17.17,17.27,17.17,17.25,1774288925000,17.27,17.26,9158,0.0,1774288215000,17.18,17.2,26844,6429.5,2586
1774289130000,1774289130000,17.23,17.27,17.23,17.26,1774288925000,17.27,17.26,9158,0.0,1774289125000,17.23,17.25,16785,4595.0,17.18,17.27,17.17,17.26,1774288925000,17.27,17.26,9158,0.0,1774288215000,17.18,17.2,26844,6429.5,2587
1774289135000,1774289135000,17.23,17.27,17.23,17.27,1774289135000,17.26,17.27,3501,0.0,1774289125000,17.23,17.25,16785,4595.0,17.18,17.27,17.17,17.27,1774289135000,17.26,17.27,3501,0.0,1774288215000,17.18,17.2,26844,6429.5,2588
1774289140000,1774289140000,17.24,17.27,17.23,17.26,1774289140000,17.27,17.26,14733,12982.5,1774289125000,17.23,17.25,16785,4595.0,17.17,17.27,17.17,17.26,1774289140000,17.27,17.26,14733,12982.5,1774288215000,17.18,17.2,26844,6429.5,2589
1774289145000,1774289145000,17.23,17.27,17.23,17.27,1774289145000,17.27,17.27,9800,2433.5,1774289125000,17.23,17.25,16785,4595.0,17.18,17.27,17.17,17.27,1774289145000,17.27,17.27,9800,2433.5,1774288215000,17.18,17.2,26844,6429.5,2590
1774289150000,1774289150000,17.23,17.27,17.23,17.27,1774289150000,17.27,17.27,3141,0.0,1774289125000,17.23,17.25,16785,4595.0,17.18,17.27,17.17,17.27,1774289150000,17.27,17.27,3141,0.0,1774288215000,17.18,17.2,26844,6429.5,2591
1774289155000,1774289155000,17.25,17.27,17.23,17.27,1774289155000,17.27,17.27,19094,17523.5,1774289125000,17.23,17.25,16785,4595.0,17.18,17.27,17.17,17.27,1774289155000,17.27,17.27,19094,17523.5,1774288215000,17.18,17.2,26844,6429.5,2592
1774289160000,1774289160000,17.25,17.27,17.23,17.26,1774289160000,17.27,17.26,8634,0.0,1774289125000,17.23,17.25,16785,4595.0,17.19,17.27,17.18,17.26,1774289160000,17.27,17.26,8634,0.0,1774288250000,17.2,17.19,13145,0.0,2593
1774289165000,1774289165000,17.25,17.27,17.23,17.26,1774289165000,17.27,17.26,16672,12355.0,1774289125000,17.23,17.25,16785,4595.0,17.19,17.27,17.18,17.26,1774289165000,17.27,17.26,16672,12355.0,1774288250000,17.2,17.19,13145,0.0,2594
1774289170000,1774289170000,17.25,17.27,17.23,17.25,1774289165000,17.27,17.26,16672,12205.0,1774289125000,17.23,17.25,16785,4595.0,17.19,17.27,17.18,17.25,1774289165000,17.27,17.26,16672,12205.0,1774288250000,17.2,17.19,13145,0.0,2595
1774289175000,1774289175000,17.24,17.27,17.23,17.26,1774289165000,17.27,17.26,16672,12205.0,1774289125000,17.23,17.25,16785,4595.0,17.19,17.27,17.18,17.26,1774289165000,17.27,17.26,16672,12205.0,1774288250000,17.2,17.19,13145,0.0,2596
1774289180000,1774289180000,17.24,17.27,17.23,17.26,1774289165000,17.27,17.26,16672,12205.0,1774289125000,17.23,17.25,16785,4595.0,17.2,17.27,17.18,17.26,1774289165000,17.27,17.26,16672,12205.0,1774288250000,17.2,17.19,13145,0.0,2597
1774289185000,1774289185000,17.24,17.27,17.23,17.26,1774289165000,17.27,17.26,16672,12205.0,1774289125000,17.23,17.25,16785,4595.0,17.2,17.27,17.18,17.26,1774289165000,17.27,17.26,16672,12205.0,1774288250000,17.2,17.19,13145,0.0,2598
1774289190000,1774289190000,17.24,17.27,17.23,17.26,1774289165000,17.27,17.26,16672,12205.0,1774289125000,17.23,17.25,16785,4595.0,17.2,17.27,17.18,17.26,1774289165000,17.27,17.26,16672,12205.0,1774288250000,17.2,17.19,13145,0.0,2599
1774289195000,1774289195000,17.24,17.27,17.23,17.26,1774289165000,17.27,17.26,16672,12205.0,1774289125000,17.23,17.25,16785,4595.0,17.2,17.27,17.18,17.26,1774289165000,17.27,17.26,16672,12205.0,1774288250000,17.2,17.19,13145,0.0,2600
1774289200000,1774289200000,17.24,17.27,17.23,17.26,1774289165000,17.27,17.26,16672,12205.0,1774289125000,17.23,17.25,16785,4595.0,17.2,17.27,17.18,17.26,1774289165000,17.27,17.26,16672,12205.0,1774288250000,17.2,17.19,13145,0.0,2601
1774289205000,1774289205000,17.24,17.27,17.23,17.27,1774289205000,17.26,17.27,6031,5326.5,1774289125000,17.23,17.25,16785,4595.0,17.2,17.27,17.18,17.27,1774289205000,17.26,17.27,6031,5326.5,1774288250000,17.2,17.19,13145,0.0,2602
1774289210000,1774289210000,17.25,17.27,17.23,17.27,1774289210000,17.27,17.27,5154,2138.5,1774289125000,17.23,17.25,16785,4595.0,17.2,17.27,17.18,17.27,1774289210000,17.27,17.27,5154,2138.5,1774288250000,17.2,17.19,13145,0.0,2603
1774289215000,1774289215000,17.25,17.27,17.23,17.27,1774289215000,17.27,17.27,7456,4879.0,1774289125000,17.23,17.25,16785,4595.0,17.2,17.27,17.18,17.27,1774289215000,17.27,17.27,7456,4879.0,1774288250000,17.2,17.19,13145,0.0,2604
1774289220000,1774289220000,17.25,17.28,17.23,17.27,1774289220000,17.27,17.27,10437,6709.0,1774289125000,17.23,17.25,16785,4595.0,17.19,17.28,17.19,17.27,1774289220000,17.27,17.27,10437,6709.0,1774288400000,17.2,17.2,3970,0.0,2605
1774289225000,1774289225000,17.25,17.29,17.23,17.29,1774289225000,17.28,17.29,7715,2496.5,1774289125000,17.23,17.25,16785,4595.0,17.19,17.29,17.19,17.29,1774289225000,17.28,17.29,7715,2496.5,1774288400000,17.2,17.2,3970,0.0,2606
1774289230000,1774289230000,17.26,17.29,17.23,17.27,1774289230000,17.29,17.27,27203,23345.5,1774289125000,17.23,17.25,16785,4595.0,17.19,17.29,17.19,17.27,1774289230000,17.29,17.27,27203,23345.5,1774288400000,17.2,17.2,3970,0.0,2607
1774289235000,1774289235000,17.26,17.29,17.23,17.27,1774289230000,17.29,17.27,27203,13340.0,1774289125000,17.23,17.25,16785,4595.0,17.2,17.29,17.19,17.27,1774289230000,17.29,17.27,27203,13340.0,1774288400000,17.2,17.2,3970,0.0,2608
1774289240000,1774289240000,17.26,17.29,17.23,17.26,1774289230000,17.29,17.27,27203,13340.0,1774289125000,17.23,17.25,16785,4595.0,17.2,17.29,17.19,17.26,1774289230000,17.29,17.27,27203,13340.0,1774288400000,17.2,17.2,3970,0.0,2609
1774289245000,1774289245000,17.26,17.29,17.21,17.24,1774289230000,17.29,17.27,27203,13340.0,1774289245000,17.26,17.24,107606,102925.0,17.21,17.29,17.19,17.24,1774289230000,17.29,17.27,27203,13340.0,1774288400000,17.2,17.2,3970,0.0,2610
1774289250000,1774289250000,17.26,17.29,17.21,17.22,1774289230000,17.29,17.27,27203,13340.0,1774289245000,17.26,17.24,107606,74563.5,17.21,17.29,17.2,17.22,1774289230000,17.29,17.27,27203,13340.0,1774288520000,17.21,17.21,19602,6815.0,2611
1774289255000,1774289255000,17.24,17.29,17.21,17.21,1774289230000,17.29,17.27,27203,13340.0,1774289255000,17.23,17.21,46103,17741.5,17.21,17.29,17.2,17.21,1774289230000,17.29,17.27,27203,13340.0,1774288520000,17.21,17.21,19602,6815.0,2612
1774289260000,1774289260000,17.24,17.29,17.21,17.23,1774289230000,17.29,17.27,27203,13340.0,1774289260000,17.21,17.23,13548,0.0,17.21,17.29,17.2,17.23,1774289230000,17.29,17.27,27203,13340.0,1774288520000,17.21,17.21,19602,6815.0,2613
1774289265000,1774289265000,17.25,17.29,17.21,17.23,1774289230000,17.29,17.27,27203,13340.0,1774289260000,17.21,17.23,13548,0.0,17.21,17.29,17.2,17.23,1774289230000,17.29,17.27,27203,13340.0,1774288520000,17.21,17.21,19602,6815.0,2614
1774289270000,1774289270000,17.23,17.29,17.21,17.25,1774289230000,17.29,17.27,27203,13340.0,1774289260000,17.21,17.23,13548,0.0,17.21,17.29,17.2,17.25,1774289230000,17.29,17.27,27203,13340.0,1774288520000,17.21,17.21,19602,6815.0,2615
1774289275000,1774289275000,17.24,17.29,17.21,17.23,1774289230000,17.29,17.27,27203,13340.0,1774289260000,17.21,17.23,13548,0.0,17.21,17.29,17.2,17.23,1774289230000,17.29,17.27,27203,13340.0,1774288520000,17.21,17.21,19602,6815.0,2616
1774289280000,1774289280000,17.23,17.29,17.21,17.26,1774289230000,17.29,17.27,27203,13340.0,1774289260000,17.21,17.23,13548,0.0,17.21,17.29,17.2,17.26,1774289230000,17.29,17.27,27203,13340.0,1774288520000,17.21,17.21,19602,6815.0,2617
1774289285000,1774289285000,17.23,17.29,17.21,17.27,1774289230000,17.29,17.27,27203,13340.0,1774289260000,17.21,17.23,13548,0.0,17.21,17.29,17.21,17.27,1774289230000,17.29,17.27,27203,13340.0,1774289260000,17.21,17.23,13548,0.0,2618
1774289290000,1774289290000,17.23,17.29,17.21,17.26,1774289230000,17.29,17.27,27203,13340.0,1774289260000,17.21,17.23,13548,0.0,17.21,17.29,17.21,17.26,1774289230000,17.29,17.27,27203,13340.0,1774289260000,17.21,17.23,13548,0.0,2619
1774289295000,1774289295000,17.24,17.29,17.21,17.26,1774289230000,17.29,17.27,27203,13340.0,1774289260000,17.21,17.23,13548,0.0,17.21,17.29,17.21,17.26,1774289230000,17.29,17.27,27203,13340.0,1774289260000,17.21,17.23,13548,0.0,2620
1774289300000,1774289300000,17.24,17.29,17.21,17.25,1774289230000,17.29,17.27,27203,13340.0,1774289260000,17.21,17.23,13548,0.0,17.21,17.29,17.21,17.25,1774289230000,17.29,17.27,27203,13340.0,1774289260000,17.21,17.23,13548,0.0,2621
1774289305000,1774289305000,17.25,17.29,17.21,17.27,1774289230000,17.29,17.27,27203,13340.0,1774289260000,17.21,17.23,13548,0.0,17.23,17.29,17.21,17.27,1774289230000,17.29,17.27,27203,13340.0,1774289260000,17.21,17.23,13548,0.0,2622
1774289310000,1774289310000,17.25,17.29,17.21,17.27,1774289230000,17.29,17.27,27203,13340.0,1774289260000,17.21,17.23,13548,0.0,17.23,17.29,17.21,17.27,1774289230000,17.29,17.27,27203,13340.0,1774289260000,17.21,17.23,13548,0.0,2623
1774289315000,1774289315000,17.25,17.29,17.21,17.26,1774289230000,17.29,17.27,27203,13340.0,1774289260000,17.21,17.23,13548,0.0,17.23,17.29,17.21,17.26,1774289230000,17.29,17.27,27203,13340.0,1774289260000,17.21,17.23,13548,0.0,2624
1774289320000,1774289320000,17.25,17.29,17.21,17.27,1774289230000,17.29,17.27,27203,13340.0,1774289260000,17.21,17.23,13548,0.0,17.23,17.29,17.21,17.27,1774289230000,17.29,17.27,27203,13340.0,1774289260000,17.21,17.23,13548,0.0,2625
1774289325000,1774289325000,17.25,17.29,17.21,17.27,1774289230000,17.29,17.27,27203,13340.0,1774289260000,17.21,17.23,13548,0.0,17.23,17.29,17.21,17.27,1774289230000,17.29,17.27,27203,13340.0,1774289260000,17.21,17.23,13548,0.0,2626
1774289330000,1774289330000,17.26,17.29,17.21,17.28,1774289230000,17.29,17.27,27203,13340.0,1774289260000,17.21,17.23,13548,0.0,17.23,17.29,17.21,17.28,1774289230000,17.29,17.27,27203,13340.0,1774289260000,17.21,17.23,13548,0.0,2627
1774289335000,1774289335000,17.26,17.29,17.21,17.27,1774289230000,17.29,17.27,27203,13340.0,1774289260000,17.21,17.23,13548,0.0,17.23,17.29,17.21,17.27,1774289230000,17.29,17.27,27203,13340.0,1774289260000,17.21,17.23,13548,0.0,2628
1774289340000,1774289340000,17.25,17.29,17.21,17.27,1774289230000,17.29,17.27,27203,13340.0,1774289260000,17.21,17.23,13548,0.0,17.23,17.29,17.21,17.27,1774289230000,17.29,17.27,27203,13340.0,1774289260000,17.21,17.23,13548,0.0,2629
1774289345000,1774289345000,17.25,17.29,17.21,17.27,1774289230000,17.29,17.27,27203,13340.0,1774289260000,17.21,17.23,13548,0.0,17.23,17.29,17.21,17.27,1774289230000,17.29,17.27,27203,13340.0,1774289260000,17.21,17.23,13548,0.0,2630
1774289350000,1774289350000,17.25,17.29,17.21,17.27,1774289230000,17.29,17.27,27203,13340.0,1774289260000,17.21,17.23,13548,0.0,17.23,17.29,17.21,17.27,1774289230000,17.29,17.27,27203,13340.0,1774289260000,17.21,17.23,13548,0.0,2631
1774289355000,1774289355000,17.25,17.29,17.21,17.27,1774289230000,17.29,17.27,27203,13340.0,1774289260000,17.21,17.23,13548,0.0,17.23,17.29,17.21,17.27,1774289230000,17.29,17.27,27203,13340.0,1774289260000,17.21,17.23,13548,0.0,2632
1774289360000,1774289360000,17.25,17.29,17.21,17.25,1774289230000,17.29,17.27,27203,13340.0,1774289260000,17.21,17.23,13548,0.0,17.24,17.29,17.21,17.25,1774289230000,17.29,17.27,27203,13340.0,1774289260000,17.21,17.23,13548,0.0,2633
1774289365000,1774289365000,17.25,17.29,17.21,17.26,1774289230000,17.29,17.27,27203,13340.0,1774289260000,17.21,17.23,13548,0.0,17.24,17.29,17.21,17.26,1774289230000,17.29,17.27,27203,13340.0,1774289260000,17.21,17.23,13548,0.0,2634
1774289370000,1774289370000,17.25,17.29,17.21,17.25,1774289230000,17.29,17.27,27203,13340.0,1774289260000,17.21,17.23,13548,0.0,17.24,17.29,17.21,17.25,1774289230000,17.29,17.27,27203,13340.0,1774289260000,17.21,17.23,13548,0.0,2635
1774289375000,1774289375000,17.25,17.29,17.21,17.25,1774289230000,17.29,17.27,27203,13340.0,1774289260000,17.21,17.23,13548,0.0,17.24,17.29,17.21,17.25,1774289230000,17.29,17.27,27203,13340.0,1774289260000,17.21,17.23,13548,0.0,2636
1774289380000,1774289380000,17.25,17.29,17.21,17.24,1774289230000,17.29,17.27,27203,13340.0,1774289260000,17.21,17.23,13548,0.0,17.25,17.29,17.21,17.24,1774289230000,17.29,17.27,27203,13340.0,1774289260000,17.21,17.23,13548,0.0,2637
1774289385000,1774289385000,17.25,17.29,17.21,17.23,1774289230000,17.29,17.27,27203,13340.0,1774289260000,17.21,17.23,13548,0.0,17.24,17.29,17.21,17.23,1774289230000,17.29,17.27,27203,13340.0,1774289260000,17.21,17.23,13548,0.0,2638
1774289390000,1774289390000,17.25,17.29,17.21,17.24,1774289230000,17.29,17.27,27203,13340.0,1774289260000,17.21,17.23,13548,0.0,17.24,17.29,17.21,17.24,1774289230000,17.29,17.27,27203,13340.0,1774289260000,17.21,17.23,13548,0.0,2639
1774289395000,1774289395000,17.25,17.29,17.21,17.24,1774289230000,17.29,17.27,27203,13340.0,1774289260000,17.21,17.23,13548,0.0,17.24,17.29,17.21,17.24,1774289230000,17.29,17.27,27203,13340.0,1774289260000,17.21,17.23,13548,0.0,2640
1774289400000,1774289400000,17.24,17.29,17.21,17.25,1774289230000,17.29,17.27,27203,13340.0,1774289260000,17.21,17.23,13548,0.0,17.24,17.29,17.21,17.25,1774289230000,17.29,17.27,27203,13340.0,1774289260000,17.21,17.23,13548,0.0,2641
1774289405000,1774289405000,17.24,17.29,17.21,17.25,1774289230000,17.29,17.27,27203,13340.0,1774289260000,17.21,17.23,13548,0.0,17.24,17.29,17.21,17.25,1774289230000,17.29,17.27,27203,13340.0,1774289260000,17.21,17.23,13548,0.0,2642
1774289410000,1774289410000,17.23,17.29,17.21,17.26,1774289230000,17.29,17.27,27203,13340.0,1774289260000,17.21,17.23,13548,0.0,17.24,17.29,17.21,17.26,1774289230000,17.29,17.27,27203,13340.0,1774289260000,17.21,17.23,13548,0.0,2643
1774289415000,1774289415000,17.23,17.29,17.21,17.26,1774289230000,17.29,17.27,27203,13340.0,1774289260000,17.21,17.23,13548,0.0,17.24,17.29,17.21,17.26,1774289230000,17.29,17.27,27203,13340.0,1774289260000,17.21,17.23,13548,0.0,2644
1774289420000,1774289420000,17.23,17.29,17.21,17.26,1774289230000,17.29,17.27,27203,13340.0,1774289260000,17.21,17.23,13548,0.0,17.24,17.29,17.21,17.26,1774289230000,17.29,17.27,27203,13340.0,1774289260000,17.21,17.23,13548,0.0,2645
1774289425000,1774289425000,17.23,17.29,17.21,17.26,1774289230000,17.29,17.27,27203,13340.0,1774289260000,17.21,17.23,13548,0.0,17.24,17.29,17.21,17.26,1774289230000,17.29,17.27,27203,13340.0,1774289260000,17.21,17.23,13548,0.0,2646
1774289430000,1774289430000,17.25,17.29,17.21,17.26,1774289230000,17.29,17.27,27203,13340.0,1774289260000,17.21,17.23,13548,0.0,17.25,17.29,17.21,17.26,1774289230000,17.29,17.27,27203,13340.0,1774289260000,17.21,17.23,13548,0.0,2647
1774289435000,1774289435000,17.25,17.29,17.21,17.27,1774289230000,17.29,17.27,27203,13340.0,1774289260000,17.21,17.23,13548,0.0,17.25,17.29,17.21,17.27,1774289230000,17.29,17.27,27203,13340.0,1774289260000,17.21,17.23,13548,0.0,2648
1774289440000,1774289440000,17.27,17.29,17.21,17.28,1774289230000,17.29,17.27,27203,13340.0,1774289260000,17.21,17.23,13548,0.0,17.23,17.29,17.21,17.28,1774289230000,17.29,17.27,27203,13340.0,1774289260000,17.21,17.23,13548,0.0,2649
1774289445000,1774289445000,17.27,17.29,17.21,17.28,1774289230000,17.29,17.27,27203,13340.0,1774289260000,17.21,17.23,13548,0.0,17.23,17.29,17.21,17.28,1774289230000,17.29,17.27,27203,13340.0,1774289260000,17.21,17.23,13548,0.0,2650
1774289450000,1774289450000,17.27,17.29,17.21,17.26,1774289230000,17.29,17.27,27203,13340.0,1774289260000,17.21,17.23,13548,0.0,17.24,17.29,17.21,17.26,1774289230000,17.29,17.27,27203,13340.0,1774289260000,17.21,17.23,13548,0.0,2651
1774289455000,1774289455000,17.27,17.29,17.21,17.27,1774289230000,17.29,17.27,27203,13340.0,1774289260000,17.21,17.23,13548,0.0,17.23,17.29,17.21,17.27,1774289230000,17.29,17.27,27203,13340.0,1774289260000,17.21,17.23,13548,0.0,2652
1774289460000,1774289460000,17.27,17.29,17.21,17.27,1774289230000,17.29,17.27,27203,13340.0,1774289260000,17.21,17.23,13548,0.0,17.23,17.29,17.21,17.27,1774289230000,17.29,17.27,27203,13340.0,1774289260000,17.21,17.23,13548,0.0,2653
1774289465000,1774289465000,17.27,17.29,17.21,17.26,1774289230000,17.29,17.27,27203,13340.0,1774289260000,17.21,17.23,13548,0.0,17.23,17.29,17.21,17.26,1774289230000,17.29,17.27,27203,13340.0,1774289260000,17.21,17.23,13548,0.0,2654
1774289470000,1774289470000,17.27,17.29,17.21,17.27,1774289230000,17.29,17.27,27203,13340.0,1774289260000,17.21,17.23,13548,0.0,17.23,17.29,17.21,17.27,1774289230000,17.29,17.27,27203,13340.0,1774289260000,17.21,17.23,13548,0.0,2655
1774289475000,1774289475000,17.27,17.29,17.21,17.28,1774289230000,17.29,17.27,27203,13340.0,1774289260000,17.21,17.23,13548,0.0,17.25,17.29,17.21,17.28,1774289230000,17.29,17.27,27203,13340.0,1774289260000,17.21,17.23,13548,0.0,2656
1774289480000,1774289480000,17.27,17.29,17.21,17.29,1774289480000,17.28,17.29,9249,4949.0,1774289260000,17.21,17.23,13548,0.0,17.25,17.29,17.21,17.29,1774289480000,17.28,17.29,9249,4949.0,1774289260000,17.21,17.23,13548,0.0,2657
1774289485000,1774289485000,17.27,17.29,17.21,17.28,1774289485000,17.28,17.28,4907,282.5,1774289260000,17.21,17.23,13548,0.0,17.25,17.29,17.21,17.28,1774289485000,17.28,17.28,4907,282.5,1774289260000,17.21,17.23,13548,0.0,2658
1774289490000,1774289490000,17.27,17.29,17.21,17.27,1774289485000,17.28,17.28,4907,0.0,1774289260000,17.21,17.23,13548,0.0,17.24,17.29,17.21,17.27,1774289485000,17.28,17.28,4907,0.0,1774289260000,17.21,17.23,13548,0.0,2659
1774289495000,1774289495000,17.27,17.29,17.21,17.28,1774289485000,17.28,17.28,4907,0.0,1774289260000,17.21,17.23,13548,0.0,17.25,17.29,17.21,17.28,1774289485000,17.28,17.28,4907,0.0,1774289260000,17.21,17.23,13548,0.0,2660
1774289500000,1774289500000,17.25,17.29,17.21,17.28,1774289485000,17.28,17.28,4907,0.0,1774289260000,17.21,17.23,13548,0.0,17.24,17.29,17.21,17.28,1774289485000,17.28,17.28,4907,0.0,1774289260000,17.21,17.23,13548,0.0,2661
1774289505000,1774289505000,17.27,17.3,17.21,17.29,1774289505000,17.28,17.29,27775,20478.0,1774289260000,17.21,17.23,13548,0.0,17.25,17.3,17.21,17.29,1774289505000,17.28,17.29,27775,20478.0,1774289260000,17.21,17.23,13548,0.0,2662
1774289510000,1774289510000,17.28,17.3,17.21,17.29,1774289510000,17.3,17.29,10115,0.0,1774289260000,17.21,17.23,13548,0.0,17.25,17.3,17.21,17.29,1774289510000,17.3,17.29,10115,0.0,1774289260000,17.21,17.23,13548,0.0,2663
1774289515000,1774289515000,17.28,17.3,17.21,17.3,1774289515000,17.29,17.3,2200,0.0,1774289260000,17.21,17.23,13548,0.0,17.25,17.3,17.21,17.3,1774289515000,17.29,17.3,2200,0.0,1774289260000,17.21,17.23,13548,0.0,2664
1774289520000,1774289520000,17.29,17.3,17.21,17.29,1774289520000,17.3,17.29,10041,8941.0,1774289260000,17.21,17.23,13548,0.0,17.25,17.3,17.21,17.29,1774289520000,17.3,17.29,10041,8941.0,1774289260000,17.21,17.23,13548,0.0,2665
1774289525000,1774289525000,17.29,17.3,17.21,17.29,1774289520000,17.3,17.29,10041,6122.0,1774289260000,17.21,17.23,13548,0.0,17.25,17.3,17.21,17.29,1774289520000,17.3,17.29,10041,6122.0,1774289260000,17.21,17.23,13548,0.0,2666
1774289530000,1774289530000,17.29,17.3,17.21,17.29,1774289520000,17.3,17.29,10041,6122.0,1774289260000,17.21,17.23,13548,0.0,17.26,17.3,17.21,17.29,1774289520000,17.3,17.29,10041,6122.0,1774289260000,17.21,17.23,13548,0.0,2667
1774289535000,1774289535000,17.27,17.3,17.21,17.29,1774289520000,17.3,17.29,10041,6122.0,1774289260000,17.21,17.23,13548,0.0,17.26,17.3,17.21,17.29,1774289520000,17.3,17.29,10041,6122.0,1774289260000,17.21,17.23,13548,0.0,2668
1774289540000,1774289540000,17.27,17.3,17.21,17.28,1774289520000,17.3,17.29,10041,6122.0,1774289260000,17.21,17.23,13548,0.0,17.26,17.3,17.21,17.28,1774289520000,17.3,17.29,10041,6122.0,1774289260000,17.21,17.23,13548,0.0,2669
1774289545000,1774289545000,17.27,17.3,17.21,17.28,1774289520000,17.3,17.29,10041,6122.0,1774289260000,17.21,17.23,13548,0.0,17.26,17.3,17.21,17.28,1774289520000,17.3,17.29,10041,6122.0,1774289260000,17.21,17.23,13548,0.0,2670
1774289550000,1774289550000,17.28,17.3,17.21,17.27,1774289520000,17.3,17.29,10041,6122.0,1774289260000,17.21,17.23,13548,0.0,17.26,17.3,17.21,17.27,1774289520000,17.3,17.29,10041,6122.0,1774289260000,17.21,17.23,13548,0.0,2671
1774289555000,1774289555000,17.28,17.3,17.21,17.28,1774289520000,17.3,17.29,10041,6122.0,1774289260000,17.21,17.23,13548,0.0,17.26,17.3,17.21,17.28,1774289520000,17.3,17.29,10041,6122.0,1774289260000,17.21,17.23,13548,0.0,2672
1774289560000,1774289560000,17.28,17.3,17.21,17.28,1774289520000,17.3,17.29,10041,6122.0,1774289260000,17.21,17.23,13548,0.0,17.26,17.3,17.21,17.28,1774289520000,17.3,17.29,10041,6122.0,1774289260000,17.21,17.23,13548,0.0,2673
1774289565000,1774289565000,17.26,17.3,17.21,17.27,1774289520000,17.3,17.29,10041,6122.0,1774289260000,17.21,17.23,13548,0.0,17.26,17.3,17.21,17.27,1774289520000,17.3,17.29,10041,6122.0,1774289260000,17.21,17.23,13548,0.0,2674
1774289570000,1774289570000,17.26,17.3,17.21,17.27,1774289520000,17.3,17.29,10041,6122.0,1774289260000,17.21,17.23,13548,0.0,17.26,17.3,17.21,17.27,1774289520000,17.3,17.29,10041,6122.0,1774289260000,17.21,17.23,13548,0.0,2675
1774289575000,1774289575000,17.26,17.3,17.21,17.27,1774289520000,17.3,17.29,10041,6122.0,1774289260000,17.21,17.23,13548,0.0,17.26,17.3,17.21,17.27,1774289520000,17.3,17.29,10041,6122.0,1774289260000,17.21,17.23,13548,0.0,2676
1774289580000,1774289580000,17.26,17.3,17.21,17.26,1774289520000,17.3,17.29,10041,6122.0,1774289260000,17.21,17.23,13548,0.0,17.26,17.3,17.21,17.26,1774289520000,17.3,17.29,10041,6122.0,1774289260000,17.21,17.23,13548,0.0,2677
1774289585000,1774289585000,17.26,17.3,17.21,17.25,1774289520000,17.3,17.29,10041,6122.0,1774289260000,17.21,17.23,13548,0.0,17.25,17.3,17.21,17.25,1774289520000,17.3,17.29,10041,6122.0,1774289260000,17.21,17.23,13548,0.0,2678
1774289590000,1774289590000,17.26,17.3,17.21,17.25,1774289520000,17.3,17.29,10041,6122.0,1774289260000,17.21,17.23,13548,0.0,17.25,17.3,17.21,17.25,1774289520000,17.3,17.29,10041,6122.0,1774289260000,17.21,17.23,13548,0.0,2679
1774289595000,1774289595000,17.26,17.3,17.21,17.25,1774289520000,17.3,17.29,10041,6122.0,1774289260000,17.21,17.23,13548,0.0,17.27,17.3,17.21,17.25,1774289520000,17.3,17.29,10041,6122.0,1774289260000,17.21,17.23,13548,0.0,2680
1774289600000,1774289600000,17.26,17.3,17.21,17.26,1774289520000,17.3,17.29,10041,6122.0,1774289260000,17.21,17.23,13548,0.0,17.27,17.3,17.21,17.26,1774289520000,17.3,17.29,10041,6122.0,1774289260000,17.21,17.23,13548,0.0,2681
1774289605000,1774289605000,17.26,17.3,17.21,17.27,1774289520000,17.3,17.29,10041,6122.0,1774289260000,17.21,17.23,13548,0.0,17.27,17.3,17.21,17.27,1774289520000,17.3,17.29,10041,6122.0,1774289260000,17.21,17.23,13548,0.0,2682
1774289610000,1774289610000,17.26,17.3,17.21,17.27,1774289520000,17.3,17.29,10041,6122.0,1774289260000,17.21,17.23,13548,0.0,17.27,17.3,17.21,17.27,1774289520000,17.3,17.29,10041,6122.0,1774289260000,17.21,17.23,13548,0.0,2683
1774289615000,1774289615000,17.26,17.3,17.21,17.26,1774289520000,17.3,17.29,10041,6122.0,1774289260000,17.21,17.23,13548,0.0,17.27,17.3,17.21,17.26,1774289520000,17.3,17.29,10041,6122.0,1774289260000,17.21,17.23,13548,0.0,2684
1774289620000,1774289620000,17.26,17.3,17.21,17.26,1774289520000,17.3,17.29,10041,6122.0,1774289260000,17.21,17.23,13548,0.0,17.26,17.3,17.21,17.26,1774289520000,17.3,17.29,10041,6122.0,1774289260000,17.21,17.23,13548,0.0,2685
1774289625000,1774289625000,17.26,17.3,17.21,17.26,1774289520000,17.3,17.29,10041,6122.0,1774289260000,17.21,17.23,13548,0.0,17.26,17.3,17.21,17.26,1774289520000,17.3,17.29,10041,6122.0,1774289260000,17.21,17.23,13548,0.0,2686
1774289630000,1774289630000,17.26,17.3,17.21,17.25,1774289520000,17.3,17.29,10041,6122.0,1774289260000,17.21,17.23,13548,0.0,17.26,17.3,17.21,17.25,1774289520000,17.3,17.29,10041,6122.0,1774289260000,17.21,17.23,13548,0.0,2687
1774289635000,1774289635000,17.26,17.3,17.21,17.25,1774289520000,17.3,17.29,10041,6122.0,1774289260000,17.21,17.23,13548,0.0,17.26,17.3,17.21,17.25,1774289520000,17.3,17.29,10041,6122.0,1774289260000,17.21,17.23,13548,0.0,2688
1774289640000,1774289640000,17.26,17.3,17.21,17.25,1774289520000,17.3,17.29,10041,6122.0,1774289260000,17.21,17.23,13548,0.0,17.26,17.3,17.21,17.25,1774289520000,17.3,17.29,10041,6122.0,1774289260000,17.21,17.23,13548,0.0,2689
1774289645000,1774289645000,17.26,17.3,17.21,17.24,1774289520000,17.3,17.29,10041,6122.0,1774289260000,17.21,17.23,13548,0.0,17.26,17.3,17.21,17.24,1774289520000,17.3,17.29,10041,6122.0,1774289260000,17.21,17.23,13548,0.0,2690
1774289650000,1774289650000,17.26,17.3,17.21,17.24,1774289520000,17.3,17.29,10041,6122.0,1774289260000,17.21,17.23,13548,0.0,17.25,17.3,17.21,17.24,1774289520000,17.3,17.29,10041,6122.0,1774289260000,17.21,17.23,13548,0.0,2691
1774289655000,1774289655000,17.26,17.3,17.21,17.25,1774289520000,17.3,17.29,10041,6122.0,1774289260000,17.21,17.23,13548,0.0,17.25,17.3,17.21,17.25,1774289520000,17.3,17.29,10041,6122.0,1774289260000,17.21,17.23,13548,0.0,2692
1774289660000,1774289660000,17.26,17.3,17.21,17.25,1774289520000,17.3,17.29,10041,6122.0,1774289260000,17.21,17.23,13548,0.0,17.26,17.3,17.21,17.25,1774289520000,17.3,17.29,10041,6122.0,1774289260000,17.21,17.23,13548,0.0,2693
1774289665000,1774289665000,17.26,17.3,17.21,17.25,1774289520000,17.3,17.29,10041,6122.0,1774289260000,17.21,17.23,13548,0.0,17.26,17.3,17.21,17.25,1774289520000,17.3,17.29,10041,6122.0,1774289260000,17.21,17.23,13548,0.0,2694
1774289670000,1774289670000,17.26,17.3,17.21,17.25,1774289520000,17.3,17.29,10041,6122.0,1774289260000,17.21,17.23,13548,0.0,17.26,17.3,17.21,17.25,1774289520000,17.3,17.29,10041,6122.0,1774289260000,17.21,17.23,13548,0.0,2695
1774289675000,1774289675000,17.26,17.3,17.21,17.24,1774289520000,17.3,17.29,10041,6122.0,1774289260000,17.21,17.23,13548,0.0,17.26,17.3,17.21,17.24,1774289520000,17.3,17.29,10041,6122.0,1774289260000,17.21,17.23,13548,0.0,2696
1774289680000,1774289680000,17.23,17.3,17.21,17.23,1774289520000,17.3,17.29,10041,6122.0,1774289260000,17.21,17.23,13548,0.0,17.26,17.3,17.21,17.23,1774289520000,17.3,17.29,10041,6122.0,1774289260000,17.21,17.23,13548,0.0,2697
1774289685000,1774289685000,17.23,17.3,17.21,17.24,1774289520000,17.3,17.29,10041,6122.0,1774289260000,17.21,17.23,13548,0.0,17.26,17.3,17.21,17.24,1774289520000,17.3,17.29,10041,6122.0,1774289260000,17.21,17.23,13548,0.0,2698
1774289690000,1774289690000,17.23,17.3,17.21,17.23,1774289520000,17.3,17.29,10041,6122.0,1774289260000,17.21,17.23,13548,0.0,17.26,17.3,17.21,17.23,1774289520000,17.3,17.29,10041,6122.0,1774289260000,17.21,17.23,13548,0.0,2699
1774289695000,1774289695000,17.23,17.3,17.21,17.23,1774289520000,17.3,17.29,10041,6122.0,1774289260000,17.21,17.23,13548,0.0,17.26,17.3,17.21,17.23,1774289520000,17.3,17.29,10041,6122.0,1774289260000,17.21,17.23,13548,0.0,2700
1774289700000,1774289700000,17.23,17.3,17.21,17.24,1774289520000,17.3,17.29,10041,6122.0,1774289260000,17.21,17.23,13548,0.0,17.26,17.3,17.21,17.24,1774289520000,17.3,17.29,10041,6122.0,1774289260000,17.21,17.23,13548,0.0,2701
1774289705000,1774289705000,17.23,17.3,17.21,17.23,1774289520000,17.3,17.29,10041,6122.0,1774289260000,17.21,17.23,13548,0.0,17.26,17.3,17.21,17.23,1774289520000,17.3,17.29,10041,6122.0,1774289260000,17.21,17.23,13548,0.0,2702
1774289710000,1774289710000,17.23,17.3,17.21,17.23,1774289520000,17.3,17.29,10041,6122.0,1774289260000,17.21,17.23,13548,0.0,17.25,17.3,17.21,17.23,1774289520000,17.3,17.29,10041,6122.0,1774289260000,17.21,17.23,13548,0.0,2703
1774289715000,1774289715000,17.23,17.3,17.21,17.23,1774289520000,17.3,17.29,10041,6122.0,1774289260000,17.21,17.23,13548,0.0,17.25,17.3,17.21,17.23,1774289520000,17.3,17.29,10041,6122.0,1774289260000,17.21,17.23,13548,0.0,2704
1774289720000,1774289720000,17.23,17.3,17.21,17.25,1774289520000,17.3,17.29,10041,6122.0,1774289260000,17.21,17.23,13548,0.0,17.26,17.3,17.21,17.25,1774289520000,17.3,17.29,10041,6122.0,1774289260000,17.21,17.23,13548,0.0,2705
1774289725000,1774289725000,17.23,17.3,17.21,17.25,1774289520000,17.3,17.29,10041,6122.0,1774289260000,17.21,17.23,13548,0.0,17.26,17.3,17.21,17.25,1774289520000,17.3,17.29,10041,6122.0,1774289260000,17.21,17.23,13548,0.0,2706
1774289730000,1774289730000,17.23,17.3,17.21,17.25,1774289520000,17.3,17.29,10041,6122.0,1774289260000,17.21,17.23,13548,0.0,17.26,17.3,17.21,17.25,1774289520000,17.3,17.29,10041,6122.0,1774289260000,17.21,17.23,13548,0.0,2707
1774289735000,1774289735000,17.23,17.3,17.21,17.25,1774289520000,17.3,17.29,10041,6122.0,1774289260000,17.21,17.23,13548,0.0,17.27,17.3,17.21,17.25,1774289520000,17.3,17.29,10041,6122.0,1774289260000,17.21,17.23,13548,0.0,2708
1774289740000,1774289740000,17.23,17.3,17.21,17.25,1774289520000,17.3,17.29,10041,6122.0,1774289260000,17.21,17.23,13548,0.0,17.26,17.3,17.21,17.25,1774289520000,17.3,17.29,10041,6122.0,1774289260000,17.21,17.23,13548,0.0,2709
1774289745000,1774289745000,17.23,17.3,17.21,17.26,1774289520000,17.3,17.29,10041,6122.0,1774289260000,17.21,17.23,13548,0.0,17.26,17.3,17.21,17.26,1774289520000,17.3,17.29,10041,6122.0,1774289260000,17.21,17.23,13548,0.0,2710
1774289750000,1774289750000,17.23,17.3,17.21,17.25,1774289520000,17.3,17.29,10041,6122.0,1774289260000,17.21,17.23,13548,0.0,17.25,17.3,17.21,17.25,1774289520000,17.3,17.29,10041,6122.0,1774289260000,17.21,17.23,13548,0.0,2711
1774289755000,1774289755000,17.23,17.3,17.21,17.26,1774289520000,17.3,17.29,10041,6122.0,1774289260000,17.21,17.23,13548,0.0,17.25,17.3,17.21,17.26,1774289520000,17.3,17.29,10041,6122.0,1774289260000,17.21,17.23,13548,0.0,2712
1774289760000,1774289760000,17.21,17.3,17.21,17.25,1774289520000,17.3,17.29,10041,6122.0,1774289260000,17.21,17.23,13548,0.0,17.23,17.3,17.21,17.25,1774289520000,17.3,17.29,10041,6122.0,1774289260000,17.21,17.23,13548,0.0,2713
1774289765000,1774289765000,17.21,17.3,17.21,17.25,1774289520000,17.3,17.29,10041,6122.0,1774289260000,17.21,17.23,13548,0.0,17.24,17.3,17.21,17.25,1774289520000,17.3,17.29,10041,6122.0,1774289260000,17.21,17.23,13548,0.0,2714
1774289770000,1774289770000,17.23,17.3,17.22,17.25,1774289520000,17.3,17.29,10041,6122.0,1774289720000,17.23,17.25,24745,18519.0,17.25,17.3,17.21,17.25,1774289520000,17.3,17.29,10041,6122.0,1774289260000,17.21,17.23,13548,0.0,2715
1774289775000,1774289775000,17.23,17.3,17.22,17.26,1774289520000,17.3,17.29,10041,6122.0,1774289720000,17.23,17.25,24745,18519.0,17.25,17.3,17.21,17.26,1774289520000,17.3,17.29,10041,6122.0,1774289260000,17.21,17.23,13548,0.0,2716
1774289780000,1774289780000,17.23,17.3,17.22,17.26,1774289520000,17.3,17.29,10041,6122.0,1774289720000,17.23,17.25,24745,18519.0,17.25,17.3,17.21,17.26,1774289520000,17.3,17.29,10041,6122.0,1774289260000,17.21,17.23,13548,0.0,2717
1774289785000,1774289785000,17.24,17.3,17.22,17.26,1774289520000,17.3,17.29,10041,6122.0,1774289720000,17.23,17.25,24745,18519.0,17.23,17.3,17.21,17.26,1774289520000,17.3,17.29,10041,6122.0,1774289260000,17.21,17.23,13548,0.0,2718
1774289790000,1774289790000,17.24,17.3,17.22,17.26,1774289520000,17.3,17.29,10041,6122.0,1774289720000,17.23,17.25,24745,18519.0,17.23,17.3,17.21,17.26,1774289520000,17.3,17.29,10041,6122.0,1774289260000,17.21,17.23,13548,0.0,2719
1774289795000,1774289795000,17.24,17.3,17.22,17.25,1774289520000,17.3,17.29,10041,6122.0,1774289720000,17.23,17.25,24745,18519.0,17.23,17.3,17.21,17.25,1774289520000,17.3,17.29,10041,6122.0,1774289260000,17.21,17.23,13548,0.0,2720
1774289800000,1774289800000,17.24,17.3,17.22,17.25,1774289520000,17.3,17.29,10041,6122.0,1774289720000,17.23,17.25,24745,18519.0,17.23,17.3,17.21,17.25,1774289520000,17.3,17.29,10041,6122.0,1774289260000,17.21,17.23,13548,0.0,2721
1774289805000,1774289805000,17.24,17.3,17.22,17.24,1774289520000,17.3,17.29,10041,6122.0,1774289720000,17.23,17.25,24745,18519.0,17.23,17.3,17.21,17.24,1774289520000,17.3,17.29,10041,6122.0,1774289260000,17.21,17.23,13548,0.0,2722
1774289810000,1774289810000,17.24,17.3,17.22,17.25,1774289520000,17.3,17.29,10041,6122.0,1774289720000,17.23,17.25,24745,18519.0,17.23,17.3,17.21,17.25,1774289520000,17.3,17.29,10041,6122.0,1774289260000,17.21,17.23,13548,0.0,2723
1774289815000,1774289815000,17.23,17.3,17.22,17.23,1774289520000,17.3,17.29,10041,6122.0,1774289720000,17.23,17.25,24745,18519.0,17.24,17.3,17.21,17.23,1774289520000,17.3,17.29,10041,6122.0,1774289260000,17.21,17.23,13548,0.0,2724
1774289820000,1774289820000,17.23,17.3,17.22,17.24,1774289520000,17.3,17.29,10041,6122.0,1774289720000,17.23,17.25,24745,18519.0,17.24,17.3,17.21,17.24,1774289520000,17.3,17.29,10041,6122.0,1774289260000,17.21,17.23,13548,0.0,2725
1774289825000,1774289825000,17.23,17.3,17.22,17.24,1774289520000,17.3,17.29,10041,6122.0,1774289720000,17.23,17.25,24745,18519.0,17.24,17.3,17.21,17.24,1774289520000,17.3,17.29,10041,6122.0,1774289260000,17.21,17.23,13548,0.0,2726
1774289830000,1774289830000,17.23,17.3,17.22,17.25,1774289520000,17.3,17.29,10041,6122.0,1774289720000,17.23,17.25,24745,18519.0,17.24,17.3,17.21,17.25,1774289520000,17.3,17.29,10041,6122.0,1774289260000,17.21,17.23,13548,0.0,2727
1774289835000,1774289835000,17.23,17.3,17.22,17.25,1774289520000,17.3,17.29,10041,6122.0,1774289720000,17.23,17.25,24745,18519.0,17.24,17.3,17.21,17.25,1774289520000,17.3,17.29,10041,6122.0,1774289260000,17.21,17.23,13548,0.0,2728
1774289840000,1774289840000,17.23,17.3,17.22,17.26,1774289520000,17.3,17.29,10041,6122.0,1774289720000,17.23,17.25,24745,18519.0,17.24,17.3,17.21,17.26,1774289520000,17.3,17.29,10041,6122.0,1774289260000,17.21,17.23,13548,0.0,2729
1774289845000,1774289845000,17.23,17.3,17.22,17.25,1774289520000,17.3,17.29,10041,6122.0,1774289720000,17.23,17.25,24745,18519.0,17.24,17.3,17.21,17.25,1774289520000,17.3,17.29,10041,6122.0,1774289260000,17.21,17.23,13548,0.0,2730
1774289850000,1774289850000,17.23,17.3,17.22,17.25,1774289520000,17.3,17.29,10041,6122.0,1774289720000,17.23,17.25,24745,18519.0,17.24,17.3,17.21,17.25,1774289520000,17.3,17.29,10041,6122.0,1774289260000,17.21,17.23,13548,0.0,2731
1774289855000,1774289855000,17.23,17.3,17.22,17.25,1774289520000,17.3,17.29,10041,6122.0,1774289720000,17.23,17.25,24745,18519.0,17.24,17.3,17.21,17.25,1774289520000,17.3,17.29,10041,6122.0,1774289260000,17.21,17.23,13548,0.0,2732
1774289860000,1774289860000,17.23,17.3,17.22,17.25,1774289520000,17.3,17.29,10041,6122.0,1774289720000,17.23,17.25,24745,18519.0,17.24,17.3,17.21,17.25,1774289520000,17.3,17.29,10041,6122.0,1774289260000,17.21,17.23,13548,0.0,2733
1774289865000,1774289865000,17.23,17.3,17.22,17.25,1774289520000,17.3,17.29,10041,6122.0,1774289720000,17.23,17.25,24745,18519.0,17.24,17.3,17.21,17.25,1774289520000,17.3,17.29,10041,6122.0,1774289260000,17.21,17.23,13548,0.0,2734
1774289870000,1774289870000,17.26,17.3,17.22,17.26,1774289520000,17.3,17.29,10041,6122.0,1774289720000,17.23,17.25,24745,18519.0,17.23,17.3,17.21,17.26,1774289520000,17.3,17.29,10041,6122.0,1774289260000,17.21,17.23,13548,0.0,2735
1774289875000,1774289875000,17.26,17.3,17.22,17.26,1774289520000,17.3,17.29,10041,6122.0,1774289720000,17.23,17.25,24745,18519.0,17.25,17.3,17.21,17.26,1774289520000,17.3,17.29,10041,6122.0,1774289260000,17.21,17.23,13548,0.0,2736
1774289880000,1774289880000,17.27,17.3,17.22,17.25,1774289520000,17.3,17.29,10041,6122.0,1774289720000,17.23,17.25,24745,18519.0,17.25,17.3,17.21,17.25,1774289520000,17.3,17.29,10041,6122.0,1774289260000,17.21,17.23,13548,0.0,2737
1774289885000,1774289885000,17.27,17.3,17.22,17.26,1774289520000,17.3,17.29,10041,6122.0,1774289720000,17.23,17.25,24745,18519.0,17.25,17.3,17.21,17.26,1774289520000,17.3,17.29,10041,6122.0,1774289260000,17.21,17.23,13548,0.0,2738
1774289890000,1774289890000,17.26,17.3,17.22,17.27,1774289520000,17.3,17.29,10041,6122.0,1774289720000,17.23,17.25,24745,18519.0,17.25,17.3,17.21,17.27,1774289520000,17.3,17.29,10041,6122.0,1774289260000,17.21,17.23,13548,0.0,2739
1774289895000,1774289895000,17.25,17.3,17.22,17.27,1774289520000,17.3,17.29,10041,6122.0,1774289720000,17.23,17.25,24745,18519.0,17.25,17.3,17.21,17.27,1774289520000,17.3,17.29,10041,6122.0,1774289260000,17.21,17.23,13548,0.0,2740
1774289900000,1774289900000,17.25,17.3,17.22,17.27,1774289520000,17.3,17.29,10041,6122.0,1774289720000,17.23,17.25,24745,18519.0,17.25,17.3,17.21,17.27,1774289520000,17.3,17.29,10041,6122.0,1774289260000,17.21,17.23,13548,0.0,2741
1774289905000,1774289905000,17.25,17.3,17.22,17.27,1774289520000,17.3,17.29,10041,6122.0,1774289720000,17.23,17.25,24745,18519.0,17.25,17.3,17.21,17.27,1774289520000,17.3,17.29,10041,6122.0,1774289260000,17.21,17.23,13548,0.0,2742
1774289910000,1774289910000,17.26,17.3,17.22,17.26,1774289520000,17.3,17.29,10041,6122.0,1774289720000,17.23,17.25,24745,18519.0,17.25,17.3,17.21,17.26,1774289520000,17.3,17.29,10041,6122.0,1774289260000,17.21,17.23,13548,0.0,2743
1774289915000,1774289915000,17.25,17.3,17.22,17.26,1774289520000,17.3,17.29,10041,6122.0,1774289720000,17.23,17.25,24745,18519.0,17.25,17.3,17.21,17.26,1774289520000,17.3,17.29,10041,6122.0,1774289260000,17.21,17.23,13548,0.0,2744
1774289920000,1774289920000,17.25,17.3,17.22,17.27,1774289520000,17.3,17.29,10041,6122.0,1774289720000,17.23,17.25,24745,18519.0,17.25,17.3,17.21,17.27,1774289520000,17.3,17.29,10041,6122.0,1774289260000,17.21,17.23,13548,0.0,2745
1774289925000,1774289925000,17.24,17.3,17.22,17.26,1774289520000,17.3,17.29,10041,6122.0,1774289720000,17.23,17.25,24745,18519.0,17.25,17.3,17.21,17.26,1774289520000,17.3,17.29,10041,6122.0,1774289260000,17.21,17.23,13548,0.0,2746
1774289930000,1774289930000,17.23,17.3,17.22,17.28,1774289520000,17.3,17.29,10041,6122.0,1774289720000,17.23,17.25,24745,18519.0,17.25,17.3,17.21,17.28,1774289520000,17.3,17.29,10041,6122.0,1774289260000,17.21,17.23,13548,0.0,2747
1774289935000,1774289935000,17.23,17.3,17.22,17.28,1774289520000,17.3,17.29,10041,6122.0,1774289720000,17.23,17.25,24745,18519.0,17.25,17.3,17.21,17.28,1774289520000,17.3,17.29,10041,6122.0,1774289260000,17.21,17.23,13548,0.0,2748
1774289940000,1774289940000,17.24,17.3,17.22,17.27,1774289520000,17.3,17.29,10041,6122.0,1774289720000,17.23,17.25,24745,18519.0,17.25,17.3,17.21,17.27,1774289520000,17.3,17.29,10041,6122.0,1774289260000,17.21,17.23,13548,0.0,2749
1774289945000,1774289945000,17.25,17.3,17.22,17.27,1774289520000,17.3,17.29,10041,6122.0,1774289720000,17.23,17.25,24745,18519.0,17.23,17.3,17.21,17.27,1774289520000,17.3,17.29,10041,6122.0,1774289260000,17.21,17.23,13548,0.0,2750
1774289950000,1774289950000,17.25,17.3,17.22,17.27,1774289520000,17.3,17.29,10041,6122.0,1774289720000,17.23,17.25,24745,18519.0,17.23,17.3,17.21,17.27,1774289520000,17.3,17.29,10041,6122.0,1774289260000,17.21,17.23,13548,0.0,2751
1774289955000,1774289955000,17.26,17.3,17.22,17.27,1774289520000,17.3,17.29,10041,6122.0,1774289720000,17.23,17.25,24745,18519.0,17.23,17.3,17.21,17.27,1774289520000,17.3,17.29,10041,6122.0,1774289260000,17.21,17.23,13548,0.0,2752
1774289960000,1774289960000,17.26,17.3,17.22,17.27,1774289520000,17.3,17.29,10041,6122.0,1774289720000,17.23,17.25,24745,18519.0,17.23,17.3,17.21,17.27,1774289520000,17.3,17.29,10041,6122.0,1774289260000,17.21,17.23,13548,0.0,2753
1774289965000,1774289965000,17.26,17.3,17.22,17.26,1774289520000,17.3,17.29,10041,6122.0,1774289720000,17.23,17.25,24745,18519.0,17.25,17.3,17.21,17.26,1774289520000,17.3,17.29,10041,6122.0,1774289260000,17.21,17.23,13548,0.0,2754
1774289970000,1774289970000,17.26,17.3,17.22,17.26,1774289520000,17.3,17.29,10041,6122.0,1774289720000,17.23,17.25,24745,18519.0,17.25,17.3,17.21,17.26,1774289520000,17.3,17.29,10041,6122.0,1774289260000,17.21,17.23,13548,0.0,2755
1774289975000,1774289975000,17.26,17.3,17.22,17.26,1774289520000,17.3,17.29,10041,6122.0,1774289720000,17.23,17.25,24745,18519.0,17.25,17.3,17.21,17.26,1774289520000,17.3,17.29,10041,6122.0,1774289260000,17.21,17.23,13548,0.0,2756
1774289980000,1774289980000,17.26,17.3,17.22,17.26,1774289520000,17.3,17.29,10041,6122.0,1774289720000,17.23,17.25,24745,18519.0,17.25,17.3,17.21,17.26,1774289520000,17.3,17.29,10041,6122.0,1774289260000,17.21,17.23,13548,0.0,2757
1774289985000,1774289985000,17.26,17.3,17.22,17.26,1774289520000,17.3,17.29,10041,6122.0,1774289720000,17.23,17.25,24745,18519.0,17.25,17.3,17.21,17.26,1774289520000,17.3,17.29,10041,6122.0,1774289260000,17.21,17.23,13548,0.0,2758
1774289990000,1774289990000,17.26,17.3,17.22,17.26,1774289520000,17.3,17.29,10041,6122.0,1774289720000,17.23,17.25,24745,18519.0,17.25,17.3,17.21,17.26,1774289520000,17.3,17.29,10041,6122.0,1774289260000,17.21,17.23,13548,0.0,2759
1774289995000,1774289995000,17.26,17.3,17.22,17.25,1774289520000,17.3,17.29,10041,6122.0,1774289720000,17.23,17.25,24745,18519.0,17.25,17.3,17.21,17.25,1774289520000,17.3,17.29,10041,6122.0,1774289260000,17.21,17.23,13548,0.0,2760
1774290000000,1774290000000,17.27,17.3,17.22,17.26,1774289520000,17.3,17.29,10041,6122.0,1774289720000,17.23,17.25,24745,18519.0,17.25,17.3,17.21,17.26,1774289520000,17.3,17.29,10041,6122.0,1774289260000,17.21,17.23,13548,0.0,2761
1774290005000,1774290005000,17.27,17.3,17.22,17.26,1774289520000,17.3,17.29,10041,6122.0,1774289720000,17.23,17.25,24745,18519.0,17.25,17.3,17.21,17.26,1774289520000,17.3,17.29,10041,6122.0,1774289260000,17.21,17.23,13548,0.0,2762
1774290010000,1774290010000,17.27,17.3,17.22,17.26,1774289520000,17.3,17.29,10041,6122.0,1774289720000,17.23,17.25,24745,18519.0,17.25,17.3,17.21,17.26,1774289520000,17.3,17.29,10041,6122.0,1774289260000,17.21,17.23,13548,0.0,2763
1774290015000,1774290015000,17.27,17.3,17.22,17.26,1774289520000,17.3,17.29,10041,6122.0,1774289720000,17.23,17.25,24745,18519.0,17.25,17.3,17.21,17.26,1774289520000,17.3,17.29,10041,6122.0,1774289260000,17.21,17.23,13548,0.0,2764
1774290020000,1774290020000,17.27,17.3,17.22,17.26,1774289520000,17.3,17.29,10041,6122.0,1774289720000,17.23,17.25,24745,18519.0,17.26,17.3,17.21,17.26,1774289520000,17.3,17.29,10041,6122.0,1774289260000,17.21,17.23,13548,0.0,2765
1774290025000,1774290025000,17.27,17.3,17.22,17.26,1774289520000,17.3,17.29,10041,6122.0,1774289720000,17.23,17.25,24745,18519.0,17.26,17.3,17.21,17.26,1774289520000,17.3,17.29,10041,6122.0,1774289260000,17.21,17.23,13548,0.0,2766
1774290030000,1774290030000,17.27,17.3,17.22,17.25,1774289520000,17.3,17.29,10041,6122.0,1774289720000,17.23,17.25,24745,18519.0,17.26,17.3,17.21,17.25,1774289520000,17.3,17.29,10041,6122.0,1774289260000,17.21,17.23,13548,0.0,2767
1774290035000,1774290035000,17.27,17.3,17.22,17.26,1774289520000,17.3,17.29,10041,6122.0,1774289720000,17.23,17.25,24745,18519.0,17.26,17.3,17.21,17.26,1774289520000,17.3,17.29,10041,6122.0,1774289260000,17.21,17.23,13548,0.0,2768
1774290040000,1774290040000,17.27,17.3,17.22,17.25,1774289520000,17.3,17.29,10041,6122.0,1774289720000,17.23,17.25,24745,18519.0,17.26,17.3,17.21,17.25,1774289520000,17.3,17.29,10041,6122.0,1774289260000,17.21,17.23,13548,0.0,2769
1774290045000,1774290045000,17.27,17.3,17.22,17.26,1774289520000,17.3,17.29,10041,6122.0,1774289720000,17.23,17.25,24745,18519.0,17.26,17.3,17.21,17.26,1774289520000,17.3,17.29,10041,6122.0,1774289260000,17.21,17.23,13548,0.0,2770
1774290050000,1774290050000,17.27,17.3,17.22,17.25,1774289520000,17.3,17.29,10041,6122.0,1774289720000,17.23,17.25,24745,18519.0,17.26,17.3,17.21,17.25,1774289520000,17.3,17.29,10041,6122.0,1774289260000,17.21,17.23,13548,0.0,2771
1774290055000,1774290055000,17.27,17.3,17.22,17.25,1774289520000,17.3,17.29,10041,6122.0,1774289720000,17.23,17.25,24745,18519.0,17.26,17.3,17.21,17.25,1774289520000,17.3,17.29,10041,6122.0,1774289260000,17.21,17.23,13548,0.0,2772
1774290060000,1774290060000,17.27,17.3,17.22,17.26,1774289520000,17.3,17.29,10041,6122.0,1774289720000,17.23,17.25,24745,18519.0,17.27,17.3,17.21,17.26,1774289520000,17.3,17.29,10041,6122.0,1774289260000,17.21,17.23,13548,0.0,2773
1774290065000,1774290065000,17.27,17.3,17.22,17.25,1774289520000,17.3,17.29,10041,6122.0,1774289720000,17.23,17.25,24745,18519.0,17.27,17.3,17.21,17.25,1774289520000,17.3,17.29,10041,6122.0,1774289260000,17.21,17.23,13548,0.0,2774
1774290070000,1774290070000,17.27,17.3,17.22,17.26,1774289520000,17.3,17.29,10041,6122.0,1774289720000,17.23,17.25,24745,18519.0,17.27,17.3,17.21,17.26,1774289520000,17.3,17.29,10041,6122.0,1774289260000,17.21,17.23,13548,0.0,2775
1774290075000,1774290075000,17.27,17.3,17.22,17.25,1774289520000,17.3,17.29,10041,6122.0,1774289720000,17.23,17.25,24745,18519.0,17.27,17.3,17.21,17.25,1774289520000,17.3,17.29,10041,6122.0,1774289260000,17.21,17.23,13548,0.0,2776
1774290080000,1774290080000,17.27,17.3,17.22,17.26,1774289520000,17.3,17.29,10041,6122.0,1774289720000,17.23,17.25,24745,18519.0,17.27,17.3,17.21,17.26,1774289520000,17.3,17.29,10041,6122.0,1774289260000,17.21,17.23,13548,0.0,2777
1774290085000,1774290085000,17.27,17.3,17.22,17.25,1774289520000,17.3,17.29,10041,6122.0,1774289720000,17.23,17.25,24745,18519.0,17.27,17.3,17.21,17.25,1774289520000,17.3,17.29,10041,6122.0,1774289260000,17.21,17.23,13548,0.0,2778
1774290090000,1774290090000,17.27,17.3,17.22,17.25,1774289520000,17.3,17.29,10041,6122.0,1774289720000,17.23,17.25,24745,18519.0,17.27,17.3,17.21,17.25,1774289520000,17.3,17.29,10041,6122.0,1774289260000,17.21,17.23,13548,0.0,2779
1774290095000,1774290095000,17.27,17.3,17.22,17.25,1774289520000,17.3,17.29,10041,6122.0,1774289720000,17.23,17.25,24745,18519.0,17.27,17.3,17.21,17.25,1774289520000,17.3,17.29,10041,6122.0,1774289260000,17.21,17.23,13548,0.0,2780
1774290100000,1774290100000,17.27,17.3,17.22,17.25,1774289520000,17.3,17.29,10041,6122.0,1774289720000,17.23,17.25,24745,18519.0,17.27,17.3,17.21,17.25,1774289520000,17.3,17.29,10041,6122.0,1774289260000,17.21,17.23,13548,0.0,2781
1774290105000,1774290105000,17.28,17.3,17.22,17.26,1774289520000,17.3,17.29,10041,6122.0,1774289720000,17.23,17.25,24745,18519.0,17.27,17.3,17.21,17.26,1774289520000,17.3,17.29,10041,6122.0,1774289260000,17.21,17.23,13548,0.0,2782
1774290110000,1774290110000,17.28,17.3,17.22,17.26,1774289520000,17.3,17.29,10041,6122.0,1774289720000,17.23,17.25,24745,18519.0,17.27,17.3,17.21,17.26,1774289520000,17.3,17.29,10041,6122.0,1774289260000,17.21,17.23,13548,0.0,2783
1774290115000,1774290115000,17.28,17.3,17.22,17.27,1774289520000,17.3,17.29,10041,6122.0,1774289720000,17.23,17.25,24745,18519.0,17.27,17.3,17.21,17.27,1774289520000,17.3,17.29,10041,6122.0,1774289260000,17.21,17.23,13548,0.0,2784
1774290120000,1774290120000,17.27,17.3,17.22,17.26,1774289520000,17.3,17.29,10041,6122.0,1774289720000,17.23,17.25,24745,18519.0,17.27,17.3,17.21,17.26,1774289520000,17.3,17.29,10041,6122.0,1774289260000,17.21,17.23,13548,0.0,2785
1774290125000,1774290125000,17.28,17.3,17.22,17.25,1774289520000,17.3,17.29,10041,6122.0,1774289720000,17.23,17.25,24745,18519.0,17.27,17.3,17.21,17.25,1774289520000,17.3,17.29,10041,6122.0,1774289260000,17.21,17.23,13548,0.0,2786
1774290130000,1774290130000,17.28,17.3,17.22,17.26,1774289520000,17.3,17.29,10041,6122.0,1774289720000,17.23,17.25,24745,18519.0,17.27,17.3,17.21,17.26,1774289520000,17.3,17.29,10041,6122.0,1774289260000,17.21,17.23,13548,0.0,2787
1774290135000,1774290135000,17.28,17.3,17.22,17.25,1774289520000,17.3,17.29,10041,6122.0,1774289720000,17.23,17.25,24745,18519.0,17.27,17.3,17.21,17.25,1774289520000,17.3,17.29,10041,6122.0,1774289260000,17.21,17.23,13548,0.0,2788
1774290140000,1774290140000,17.28,17.3,17.22,17.25,1774289520000,17.3,17.29,10041,6122.0,1774289720000,17.23,17.25,24745,18519.0,17.27,17.3,17.21,17.25,1774289520000,17.3,17.29,10041,6122.0,1774289260000,17.21,17.23,13548,0.0,2789
1774290145000,1774290145000,17.28,17.3,17.22,17.25,1774289520000,17.3,17.29,10041,6122.0,1774289720000,17.23,17.25,24745,18519.0,17.25,17.3,17.21,17.25,1774289520000,17.3,17.29,10041,6122.0,1774289260000,17.21,17.23,13548,0.0,2790
1774290150000,1774290150000,17.28,17.3,17.22,17.25,1774289520000,17.3,17.29,10041,6122.0,1774289720000,17.23,17.25,24745,18519.0,17.25,17.3,17.21,17.25,1774289520000,17.3,17.29,10041,6122.0,1774289260000,17.21,17.23,13548,0.0,2791
1774290155000,1774290155000,17.28,17.3,17.22,17.25,1774289520000,17.3,17.29,10041,6122.0,1774289720000,17.23,17.25,24745,18519.0,17.26,17.3,17.21,17.25,1774289520000,17.3,17.29,10041,6122.0,1774289260000,17.21,17.23,13548,0.0,2792
1774290160000,1774290160000,17.28,17.3,17.22,17.25,1774289520000,17.3,17.29,10041,6122.0,1774289720000,17.23,17.25,24745,18519.0,17.26,17.3,17.21,17.25,1774289520000,17.3,17.29,10041,6122.0,1774289260000,17.21,17.23,13548,0.0,2793
1774290165000,1774290165000,17.28,17.3,17.22,17.25,1774289520000,17.3,17.29,10041,6122.0,1774289720000,17.23,17.25,24745,18519.0,17.26,17.3,17.21,17.25,1774289520000,17.3,17.29,10041,6122.0,1774289260000,17.21,17.23,13548,0.0,2794
1774290170000,1774290170000,17.3,17.3,17.22,17.24,1774289520000,17.3,17.29,10041,6122.0,1774289720000,17.23,17.25,24745,18519.0,17.27,17.3,17.21,17.24,1774289520000,17.3,17.29,10041,6122.0,1774289260000,17.21,17.23,13548,0.0,2795
1774290175000,1774290175000,17.3,17.3,17.22,17.23,1774289520000,17.3,17.29,10041,6122.0,1774289720000,17.23,17.25,24745,18519.0,17.27,17.3,17.21,17.23,1774289520000,17.3,17.29,10041,6122.0,1774289260000,17.21,17.23,13548,0.0,2796
1774290180000,1774290180000,17.3,17.3,17.22,17.25,1774289520000,17.3,17.29,10041,6122.0,1774289720000,17.23,17.25,24745,18519.0,17.28,17.3,17.21,17.25,1774289520000,17.3,17.29,10041,6122.0,1774289260000,17.21,17.23,13548,0.0,2797
1774290185000,1774290185000,17.29,17.29,17.22,17.26,1774289535000,17.29,17.29,12941,8712.0,1774289720000,17.23,17.25,24745,18519.0,17.29,17.3,17.21,17.26,1774289520000,17.3,17.29,10041,6122.0,1774289260000,17.21,17.23,13548,0.0,2798
1774290190000,1774290190000,17.29,17.29,17.22,17.26,1774289535000,17.29,17.29,12941,8712.0,1774289720000,17.23,17.25,24745,18519.0,17.29,17.3,17.21,17.26,1774289520000,17.3,17.29,10041,6122.0,1774289260000,17.21,17.23,13548,0.0,2799
1774290195000,1774290195000,17.29,17.29,17.22,17.26,1774289535000,17.29,17.29,12941,8712.0,1774289720000,17.23,17.25,24745,18519.0,17.29,17.3,17.21,17.26,1774289520000,17.3,17.29,10041,6122.0,1774289260000,17.21,17.23,13548,0.0,2800
1774290200000,1774290200000,17.29,17.29,17.22,17.26,1774289535000,17.29,17.29,12941,8712.0,1774289720000,17.23,17.25,24745,18519.0,17.29,17.3,17.21,17.26,1774289520000,17.3,17.29,10041,6122.0,1774289260000,17.21,17.23,13548,0.0,2801
1774290205000,1774290205000,17.28,17.28,17.22,17.26,1774289940000,17.28,17.27,2600,0.0,1774289720000,17.23,17.25,24745,18519.0,17.27,17.3,17.21,17.26,1774289520000,17.3,17.29,10041,6122.0,1774289260000,17.21,17.23,13548,0.0,2802
1774290210000,1774290210000,17.27,17.28,17.22,17.25,1774289940000,17.28,17.27,2600,0.0,1774289720000,17.23,17.25,24745,18519.0,17.28,17.3,17.21,17.25,1774289520000,17.3,17.29,10041,6122.0,1774289260000,17.21,17.23,13548,0.0,2803
1774290215000,1774290215000,17.27,17.28,17.22,17.26,1774289940000,17.28,17.27,2600,0.0,1774289720000,17.23,17.25,24745,18519.0,17.26,17.3,17.21,17.26,1774289520000,17.3,17.29,10041,6122.0,1774289260000,17.21,17.23,13548,0.0,2804
1774290220000,1774290220000,17.27,17.28,17.22,17.25,1774289940000,17.28,17.27,2600,0.0,1774289720000,17.23,17.25,24745,18519.0,17.26,17.3,17.21,17.25,1774289520000,17.3,17.29,10041,6122.0,1774289260000,17.21,17.23,13548,0.0,2805
1774290225000,1774290225000,17.26,17.28,17.22,17.26,1774289940000,17.28,17.27,2600,0.0,1774289720000,17.23,17.25,24745,18519.0,17.26,17.3,17.21,17.26,1774289520000,17.3,17.29,10041,6122.0,1774289260000,17.21,17.23,13548,0.0,2806
1774290230000,1774290230000,17.26,17.28,17.22,17.25,1774289940000,17.28,17.27,2600,0.0,1774289720000,17.23,17.25,24745,18519.0,17.26,17.3,17.21,17.25,1774289520000,17.3,17.29,10041,6122.0,1774289260000,17.21,17.23,13548,0.0,2807
1774290235000,1774290235000,17.26,17.28,17.22,17.25,1774289940000,17.28,17.27,2600,0.0,1774289720000,17.23,17.25,24745,18519.0,17.26,17.3,17.21,17.25,1774289520000,17.3,17.29,10041,6122.0,1774289260000,17.21,17.23,13548,0.0,2808
1774290240000,1774290240000,17.26,17.28,17.22,17.25,1774289940000,17.28,17.27,2600,0.0,1774289720000,17.23,17.25,24745,18519.0,17.26,17.3,17.21,17.25,1774289520000,17.3,17.29,10041,6122.0,1774289260000,17.21,17.23,13548,0.0,2809
1774290245000,1774290245000,17.26,17.28,17.22,17.25,1774289940000,17.28,17.27,2600,0.0,1774289720000,17.23,17.25,24745,18519.0,17.26,17.3,17.21,17.25,1774289520000,17.3,17.29,10041,6122.0,1774289260000,17.21,17.23,13548,0.0,2810
1774290250000,1774290250000,17.26,17.28,17.22,17.25,1774289940000,17.28,17.27,2600,0.0,1774289720000,17.23,17.25,24745,18519.0,17.26,17.3,17.21,17.25,1774289520000,17.3,17.29,10041,6122.0,1774289260000,17.21,17.23,13548,0.0,2811
1774290255000,1774290255000,17.26,17.28,17.22,17.25,1774289940000,17.28,17.27,2600,0.0,1774289720000,17.23,17.25,24745,18519.0,17.26,17.3,17.21,17.25,1774289520000,17.3,17.29,10041,6122.0,1774289260000,17.21,17.23,13548,0.0,2812
1774290260000,1774290260000,17.26,17.28,17.22,17.25,1774289940000,17.28,17.27,2600,0.0,1774289720000,17.23,17.25,24745,18519.0,17.26,17.3,17.21,17.25,1774289520000,17.3,17.29,10041,6122.0,1774289260000,17.21,17.23,13548,0.0,2813
1774290265000,1774290265000,17.27,17.28,17.22,17.26,1774289940000,17.28,17.27,2600,0.0,1774289720000,17.23,17.25,24745,18519.0,17.26,17.3,17.21,17.26,1774289520000,17.3,17.29,10041,6122.0,1774289260000,17.21,17.23,13548,0.0,2814
1774290270000,1774290270000,17.26,17.28,17.22,17.26,1774289940000,17.28,17.27,2600,0.0,1774289720000,17.23,17.25,24745,18519.0,17.26,17.3,17.21,17.26,1774289520000,17.3,17.29,10041,6122.0,1774289260000,17.21,17.23,13548,0.0,2815
1774290275000,1774290275000,17.26,17.28,17.22,17.25,1774289940000,17.28,17.27,2600,0.0,1774289720000,17.23,17.25,24745,18519.0,17.26,17.3,17.21,17.25,1774289520000,17.3,17.29,10041,6122.0,1774289260000,17.21,17.23,13548,0.0,2816
1774290280000,1774290280000,17.26,17.28,17.22,17.25,1774289940000,17.28,17.27,2600,0.0,1774289720000,17.23,17.25,24745,18519.0,17.26,17.3,17.21,17.25,1774289520000,17.3,17.29,10041,6122.0,1774289260000,17.21,17.23,13548,0.0,2817
1774290285000,1774290285000,17.26,17.28,17.22,17.25,1774289940000,17.28,17.27,2600,0.0,1774289720000,17.23,17.25,24745,18519.0,17.26,17.3,17.21,17.25,1774289520000,17.3,17.29,10041,6122.0,1774289260000,17.21,17.23,13548,0.0,2818
1774290290000,1774290290000,17.26,17.28,17.22,17.26,1774289940000,17.28,17.27,2600,0.0,1774289720000,17.23,17.25,24745,18519.0,17.26,17.3,17.21,17.26,1774289520000,17.3,17.29,10041,6122.0,1774289260000,17.21,17.23,13548,0.0,2819
1774290295000,1774290295000,17.26,17.28,17.22,17.26,1774289940000,17.28,17.27,2600,0.0,1774289720000,17.23,17.25,24745,18519.0,17.26,17.3,17.21,17.26,1774289520000,17.3,17.29,10041,6122.0,1774289260000,17.21,17.23,13548,0.0,2820
1774290300000,1774290300000,17.25,17.28,17.22,17.25,1774289940000,17.28,17.27,2600,0.0,1774289720000,17.23,17.25,24745,18519.0,17.26,17.3,17.21,17.25,1774289520000,17.3,17.29,10041,6122.0,1774289260000,17.21,17.23,13548,0.0,2821
1774290305000,1774290305000,17.25,17.28,17.22,17.25,1774289940000,17.28,17.27,2600,0.0,1774289720000,17.23,17.25,24745,18519.0,17.26,17.3,17.21,17.25,1774289520000,17.3,17.29,10041,6122.0,1774289260000,17.21,17.23,13548,0.0,2822
1774290310000,1774290310000,17.25,17.28,17.22,17.26,1774289940000,17.28,17.27,2600,0.0,1774289720000,17.23,17.25,24745,18519.0,17.26,17.3,17.21,17.26,1774289520000,17.3,17.29,10041,6122.0,1774289260000,17.21,17.23,13548,0.0,2823
1774290315000,1774290315000,17.25,17.28,17.22,17.26,1774289940000,17.28,17.27,2600,0.0,1774289720000,17.23,17.25,24745,18519.0,17.26,17.3,17.21,17.26,1774289520000,17.3,17.29,10041,6122.0,1774289260000,17.21,17.23,13548,0.0,2824
1774290320000,1774290320000,17.25,17.28,17.22,17.26,1774289940000,17.28,17.27,2600,0.0,1774289720000,17.23,17.25,24745,18519.0,17.26,17.3,17.21,17.26,1774289520000,17.3,17.29,10041,6122.0,1774289260000,17.21,17.23,13548,0.0,2825
1774290325000,1774290325000,17.23,17.28,17.22,17.26,1774289940000,17.28,17.27,2600,0.0,1774289720000,17.23,17.25,24745,18519.0,17.23,17.3,17.21,17.26,1774289520000,17.3,17.29,10041,6122.0,1774289260000,17.21,17.23,13548,0.0,2826
1774290330000,1774290330000,17.23,17.28,17.22,17.26,1774289940000,17.28,17.27,2600,0.0,1774289720000,17.23,17.25,24745,18519.0,17.23,17.3,17.21,17.26,1774289520000,17.3,17.29,10041,6122.0,1774289260000,17.21,17.23,13548,0.0,2827
1774290335000,1774290335000,17.23,17.28,17.22,17.26,1774289940000,17.28,17.27,2600,0.0,1774289720000,17.23,17.25,24745,18519.0,17.23,17.3,17.21,17.26,1774289520000,17.3,17.29,10041,6122.0,1774289260000,17.21,17.23,13548,0.0,2828
1774290340000,1774290340000,17.23,17.28,17.22,17.26,1774289940000,17.28,17.27,2600,0.0,1774289720000,17.23,17.25,24745,18519.0,17.23,17.3,17.21,17.26,1774289520000,17.3,17.29,10041,6122.0,1774289260000,17.21,17.23,13548,0.0,2829
1774290345000,1774290345000,17.23,17.28,17.22,17.27,1774289940000,17.28,17.27,2600,0.0,1774289720000,17.23,17.25,24745,18519.0,17.23,17.3,17.21,17.27,1774289520000,17.3,17.29,10041,6122.0,1774289260000,17.21,17.23,13548,0.0,2830
1774290350000,1774290350000,17.23,17.28,17.22,17.27,1774289940000,17.28,17.27,2600,0.0,1774289720000,17.23,17.25,24745,18519.0,17.23,17.3,17.21,17.27,1774289520000,17.3,17.29,10041,6122.0,1774289260000,17.21,17.23,13548,0.0,2831
1774290355000,1774290355000,17.24,17.28,17.22,17.27,1774289940000,17.28,17.27,2600,0.0,1774289720000,17.23,17.25,24745,18519.0,17.23,17.3,17.21,17.27,1774289520000,17.3,17.29,10041,6122.0,1774289260000,17.21,17.23,13548,0.0,2832
1774290360000,1774290360000,17.24,17.28,17.22,17.27,1774289940000,17.28,17.27,2600,0.0,1774289720000,17.23,17.25,24745,18519.0,17.23,17.3,17.21,17.27,1774289520000,17.3,17.29,10041,6122.0,1774289260000,17.21,17.23,13548,0.0,2833
1774290365000,1774290365000,17.23,17.28,17.22,17.27,1774289940000,17.28,17.27,2600,0.0,1774289720000,17.23,17.25,24745,18519.0,17.23,17.3,17.21,17.27,1774289520000,17.3,17.29,10041,6122.0,1774289260000,17.21,17.23,13548,0.0,2834
1774290370000,1774290370000,17.23,17.28,17.22,17.27,1774289940000,17.28,17.27,2600,0.0,1774289720000,17.23,17.25,24745,18519.0,17.23,17.3,17.21,17.27,1774289520000,17.3,17.29,10041,6122.0,1774289260000,17.21,17.23,13548,0.0,2835
1774290375000,1774290375000,17.23,17.28,17.22,17.26,1774289940000,17.28,17.27,2600,0.0,1774289720000,17.23,17.25,24745,18519.0,17.23,17.3,17.21,17.26,1774289520000,17.3,17.29,10041,6122.0,1774289260000,17.21,17.23,13548,0.0,2836
1774290380000,1774290380000,17.23,17.28,17.22,17.26,1774289940000,17.28,17.27,2600,0.0,1774289720000,17.23,17.25,24745,18519.0,17.23,17.3,17.21,17.26,1774289520000,17.3,17.29,10041,6122.0,1774289260000,17.21,17.23,13548,0.0,2837
1774290385000,1774290385000,17.23,17.28,17.22,17.26,1774289940000,17.28,17.27,2600,0.0,1774289720000,17.23,17.25,24745,18519.0,17.23,17.3,17.21,17.26,1774289520000,17.3,17.29,10041,6122.0,1774289260000,17.21,17.23,13548,0.0,2838
1774290390000,1774290390000,17.23,17.28,17.22,17.26,1774289940000,17.28,17.27,2600,0.0,1774289720000,17.23,17.25,24745,18519.0,17.23,17.3,17.21,17.26,1774289520000,17.3,17.29,10041,6122.0,1774289260000,17.21,17.23,13548,0.0,2839
1774290395000,1774290395000,17.25,17.28,17.23,17.26,1774289940000,17.28,17.27,2600,0.0,1774290175000,17.23,17.23,1627,0.0,17.23,17.3,17.21,17.26,1774289520000,17.3,17.29,10041,6122.0,1774289260000,17.21,17.23,13548,0.0,2840
1774290400000,1774290400000,17.25,17.29,17.23,17.29,1774290400000,17.26,17.29,108139,106440.0,1774290175000,17.23,17.23,1627,0.0,17.24,17.3,17.22,17.29,1774289520000,17.3,17.29,10041,6122.0,1774289720000,17.23,17.25,24745,18519.0,2841
1774290405000,1774290405000,17.25,17.3,17.23,17.3,1774290405000,17.29,17.3,32800,0.0,1774290175000,17.23,17.23,1627,0.0,17.26,17.3,17.22,17.3,1774290405000,17.29,17.3,32800,0.0,1774289720000,17.23,17.25,24745,18519.0,2842
1774290410000,1774290410000,17.26,17.3,17.23,17.29,1774290410000,17.29,17.29,6954,0.0,1774290175000,17.23,17.23,1627,0.0,17.26,17.3,17.22,17.29,1774290410000,17.29,17.29,6954,0.0,1774289720000,17.23,17.25,24745,18519.0,2843
1774290415000,1774290415000,17.26,17.3,17.23,17.29,1774290410000,17.29,17.29,6954,0.0,1774290175000,17.23,17.23,1627,0.0,17.27,17.3,17.22,17.29,1774290410000,17.29,17.29,6954,0.0,1774289720000,17.23,17.25,24745,18519.0,2844
1774290420000,1774290420000,17.25,17.32,17.24,17.31,1774290420000,17.29,17.31,407239,403089.0,1774290300000,17.26,17.25,16257,15695.0,17.26,17.32,17.22,17.31,1774290420000,17.29,17.31,407239,403089.0,1774289720000,17.23,17.25,24745,18519.0,2845
1774290425000,1774290425000,17.24,17.32,17.24,17.3,1774290420000,17.29,17.31,407239,394842.0,1774290300000,17.26,17.25,16257,15695.0,17.26,17.32,17.22,17.3,1774290420000,17.29,17.31,407239,394842.0,1774289720000,17.23,17.25,24745,18519.0,2846
1774290430000,1774290430000,17.24,17.32,17.24,17.29,1774290420000,17.29,17.31,407239,394842.0,1774290300000,17.26,17.25,16257,15695.0,17.26,17.32,17.22,17.29,1774290420000,17.29,17.31,407239,394842.0,1774289720000,17.23,17.25,24745,18519.0,2847
1774290435000,1774290435000,17.24,17.32,17.24,17.29,1774290420000,17.29,17.31,407239,394842.0,1774290300000,17.26,17.25,16257,15695.0,17.26,17.32,17.22,17.29,1774290420000,17.29,17.31,407239,394842.0,1774289720000,17.23,17.25,24745,18519.0,2848
1774290440000,1774290440000,17.24,17.32,17.24,17.29,1774290420000,17.29,17.31,407239,394842.0,1774290300000,17.26,17.25,16257,15695.0,17.26,17.32,17.22,17.29,1774290420000,17.29,17.31,407239,394842.0,1774289720000,17.23,17.25,24745,18519.0,2849
1774290445000,1774290445000,17.24,17.32,17.24,17.29,1774290420000,17.29,17.31,407239,394842.0,1774290300000,17.26,17.25,16257,15695.0,17.26,17.32,17.22,17.29,1774290420000,17.29,17.31,407239,394842.0,1774289720000,17.23,17.25,24745,18519.0,2850
1774290450000,1774290450000,17.24,17.32,17.24,17.29,1774290420000,17.29,17.31,407239,394842.0,1774290300000,17.26,17.25,16257,15695.0,17.26,17.32,17.22,17.29,1774290420000,17.29,17.31,407239,394842.0,1774289720000,17.23,17.25,24745,18519.0,2851
1774290455000,1774290455000,17.26,17.32,17.24,17.29,1774290420000,17.29,17.31,407239,394842.0,1774290300000,17.26,17.25,16257,15695.0,17.27,17.32,17.22,17.29,1774290420000,17.29,17.31,407239,394842.0,1774289720000,17.23,17.25,24745,18519.0,2852
1774290460000,1774290460000,17.26,17.32,17.24,17.29,1774290420000,17.29,17.31,407239,394842.0,1774290300000,17.26,17.25,16257,15695.0,17.26,17.32,17.22,17.29,1774290420000,17.29,17.31,407239,394842.0,1774289720000,17.23,17.25,24745,18519.0,2853
1774290465000,1774290465000,17.25,17.32,17.24,17.29,1774290420000,17.29,17.31,407239,394842.0,1774290300000,17.26,17.25,16257,15695.0,17.26,17.32,17.22,17.29,1774290420000,17.29,17.31,407239,394842.0,1774289720000,17.23,17.25,24745,18519.0,2854
1774290470000,1774290470000,17.26,17.32,17.25,17.29,1774290420000,17.29,17.31,407239,394842.0,1774290400000,17.26,17.29,108139,90040.0,17.25,17.32,17.22,17.29,1774290420000,17.29,17.31,407239,394842.0,1774289720000,17.23,17.25,24745,18519.0,2855
1774290475000,1774290475000,17.26,17.32,17.25,17.28,1774290420000,17.29,17.31,407239,394842.0,1774290475000,17.29,17.28,108292,84617.0,17.26,17.32,17.23,17.28,1774290420000,17.29,17.31,407239,394842.0,1774290175000,17.23,17.23,1627,0.0,2856
1774290480000,1774290480000,17.26,17.32,17.25,17.25,1774290420000,17.29,17.31,407239,394842.0,1774290480000,17.26,17.25,8210,0.0,17.26,17.32,17.23,17.25,1774290420000,17.29,17.31,407239,394842.0,1774290175000,17.23,17.23,1627,0.0,2857
1774290485000,1774290485000,17.26,17.32,17.25,17.25,1774290420000,17.29,17.31,407239,394842.0,1774290485000,17.25,17.25,6958,2853.0,17.25,17.32,17.23,17.25,1774290420000,17.29,17.31,407239,394842.0,1774290175000,17.23,17.23,1627,0.0,2858
1774290490000,1774290490000,17.26,17.32,17.25,17.25,1774290420000,17.29,17.31,407239,394842.0,1774290490000,17.25,17.25,1500,0.0,17.25,17.32,17.23,17.25,1774290420000,17.29,17.31,407239,394842.0,1774290175000,17.23,17.23,1627,0.0,2859
1774290495000,1774290495000,17.26,17.32,17.24,17.26,1774290420000,17.29,17.31,407239,394842.0,1774290495000,17.25,17.26,12200,11450.0,17.26,17.32,17.23,17.26,1774290420000,17.29,17.31,407239,394842.0,1774290175000,17.23,17.23,1627,0.0,2860
1774290500000,1774290500000,17.26,17.32,17.24,17.25,1774290420000,17.29,17.31,407239,394842.0,1774290495000,17.25,17.26,12200,11218.0,17.26,17.32,17.23,17.25,1774290420000,17.29,17.31,407239,394842.0,1774290175000,17.23,17.23,1627,0.0,2861
1774290505000,1774290505000,17.26,17.32,17.24,17.26,1774290420000,17.29,17.31,407239,394842.0,1774290495000,17.25,17.26,12200,11218.0,17.25,17.32,17.23,17.26,1774290420000,17.29,17.31,407239,394842.0,1774290175000,17.23,17.23,1627,0.0,2862
1774290510000,1774290510000,17.26,17.32,17.24,17.27,1774290420000,17.29,17.31,407239,394842.0,1774290495000,17.25,17.26,12200,11218.0,17.25,17.32,17.23,17.27,1774290420000,17.29,17.31,407239,394842.0,1774290175000,17.23,17.23,1627,0.0,2863
1774290515000,1774290515000,17.26,17.32,17.24,17.27,1774290420000,17.29,17.31,407239,394842.0,1774290495000,17.25,17.26,12200,11218.0,17.25,17.32,17.23,17.27,1774290420000,17.29,17.31,407239,394842.0,1774290175000,17.23,17.23,1627,0.0,2864
1774290520000,1774290520000,17.26,17.32,17.24,17.26,1774290420000,17.29,17.31,407239,394842.0,1774290495000,17.25,17.26,12200,11218.0,17.25,17.32,17.23,17.26,1774290420000,17.29,17.31,407239,394842.0,1774290175000,17.23,17.23,1627,0.0,2865
1774290525000,1774290525000,17.26,17.32,17.24,17.26,1774290420000,17.29,17.31,407239,394842.0,1774290495000,17.25,17.26,12200,11218.0,17.25,17.32,17.23,17.26,1774290420000,17.29,17.31,407239,394842.0,1774290175000,17.23,17.23,1627,0.0,2866
1774290530000,1774290530000,17.29,17.32,17.24,17.26,1774290420000,17.29,17.31,407239,394842.0,1774290495000,17.25,17.26,12200,11218.0,17.25,17.32,17.23,17.26,1774290420000,17.29,17.31,407239,394842.0,1774290175000,17.23,17.23,1627,0.0,2867
1774290535000,1774290535000,17.29,17.32,17.24,17.25,1774290420000,17.29,17.31,407239,394842.0,1774290495000,17.25,17.26,12200,11218.0,17.25,17.32,17.23,17.25,1774290420000,17.29,17.31,407239,394842.0,1774290175000,17.23,17.23,1627,0.0,2868
1774290540000,1774290540000,17.29,17.32,17.24,17.25,1774290420000,17.29,17.31,407239,394842.0,1774290495000,17.25,17.26,12200,11218.0,17.25,17.32,17.23,17.25,1774290420000,17.29,17.31,407239,394842.0,1774290175000,17.23,17.23,1627,0.0,2869
1774290545000,1774290545000,17.29,17.32,17.24,17.25,1774290420000,17.29,17.31,407239,394842.0,1774290495000,17.25,17.26,12200,11218.0,17.25,17.32,17.23,17.25,1774290420000,17.29,17.31,407239,394842.0,1774290175000,17.23,17.23,1627,0.0,2870
1774290550000,1774290550000,17.29,17.32,17.23,17.23,1774290420000,17.29,17.31,407239,394842.0,1774290550000,17.24,17.23,20731,20731.0,17.26,17.32,17.23,17.23,1774290420000,17.29,17.31,407239,394842.0,1774290550000,17.24,17.23,20731,20731.0,2871
1774290555000,1774290555000,17.29,17.32,17.23,17.25,1774290420000,17.29,17.31,407239,394842.0,1774290555000,17.23,17.25,12206,1840.5,17.26,17.32,17.23,17.25,1774290420000,17.29,17.31,407239,394842.0,1774290555000,17.23,17.25,12206,1840.5,2872
1774290560000,1774290560000,17.29,17.32,17.23,17.25,1774290420000,17.29,17.31,407239,394842.0,1774290555000,17.23,17.25,12206,1425.0,17.26,17.32,17.23,17.25,1774290420000,17.29,17.31,407239,394842.0,1774290555000,17.23,17.25,12206,1425.0,2873
1774290565000,1774290565000,17.29,17.32,17.23,17.25,1774290420000,17.29,17.31,407239,394842.0,1774290555000,17.23,17.25,12206,1425.0,17.26,17.32,17.23,17.25,1774290420000,17.29,17.31,407239,394842.0,1774290555000,17.23,17.25,12206,1425.0,2874
1774290570000,1774290570000,17.29,17.32,17.23,17.25,1774290420000,17.29,17.31,407239,394842.0,1774290555000,17.23,17.25,12206,1425.0,17.26,17.32,17.23,17.25,1774290420000,17.29,17.31,407239,394842.0,1774290555000,17.23,17.25,12206,1425.0,2875
1774290575000,1774290575000,17.29,17.32,17.23,17.24,1774290420000,17.29,17.31,407239,394842.0,1774290555000,17.23,17.25,12206,1425.0,17.26,17.32,17.23,17.24,1774290420000,17.29,17.31,407239,394842.0,1774290555000,17.23,17.25,12206,1425.0,2876
1774290580000,1774290580000,17.29,17.32,17.23,17.24,1774290420000,17.29,17.31,407239,394842.0,1774290555000,17.23,17.25,12206,1425.0,17.26,17.32,17.23,17.24,1774290420000,17.29,17.31,407239,394842.0,1774290555000,17.23,17.25,12206,1425.0,2877
1774290585000,1774290585000,17.29,17.32,17.23,17.25,1774290420000,17.29,17.31,407239,394842.0,1774290555000,17.23,17.25,12206,1425.0,17.26,17.32,17.23,17.25,1774290420000,17.29,17.31,407239,394842.0,1774290555000,17.23,17.25,12206,1425.0,2878
1774290590000,1774290590000,17.29,17.32,17.23,17.25,1774290420000,17.29,17.31,407239,394842.0,1774290555000,17.23,17.25,12206,1425.0,17.26,17.32,17.23,17.25,1774290420000,17.29,17.31,407239,394842.0,1774290555000,17.23,17.25,12206,1425.0,2879
1774290595000,1774290595000,17.29,17.32,17.23,17.24,1774290420000,17.29,17.31,407239,394842.0,1774290555000,17.23,17.25,12206,1425.0,17.26,17.32,17.23,17.24,1774290420000,17.29,17.31,407239,394842.0,1774290555000,17.23,17.25,12206,1425.0,2880
1774290600000,1774290600000,17.29,17.32,17.23,17.26,1774290420000,17.29,17.31,407239,394842.0,1774290555000,17.23,17.25,12206,1425.0,17.26,17.32,17.23,17.26,1774290420000,17.29,17.31,407239,394842.0,1774290555000,17.23,17.25,12206,1425.0,2881
1774290605000,1774290605000,17.29,17.32,17.23,17.27,1774290420000,17.29,17.31,407239,394842.0,1774290555000,17.23,17.25,12206,1425.0,17.26,17.32,17.23,17.27,1774290420000,17.29,17.31,407239,394842.0,1774290555000,17.23,17.25,12206,1425.0,2882
1774290610000,1774290610000,17.29,17.32,17.23,17.27,1774290420000,17.29,17.31,407239,394842.0,1774290555000,17.23,17.25,12206,1425.0,17.26,17.32,17.23,17.27,1774290420000,17.29,17.31,407239,394842.0,1774290555000,17.23,17.25,12206,1425.0,2883
1774290615000,1774290615000,17.29,17.32,17.23,17.27,1774290420000,17.29,17.31,407239,394842.0,1774290555000,17.23,17.25,12206,1425.0,17.26,17.32,17.23,17.27,1774290420000,17.29,17.31,407239,394842.0,1774290555000,17.23,17.25,12206,1425.0,2884
1774290620000,1774290620000,17.29,17.32,17.23,17.27,1774290420000,17.29,17.31,407239,394842.0,1774290555000,17.23,17.25,12206,1425.0,17.26,17.32,17.23,17.27,1774290420000,17.29,17.31,407239,394842.0,1774290555000,17.23,17.25,12206,1425.0,2885
1774290625000,1774290625000,17.29,17.32,17.23,17.28,1774290420000,17.29,17.31,407239,394842.0,1774290555000,17.23,17.25,12206,1425.0,17.27,17.32,17.23,17.28,1774290420000,17.29,17.31,407239,394842.0,1774290555000,17.23,17.25,12206,1425.0,2886
1774290630000,1774290630000,17.29,17.32,17.23,17.28,1774290420000,17.29,17.31,407239,394842.0,1774290555000,17.23,17.25,12206,1425.0,17.26,17.32,17.23,17.28,1774290420000,17.29,17.31,407239,394842.0,1774290555000,17.23,17.25,12206,1425.0,2887
1774290635000,1774290635000,17.29,17.32,17.23,17.28,1774290420000,17.29,17.31,407239,394842.0,1774290555000,17.23,17.25,12206,1425.0,17.26,17.32,17.23,17.28,1774290420000,17.29,17.31,407239,394842.0,1774290555000,17.23,17.25,12206,1425.0,2888
1774290640000,1774290640000,17.29,17.32,17.23,17.28,1774290420000,17.29,17.31,407239,394842.0,1774290555000,17.23,17.25,12206,1425.0,17.26,17.32,17.23,17.28,1774290420000,17.29,17.31,407239,394842.0,1774290555000,17.23,17.25,12206,1425.0,2889
1774290645000,1774290645000,17.29,17.32,17.23,17.29,1774290420000,17.29,17.31,407239,394842.0,1774290555000,17.23,17.25,12206,1425.0,17.26,17.32,17.23,17.29,1774290420000,17.29,17.31,407239,394842.0,1774290555000,17.23,17.25,12206,1425.0,2890
1774290650000,1774290650000,17.29,17.32,17.23,17.29,1774290420000,17.29,17.31,407239,394842.0,1774290555000,17.23,17.25,12206,1425.0,17.26,17.32,17.23,17.29,1774290420000,17.29,17.31,407239,394842.0,1774290555000,17.23,17.25,12206,1425.0,2891
1774290655000,1774290655000,17.29,17.32,17.23,17.27,1774290420000,17.29,17.31,407239,394842.0,1774290555000,17.23,17.25,12206,1425.0,17.26,17.32,17.23,17.27,1774290420000,17.29,17.31,407239,394842.0,1774290555000,17.23,17.25,12206,1425.0,2892
1774290660000,1774290660000,17.29,17.32,17.23,17.27,1774290420000,17.29,17.31,407239,394842.0,1774290555000,17.23,17.25,12206,1425.0,17.27,17.32,17.23,17.27,1774290420000,17.29,17.31,407239,394842.0,1774290555000,17.23,17.25,12206,1425.0,2893
1774290665000,1774290665000,17.29,17.32,17.23,17.26,1774290420000,17.29,17.31,407239,394842.0,1774290555000,17.23,17.25,12206,1425.0,17.27,17.32,17.23,17.26,1774290420000,17.29,17.31,407239,394842.0,1774290555000,17.23,17.25,12206,1425.0,2894
1774290670000,1774290670000,17.29,17.32,17.23,17.27,1774290420000,17.29,17.31,407239,394842.0,1774290555000,17.23,17.25,12206,1425.0,17.27,17.32,17.23,17.27,1774290420000,17.29,17.31,407239,394842.0,1774290555000,17.23,17.25,12206,1425.0,2895
1774290675000,1774290675000,17.29,17.32,17.23,17.27,1774290420000,17.29,17.31,407239,394842.0,1774290555000,17.23,17.25,12206,1425.0,17.28,17.32,17.23,17.27,1774290420000,17.29,17.31,407239,394842.0,1774290555000,17.23,17.25,12206,1425.0,2896
1774290680000,1774290680000,17.29,17.32,17.23,17.27,1774290420000,17.29,17.31,407239,394842.0,1774290555000,17.23,17.25,12206,1425.0,17.28,17.32,17.23,17.27,1774290420000,17.29,17.31,407239,394842.0,1774290555000,17.23,17.25,12206,1425.0,2897
1774290685000,1774290685000,17.29,17.32,17.23,17.26,1774290420000,17.29,17.31,407239,394842.0,1774290555000,17.23,17.25,12206,1425.0,17.28,17.32,17.23,17.26,1774290420000,17.29,17.31,407239,394842.0,1774290555000,17.23,17.25,12206,1425.0,2898
1774290690000,1774290690000,17.29,17.32,17.23,17.27,1774290420000,17.29,17.31,407239,394842.0,1774290555000,17.23,17.25,12206,1425.0,17.27,17.32,17.23,17.27,1774290420000,17.29,17.31,407239,394842.0,1774290555000,17.23,17.25,12206,1425.0,2899
1774290695000,1774290695000,17.29,17.32,17.23,17.27,1774290420000,17.29,17.31,407239,394842.0,1774290555000,17.23,17.25,12206,1425.0,17.27,17.32,17.23,17.27,1774290420000,17.29,17.31,407239,394842.0,1774290555000,17.23,17.25,12206,1425.0,2900
1774290700000,1774290700000,17.29,17.32,17.23,17.28,1774290420000,17.29,17.31,407239,394842.0,1774290555000,17.23,17.25,12206,1425.0,17.27,17.32,17.23,17.28,1774290420000,17.29,17.31,407239,394842.0,1774290555000,17.23,17.25,12206,1425.0,2901
1774290705000,1774290705000,17.29,17.32,17.23,17.29,1774290420000,17.29,17.31,407239,394842.0,1774290555000,17.23,17.25,12206,1425.0,17.27,17.32,17.23,17.29,1774290420000,17.29,17.31,407239,394842.0,1774290555000,17.23,17.25,12206,1425.0,2902
1774290710000,1774290710000,17.29,17.32,17.23,17.29,1774290420000,17.29,17.31,407239,394842.0,1774290555000,17.23,17.25,12206,1425.0,17.27,17.32,17.23,17.29,1774290420000,17.29,17.31,407239,394842.0,1774290555000,17.23,17.25,12206,1425.0,2903
1774290715000,1774290715000,17.29,17.32,17.23,17.28,1774290420000,17.29,17.31,407239,394842.0,1774290555000,17.23,17.25,12206,1425.0,17.26,17.32,17.23,17.28,1774290420000,17.29,17.31,407239,394842.0,1774290555000,17.23,17.25,12206,1425.0,2904
1774290720000,1774290720000,17.29,17.32,17.23,17.27,1774290420000,17.29,17.31,407239,394842.0,1774290555000,17.23,17.25,12206,1425.0,17.26,17.32,17.23,17.27,1774290420000,17.29,17.31,407239,394842.0,1774290555000,17.23,17.25,12206,1425.0,2905
1774290725000,1774290725000,17.29,17.32,17.23,17.26,1774290420000,17.29,17.31,407239,394842.0,1774290555000,17.23,17.25,12206,1425.0,17.26,17.32,17.23,17.26,1774290420000,17.29,17.31,407239,394842.0,1774290555000,17.23,17.25,12206,1425.0,2906
1774290730000,1774290730000,17.29,17.32,17.23,17.27,1774290420000,17.29,17.31,407239,394842.0,1774290555000,17.23,17.25,12206,1425.0,17.26,17.32,17.23,17.27,1774290420000,17.29,17.31,407239,394842.0,1774290555000,17.23,17.25,12206,1425.0,2907
1774290735000,1774290735000,17.29,17.32,17.23,17.26,1774290420000,17.29,17.31,407239,394842.0,1774290555000,17.23,17.25,12206,1425.0,17.26,17.32,17.23,17.26,1774290420000,17.29,17.31,407239,394842.0,1774290555000,17.23,17.25,12206,1425.0,2908
1774290740000,1774290740000,17.29,17.32,17.23,17.27,1774290420000,17.29,17.31,407239,394842.0,1774290555000,17.23,17.25,12206,1425.0,17.26,17.32,17.23,17.27,1774290420000,17.29,17.31,407239,394842.0,1774290555000,17.23,17.25,12206,1425.0,2909
1774290745000,1774290745000,17.29,17.32,17.23,17.26,1774290420000,17.29,17.31,407239,394842.0,1774290555000,17.23,17.25,12206,1425.0,17.26,17.32,17.23,17.26,1774290420000,17.29,17.31,407239,394842.0,1774290555000,17.23,17.25,12206,1425.0,2910
1774290750000,1774290750000,17.29,17.32,17.23,17.26,1774290420000,17.29,17.31,407239,394842.0,1774290555000,17.23,17.25,12206,1425.0,17.26,17.32,17.23,17.26,1774290420000,17.29,17.31,407239,394842.0,1774290555000,17.23,17.25,12206,1425.0,2911
1774290755000,1774290755000,17.29,17.32,17.23,17.26,1774290420000,17.29,17.31,407239,394842.0,1774290555000,17.23,17.25,12206,1425.0,17.26,17.32,17.23,17.26,1774290420000,17.29,17.31,407239,394842.0,1774290555000,17.23,17.25,12206,1425.0,2912
1774290760000,1774290760000,17.29,17.32,17.23,17.26,1774290420000,17.29,17.31,407239,394842.0,1774290555000,17.23,17.25,12206,1425.0,17.26,17.32,17.23,17.26,1774290420000,17.29,17.31,407239,394842.0,1774290555000,17.23,17.25,12206,1425.0,2913
1774290765000,1774290765000,17.29,17.32,17.23,17.27,1774290420000,17.29,17.31,407239,394842.0,1774290555000,17.23,17.25,12206,1425.0,17.26,17.32,17.23,17.27,1774290420000,17.29,17.31,407239,394842.0,1774290555000,17.23,17.25,12206,1425.0,2914
1774290770000,1774290770000,17.29,17.32,17.23,17.27,1774290420000,17.29,17.31,407239,394842.0,1774290555000,17.23,17.25,12206,1425.0,17.26,17.32,17.23,17.27,1774290420000,17.29,17.31,407239,394842.0,1774290555000,17.23,17.25,12206,1425.0,2915
1774290775000,1774290775000,17.29,17.32,17.23,17.27,1774290420000,17.29,17.31,407239,394842.0,1774290555000,17.23,17.25,12206,1425.0,17.26,17.32,17.23,17.27,1774290420000,17.29,17.31,407239,394842.0,1774290555000,17.23,17.25,12206,1425.0,2916
1774290780000,1774290780000,17.29,17.32,17.23,17.27,1774290420000,17.29,17.31,407239,394842.0,1774290555000,17.23,17.25,12206,1425.0,17.26,17.32,17.23,17.27,1774290420000,17.29,17.31,407239,394842.0,1774290555000,17.23,17.25,12206,1425.0,2917
1774290785000,1774290785000,17.29,17.32,17.23,17.28,1774290420000,17.29,17.31,407239,394842.0,1774290555000,17.23,17.25,12206,1425.0,17.26,17.32,17.23,17.28,1774290420000,17.29,17.31,407239,394842.0,1774290555000,17.23,17.25,12206,1425.0,2918
1774290790000,1774290790000,17.29,17.32,17.23,17.28,1774290420000,17.29,17.31,407239,394842.0,1774290555000,17.23,17.25,12206,1425.0,17.26,17.32,17.23,17.28,1774290420000,17.29,17.31,407239,394842.0,1774290555000,17.23,17.25,12206,1425.0,2919
1774290795000,1774290795000,17.29,17.32,17.23,17.27,1774290420000,17.29,17.31,407239,394842.0,1774290555000,17.23,17.25,12206,1425.0,17.26,17.32,17.23,17.27,1774290420000,17.29,17.31,407239,394842.0,1774290555000,17.23,17.25,12206,1425.0,2920
1774290800000,1774290800000,17.29,17.32,17.23,17.28,1774290420000,17.29,17.31,407239,394842.0,1774290555000,17.23,17.25,12206,1425.0,17.26,17.32,17.23,17.28,1774290420000,17.29,17.31,407239,394842.0,1774290555000,17.23,17.25,12206,1425.0,2921
1774290805000,1774290805000,17.29,17.32,17.23,17.29,1774290420000,17.29,17.31,407239,394842.0,1774290555000,17.23,17.25,12206,1425.0,17.26,17.32,17.23,17.29,1774290420000,17.29,17.31,407239,394842.0,1774290555000,17.23,17.25,12206,1425.0,2922
1774290810000,1774290810000,17.29,17.32,17.23,17.29,1774290420000,17.29,17.31,407239,394842.0,1774290555000,17.23,17.25,12206,1425.0,17.26,17.32,17.23,17.29,1774290420000,17.29,17.31,407239,394842.0,1774290555000,17.23,17.25,12206,1425.0,2923
1774290815000,1774290815000,17.29,17.32,17.23,17.29,1774290420000,17.29,17.31,407239,394842.0,1774290555000,17.23,17.25,12206,1425.0,17.26,17.32,17.23,17.29,1774290420000,17.29,17.31,407239,394842.0,1774290555000,17.23,17.25,12206,1425.0,2924
1774290820000,1774290820000,17.29,17.32,17.23,17.3,1774290420000,17.29,17.31,407239,394842.0,1774290555000,17.23,17.25,12206,1425.0,17.25,17.32,17.23,17.3,1774290420000,17.29,17.31,407239,394842.0,1774290555000,17.23,17.25,12206,1425.0,2925
1774290825000,1774290825000,17.29,17.32,17.23,17.3,1774290420000,17.29,17.31,407239,394842.0,1774290555000,17.23,17.25,12206,1425.0,17.24,17.32,17.23,17.3,1774290420000,17.29,17.31,407239,394842.0,1774290555000,17.23,17.25,12206,1425.0,2926
1774290830000,1774290830000,17.29,17.32,17.23,17.3,1774290420000,17.29,17.31,407239,394842.0,1774290555000,17.23,17.25,12206,1425.0,17.24,17.32,17.23,17.3,1774290420000,17.29,17.31,407239,394842.0,1774290555000,17.23,17.25,12206,1425.0,2927
1774290835000,1774290835000,17.29,17.32,17.23,17.3,1774290420000,17.29,17.31,407239,394842.0,1774290555000,17.23,17.25,12206,1425.0,17.26,17.32,17.23,17.3,1774290420000,17.29,17.31,407239,394842.0,1774290555000,17.23,17.25,12206,1425.0,2928
1774290840000,1774290840000,17.29,17.32,17.23,17.29,1774290420000,17.29,17.31,407239,394842.0,1774290555000,17.23,17.25,12206,1425.0,17.26,17.32,17.23,17.29,1774290420000,17.29,17.31,407239,394842.0,1774290555000,17.23,17.25,12206,1425.0,2929
1774290845000,1774290845000,17.29,17.32,17.23,17.29,1774290420000,17.29,17.31,407239,394842.0,1774290555000,17.23,17.25,12206,1425.0,17.26,17.32,17.23,17.29,1774290420000,17.29,17.31,407239,394842.0,1774290555000,17.23,17.25,12206,1425.0,2930
1774290850000,1774290850000,17.29,17.32,17.23,17.29,1774290420000,17.29,17.31,407239,394842.0,1774290555000,17.23,17.25,12206,1425.0,17.26,17.32,17.23,17.29,1774290420000,17.29,17.31,407239,394842.0,1774290555000,17.23,17.25,12206,1425.0,2931
1774290855000,1774290855000,17.29,17.32,17.23,17.27,1774290420000,17.29,17.31,407239,394842.0,1774290555000,17.23,17.25,12206,1425.0,17.26,17.32,17.23,17.27,1774290420000,17.29,17.31,407239,394842.0,1774290555000,17.23,17.25,12206,1425.0,2932
1774290860000,1774290860000,17.29,17.32,17.23,17.27,1774290420000,17.29,17.31,407239,394842.0,1774290555000,17.23,17.25,12206,1425.0,17.25,17.32,17.23,17.27,1774290420000,17.29,17.31,407239,394842.0,1774290555000,17.23,17.25,12206,1425.0,2933
1774290865000,1774290865000,17.29,17.32,17.23,17.28,1774290420000,17.29,17.31,407239,394842.0,1774290555000,17.23,17.25,12206,1425.0,17.25,17.32,17.23,17.28,1774290420000,17.29,17.31,407239,394842.0,1774290555000,17.23,17.25,12206,1425.0,2934
1774290870000,1774290870000,17.29,17.32,17.23,17.29,1774290420000,17.29,17.31,407239,394842.0,1774290555000,17.23,17.25,12206,1425.0,17.25,17.32,17.23,17.29,1774290420000,17.29,17.31,407239,394842.0,1774290555000,17.23,17.25,12206,1425.0,2935
1774290875000,1774290875000,17.31,17.31,17.23,17.29,1774290835000,17.3,17.3,3314,0.0,1774290555000,17.23,17.25,12206,1425.0,17.26,17.32,17.23,17.29,1774290420000,17.29,17.31,407239,394842.0,1774290555000,17.23,17.25,12206,1425.0,2936
1774290880000,1774290880000,17.31,17.31,17.23,17.29,1774290835000,17.3,17.3,3314,0.0,1774290555000,17.23,17.25,12206,1425.0,17.26,17.32,17.23,17.29,1774290420000,17.29,17.31,407239,394842.0,1774290555000,17.23,17.25,12206,1425.0,2937
1774290885000,1774290885000,17.31,17.31,17.23,17.3,1774290835000,17.3,17.3,3314,0.0,1774290555000,17.23,17.25,12206,1425.0,17.25,17.32,17.23,17.3,1774290420000,17.29,17.31,407239,394842.0,1774290555000,17.23,17.25,12206,1425.0,2938
1774290890000,1774290890000,17.31,17.31,17.23,17.3,1774290835000,17.3,17.3,3314,0.0,1774290555000,17.23,17.25,12206,1425.0,17.25,17.32,17.23,17.3,1774290420000,17.29,17.31,407239,394842.0,1774290555000,17.23,17.25,12206,1425.0,2939
1774290895000,1774290895000,17.31,17.31,17.23,17.3,1774290835000,17.3,17.3,3314,0.0,1774290555000,17.23,17.25,12206,1425.0,17.25,17.32,17.23,17.3,1774290420000,17.29,17.31,407239,394842.0,1774290555000,17.23,17.25,12206,1425.0,2940
1774290900000,1774290900000,17.3,17.31,17.23,17.31,1774290900000,17.3,17.31,5235,5235.0,1774290555000,17.23,17.25,12206,1425.0,17.24,17.32,17.23,17.31,1774290420000,17.29,17.31,407239,394842.0,1774290555000,17.23,17.25,12206,1425.0,2941
1774290905000,1774290905000,17.3,17.32,17.23,17.32,1774290905000,17.31,17.32,4271,1653.5,1774290555000,17.23,17.25,12206,1425.0,17.24,17.32,17.23,17.32,1774290905000,17.31,17.32,4271,1653.5,1774290555000,17.23,17.25,12206,1425.0,2942
1774290910000,1774290910000,17.29,17.33,17.23,17.32,1774290910000,17.32,17.32,14150,12014.5,1774290555000,17.23,17.25,12206,1425.0,17.26,17.33,17.23,17.32,1774290910000,17.32,17.32,14150,12014.5,1774290555000,17.23,17.25,12206,1425.0,2943
1774290915000,1774290915000,17.29,17.33,17.23,17.32,1774290910000,17.32,17.32,14150,10214.5,1774290555000,17.23,17.25,12206,1425.0,17.26,17.33,17.23,17.32,1774290910000,17.32,17.32,14150,10214.5,1774290555000,17.23,17.25,12206,1425.0,2944
1774290920000,1774290920000,17.29,17.33,17.23,17.33,1774290920000,17.32,17.33,6898,5098.0,1774290555000,17.23,17.25,12206,1425.0,17.26,17.33,17.23,17.33,1774290920000,17.32,17.33,6898,5098.0,1774290555000,17.23,17.25,12206,1425.0,2945
1774290925000,1774290925000,17.29,17.33,17.23,17.32,1774290925000,17.33,17.32,5400,1951.0,1774290555000,17.23,17.25,12206,1425.0,17.26,17.33,17.23,17.32,1774290925000,17.33,17.32,5400,1951.0,1774290555000,17.23,17.25,12206,1425.0,2946
1774290930000,1774290930000,17.29,17.33,17.23,17.32,1774290930000,17.32,17.32,5100,2400.0,1774290555000,17.23,17.25,12206,1425.0,17.26,17.33,17.23,17.32,1774290930000,17.32,17.32,5100,2400.0,1774290555000,17.23,17.25,12206,1425.0,2947
1774290935000,1774290935000,17.29,17.33,17.23,17.33,1774290935000,17.33,17.33,11618,9068.0,1774290555000,17.23,17.25,12206,1425.0,17.26,17.33,17.23,17.33,1774290935000,17.33,17.33,11618,9068.0,1774290555000,17.23,17.25,12206,1425.0,2948
1774290940000,1774290940000,17.29,17.34,17.23,17.33,1774290940000,17.32,17.33,5090,0.0,1774290555000,17.23,17.25,12206,1425.0,17.26,17.34,17.23,17.33,1774290940000,17.32,17.33,5090,0.0,1774290555000,17.23,17.25,12206,1425.0,2949
1774290945000,1774290945000,17.29,17.34,17.23,17.32,1774290940000,17.32,17.33,5090,0.0,1774290555000,17.23,17.25,12206,1425.0,17.26,17.34,17.23,17.32,1774290940000,17.32,17.33,5090,0.0,1774290555000,17.23,17.25,12206,1425.0,2950
1774290950000,1774290950000,17.29,17.34,17.23,17.32,1774290940000,17.32,17.33,5090,0.0,1774290555000,17.23,17.25,12206,1425.0,17.26,17.34,17.23,17.32,1774290940000,17.32,17.33,5090,0.0,1774290555000,17.23,17.25,12206,1425.0,2951
1774290955000,1774290955000,17.29,17.34,17.23,17.32,1774290940000,17.32,17.33,5090,0.0,1774290555000,17.23,17.25,12206,1425.0,17.26,17.34,17.23,17.32,1774290940000,17.32,17.33,5090,0.0,1774290555000,17.23,17.25,12206,1425.0,2952
1774290960000,1774290960000,17.29,17.34,17.23,17.32,1774290940000,17.32,17.33,5090,0.0,1774290555000,17.23,17.25,12206,1425.0,17.26,17.34,17.23,17.32,1774290940000,17.32,17.33,5090,0.0,1774290555000,17.23,17.25,12206,1425.0,2953
1774290965000,1774290965000,17.29,17.34,17.23,17.33,1774290940000,17.32,17.33,5090,0.0,1774290555000,17.23,17.25,12206,1425.0,17.26,17.34,17.23,17.33,1774290940000,17.32,17.33,5090,0.0,1774290555000,17.23,17.25,12206,1425.0,2954
1774290970000,1774290970000,17.29,17.34,17.23,17.33,1774290940000,17.32,17.33,5090,0.0,1774290555000,17.23,17.25,12206,1425.0,17.26,17.34,17.23,17.33,1774290940000,17.32,17.33,5090,0.0,1774290555000,17.23,17.25,12206,1425.0,2955
1774290975000,1774290975000,17.29,17.34,17.23,17.34,1774290975000,17.33,17.34,6586,6069.5,1774290555000,17.23,17.25,12206,1425.0,17.27,17.34,17.23,17.34,1774290975000,17.33,17.34,6586,6069.5,1774290555000,17.23,17.25,12206,1425.0,2956
1774290980000,1774290980000,17.29,17.34,17.23,17.34,1774290980000,17.34,17.34,0,0.0,1774290555000,17.23,17.25,12206,1425.0,17.27,17.34,17.23,17.34,1774290980000,17.34,17.34,0,0.0,1774290555000,17.23,17.25,12206,1425.0,2957
1774290985000,1774290985000,17.29,17.34,17.23,17.33,1774290985000,17.33,17.33,6700,6700.0,1774290555000,17.23,17.25,12206,1425.0,17.27,17.34,17.23,17.33,1774290985000,17.33,17.33,6700,6700.0,1774290555000,17.23,17.25,12206,1425.0,2958
1774290990000,1774290990000,17.29,17.34,17.23,17.34,1774290990000,17.34,17.34,5188,1838.0,1774290555000,17.23,17.25,12206,1425.0,17.27,17.34,17.23,17.34,1774290990000,17.34,17.34,5188,1838.0,1774290555000,17.23,17.25,12206,1425.0,2959
1774290995000,1774290995000,17.29,17.34,17.23,17.34,1774290995000,17.34,17.34,1131,0.0,1774290555000,17.23,17.25,12206,1425.0,17.27,17.34,17.23,17.34,1774290995000,17.34,17.34,1131,0.0,1774290555000,17.23,17.25,12206,1425.0,2960
1774291000000,1774291000000,17.29,17.34,17.23,17.34,1774291000000,17.34,17.34,600,34.5,1774290555000,17.23,17.25,12206,1425.0,17.27,17.34,17.23,17.34,1774291000000,17.34,17.34,600,34.5,1774290555000,17.23,17.25,12206,1425.0,2961
1774291005000,1774291005000,17.29,17.34,17.23,17.34,1774291005000,17.33,17.34,1920,1620.0,1774290555000,17.23,17.25,12206,1425.0,17.27,17.34,17.23,17.34,1774291005000,17.33,17.34,1920,1620.0,1774290555000,17.23,17.25,12206,1425.0,2962
1774291010000,1774291010000,17.29,17.34,17.23,17.34,1774291010000,17.33,17.34,771,0.0,1774290555000,17.23,17.25,12206,1425.0,17.27,17.34,17.23,17.34,1774291010000,17.33,17.34,771,0.0,1774290555000,17.23,17.25,12206,1425.0,2963
1774291015000,1774291015000,17.29,17.34,17.23,17.34,1774291015000,17.33,17.34,1769,1383.5,1774290555000,17.23,17.25,12206,1425.0,17.27,17.34,17.23,17.34,1774291015000,17.33,17.34,1769,1383.5,1774290555000,17.23,17.25,12206,1425.0,2964
1774291020000,1774291020000,17.29,17.34,17.23,17.34,1774291020000,17.34,17.34,1148,263.5,1774290555000,17.23,17.25,12206,1425.0,17.27,17.34,17.23,17.34,1774291020000,17.34,17.34,1148,263.5,1774290555000,17.23,17.25,12206,1425.0,2965
1774291025000,1774291025000,17.29,17.34,17.23,17.34,1774291025000,17.34,17.34,355,0.0,1774290555000,17.23,17.25,12206,1425.0,17.27,17.34,17.23,17.34,1774291025000,17.34,17.34,355,0.0,1774290555000,17.23,17.25,12206,1425.0,2966
1774291030000,1774291030000,17.29,17.34,17.23,17.33,1774291030000,17.34,17.33,600,422.5,1774290555000,17.23,17.25,12206,1425.0,17.27,17.34,17.23,17.33,1774291030000,17.34,17.33,600,422.5,1774290555000,17.23,17.25,12206,1425.0,2967
1774291035000,1774291035000,17.29,17.34,17.23,17.34,1774291035000,17.34,17.34,10377,10077.0,1774290555000,17.23,17.25,12206,1425.0,17.27,17.34,17.23,17.34,1774291035000,17.34,17.34,10377,10077.0,1774290555000,17.23,17.25,12206,1425.0,2968
1774291040000,1774291040000,17.29,17.35,17.23,17.35,1774291040000,17.35,17.35,835,0.0,1774290555000,17.23,17.25,12206,1425.0,17.27,17.35,17.23,17.35,1774291040000,17.35,17.35,835,0.0,1774290555000,17.23,17.25,12206,1425.0,2969
1774291045000,1774291045000,17.29,17.35,17.23,17.35,1774291045000,17.34,17.35,4500,4082.5,1774290555000,17.23,17.25,12206,1425.0,17.27,17.35,17.23,17.35,1774291045000,17.34,17.35,4500,4082.5,1774290555000,17.23,17.25,12206,1425.0,2970
1774291050000,1774291050000,17.29,17.35,17.23,17.34,1774291050000,17.35,17.34,3138,888.0,1774290555000,17.23,17.25,12206,1425.0,17.26,17.35,17.23,17.34,1774291050000,17.35,17.34,3138,888.0,1774290555000,17.23,17.25,12206,1425.0,2971
1774291055000,1774291055000,17.29,17.35,17.23,17.34,1774291050000,17.35,17.34,3138,188.0,1774290555000,17.23,17.25,12206,1425.0,17.26,17.35,17.23,17.34,1774291050000,17.35,17.34,3138,188.0,1774290555000,17.23,17.25,12206,1425.0,2972
1774291060000,1774291060000,17.29,17.35,17.23,17.35,1774291060000,17.34,17.35,2200,1500.0,1774290555000,17.23,17.25,12206,1425.0,17.26,17.35,17.23,17.35,1774291060000,17.34,17.35,2200,1500.0,1774290555000,17.23,17.25,12206,1425.0,2973
1774291065000,1774291065000,17.29,17.35,17.23,17.35,1774291065000,17.35,17.35,3131,2031.0,1774290555000,17.23,17.25,12206,1425.0,17.26,17.35,17.23,17.35,1774291065000,17.35,17.35,3131,2031.0,1774290555000,17.23,17.25,12206,1425.0,2974
1774291070000,1774291070000,17.29,17.35,17.23,17.34,1774291065000,17.35,17.35,3131,1868.5,1774290555000,17.23,17.25,12206,1425.0,17.26,17.35,17.23,17.34,1774291065000,17.35,17.35,3131,1868.5,1774290555000,17.23,17.25,12206,1425.0,2975
1774291075000,1774291075000,17.29,17.35,17.23,17.34,1774291065000,17.35,17.35,3131,1868.5,1774290555000,17.23,17.25,12206,1425.0,17.26,17.35,17.23,17.34,1774291065000,17.35,17.35,3131,1868.5,1774290555000,17.23,17.25,12206,1425.0,2976
1774291080000,1774291080000,17.29,17.35,17.23,17.33,1774291065000,17.35,17.35,3131,1868.5,1774290555000,17.23,17.25,12206,1425.0,17.26,17.35,17.23,17.33,1774291065000,17.35,17.35,3131,1868.5,1774290555000,17.23,17.25,12206,1425.0,2977
1774291085000,1774291085000,17.25,17.35,17.23,17.32,1774291065000,17.35,17.35,3131,1868.5,1774290555000,17.23,17.25,12206,1425.0,17.26,17.35,17.23,17.32,1774291065000,17.35,17.35,3131,1868.5,1774290555000,17.23,17.25,12206,1425.0,2978
1774291090000,1774291090000,17.25,17.35,17.23,17.32,1774291065000,17.35,17.35,3131,1868.5,1774290555000,17.23,17.25,12206,1425.0,17.26,17.35,17.23,17.32,1774291065000,17.35,17.35,3131,1868.5,1774290555000,17.23,17.25,12206,1425.0,2979
1774291095000,1774291095000,17.25,17.35,17.23,17.32,1774291065000,17.35,17.35,3131,1868.5,1774290555000,17.23,17.25,12206,1425.0,17.26,17.35,17.23,17.32,1774291065000,17.35,17.35,3131,1868.5,1774290555000,17.23,17.25,12206,1425.0,2980
1774291100000,1774291100000,17.25,17.35,17.23,17.32,1774291065000,17.35,17.35,3131,1868.5,1774290555000,17.23,17.25,12206,1425.0,17.26,17.35,17.23,17.32,1774291065000,17.35,17.35,3131,1868.5,1774290555000,17.23,17.25,12206,1425.0,2981
1774291105000,1774291105000,17.25,17.35,17.23,17.34,1774291065000,17.35,17.35,3131,1868.5,1774290555000,17.23,17.25,12206,1425.0,17.26,17.35,17.23,17.34,1774291065000,17.35,17.35,3131,1868.5,1774290555000,17.23,17.25,12206,1425.0,2982
1774291110000,1774291110000,17.26,17.35,17.23,17.32,1774291065000,17.35,17.35,3131,1868.5,1774290555000,17.23,17.25,12206,1425.0,17.26,17.35,17.23,17.32,1774291065000,17.35,17.35,3131,1868.5,1774290555000,17.23,17.25,12206,1425.0,2983
1774291115000,1774291115000,17.27,17.35,17.23,17.32,1774291065000,17.35,17.35,3131,1868.5,1774290555000,17.23,17.25,12206,1425.0,17.26,17.35,17.23,17.32,1774291065000,17.35,17.35,3131,1868.5,1774290555000,17.23,17.25,12206,1425.0,2984
1774291120000,1774291120000,17.27,17.35,17.23,17.32,1774291065000,17.35,17.35,3131,1868.5,1774290555000,17.23,17.25,12206,1425.0,17.26,17.35,17.23,17.32,1774291065000,17.35,17.35,3131,1868.5,1774290555000,17.23,17.25,12206,1425.0,2985
1774291125000,1774291125000,17.27,17.35,17.23,17.32,1774291065000,17.35,17.35,3131,1868.5,1774290555000,17.23,17.25,12206,1425.0,17.26,17.35,17.23,17.32,1774291065000,17.35,17.35,3131,1868.5,1774290555000,17.23,17.25,12206,1425.0,2986
1774291130000,1774291130000,17.27,17.35,17.23,17.32,1774291065000,17.35,17.35,3131,1868.5,1774290555000,17.23,17.25,12206,1425.0,17.26,17.35,17.23,17.32,1774291065000,17.35,17.35,3131,1868.5,1774290555000,17.23,17.25,12206,1425.0,2987
1774291135000,1774291135000,17.27,17.35,17.23,17.32,1774291065000,17.35,17.35,3131,1868.5,1774290555000,17.23,17.25,12206,1425.0,17.26,17.35,17.23,17.32,1774291065000,17.35,17.35,3131,1868.5,1774290555000,17.23,17.25,12206,1425.0,2988
1774291140000,1774291140000,17.27,17.35,17.23,17.32,1774291065000,17.35,17.35,3131,1868.5,1774290555000,17.23,17.25,12206,1425.0,17.26,17.35,17.23,17.32,1774291065000,17.35,17.35,3131,1868.5,1774290555000,17.23,17.25,12206,1425.0,2989
1774291145000,1774291145000,17.27,17.35,17.23,17.32,1774291065000,17.35,17.35,3131,1868.5,1774290555000,17.23,17.25,12206,1425.0,17.26,17.35,17.23,17.32,1774291065000,17.35,17.35,3131,1868.5,1774290555000,17.23,17.25,12206,1425.0,2990
1774291150000,1774291150000,17.27,17.35,17.23,17.31,1774291065000,17.35,17.35,3131,1868.5,1774290555000,17.23,17.25,12206,1425.0,17.29,17.35,17.23,17.31,1774291065000,17.35,17.35,3131,1868.5,1774290555000,17.23,17.25,12206,1425.0,2991
1774291155000,1774291155000,17.24,17.35,17.23,17.29,1774291065000,17.35,17.35,3131,1868.5,1774290555000,17.23,17.25,12206,1425.0,17.29,17.35,17.23,17.29,1774291065000,17.35,17.35,3131,1868.5,1774290555000,17.23,17.25,12206,1425.0,2992
1774291160000,1774291160000,17.25,17.35,17.24,17.28,1774291065000,17.35,17.35,3131,1868.5,1774290595000,17.25,17.24,5702,1237.0,17.29,17.35,17.23,17.28,1774291065000,17.35,17.35,3131,1868.5,1774290555000,17.23,17.25,12206,1425.0,2993
1774291165000,1774291165000,17.25,17.35,17.24,17.3,1774291065000,17.35,17.35,3131,1868.5,1774290595000,17.25,17.24,5702,1237.0,17.29,17.35,17.23,17.3,1774291065000,17.35,17.35,3131,1868.5,1774290555000,17.23,17.25,12206,1425.0,2994
1774291170000,1774291170000,17.25,17.35,17.24,17.3,1774291065000,17.35,17.35,3131,1868.5,1774290595000,17.25,17.24,5702,1237.0,17.29,17.35,17.23,17.3,1774291065000,17.35,17.35,3131,1868.5,1774290555000,17.23,17.25,12206,1425.0,2995
1774291175000,1774291175000,17.25,17.35,17.24,17.3,1774291065000,17.35,17.35,3131,1868.5,1774290595000,17.25,17.24,5702,1237.0,17.29,17.35,17.23,17.3,1774291065000,17.35,17.35,3131,1868.5,1774290555000,17.23,17.25,12206,1425.0,2996
1774291180000,1774291180000,17.25,17.35,17.24,17.3,1774291065000,17.35,17.35,3131,1868.5,1774290595000,17.25,17.24,5702,1237.0,17.29,17.35,17.23,17.3,1774291065000,17.35,17.35,3131,1868.5,1774290555000,17.23,17.25,12206,1425.0,2997
1774291185000,1774291185000,17.25,17.35,17.25,17.31,1774291065000,17.35,17.35,3131,1868.5,1774290765000,17.26,17.27,12238,8400.0,17.29,17.35,17.23,17.31,1774291065000,17.35,17.35,3131,1868.5,1774290555000,17.23,17.25,12206,1425.0,2998
1774291190000,1774291190000,17.26,17.35,17.25,17.32,1774291065000,17.35,17.35,3131,1868.5,1774290765000,17.26,17.27,12238,8400.0,17.29,17.35,17.23,17.32,1774291065000,17.35,17.35,3131,1868.5,1774290555000,17.23,17.25,12206,1425.0,2999
1774291195000,1774291195000,17.26,17.35,17.25,17.32,1774291065000,17.35,17.35,3131,1868.5,1774290765000,17.26,17.27,12238,8400.0,17.29,17.35,17.23,17.32,1774291065000,17.35,17.35,3131,1868.5,1774290555000,17.23,17.25,12206,1425.0,3000
1774291200000,1774291200000,17.26,17.35,17.25,17.3,1774291065000,17.35,17.35,3131,1868.5,1774290765000,17.26,17.27,12238,8400.0,17.29,17.35,17.23,17.3,1774291065000,17.35,17.35,3131,1868.5,1774290555000,17.23,17.25,12206,1425.0,3001
1774291205000,1774291205000,17.26,17.35,17.25,17.3,1774291065000,17.35,17.35,3131,1868.5,1774290765000,17.26,17.27,12238,8400.0,17.29,17.35,17.23,17.3,1774291065000,17.35,17.35,3131,1868.5,1774290555000,17.23,17.25,12206,1425.0,3002
1774291210000,1774291210000,17.27,17.35,17.25,17.32,1774291065000,17.35,17.35,3131,1868.5,1774290765000,17.26,17.27,12238,8400.0,17.29,17.35,17.23,17.32,1774291065000,17.35,17.35,3131,1868.5,1774290555000,17.23,17.25,12206,1425.0,3003
1774291215000,1774291215000,17.27,17.35,17.25,17.33,1774291065000,17.35,17.35,3131,1868.5,1774290765000,17.26,17.27,12238,8400.0,17.29,17.35,17.23,17.33,1774291065000,17.35,17.35,3131,1868.5,1774290555000,17.23,17.25,12206,1425.0,3004
1774291220000,1774291220000,17.27,17.35,17.25,17.32,1774291065000,17.35,17.35,3131,1868.5,1774290765000,17.26,17.27,12238,8400.0,17.29,17.35,17.23,17.32,1774291065000,17.35,17.35,3131,1868.5,1774290555000,17.23,17.25,12206,1425.0,3005
1774291225000,1774291225000,17.27,17.35,17.25,17.32,1774291065000,17.35,17.35,3131,1868.5,1774290765000,17.26,17.27,12238,8400.0,17.29,17.35,17.23,17.32,1774291065000,17.35,17.35,3131,1868.5,1774290555000,17.23,17.25,12206,1425.0,3006
1774291230000,1774291230000,17.27,17.35,17.25,17.33,1774291065000,17.35,17.35,3131,1868.5,1774290765000,17.26,17.27,12238,8400.0,17.29,17.35,17.23,17.33,1774291065000,17.35,17.35,3131,1868.5,1774290555000,17.23,17.25,12206,1425.0,3007
1774291235000,1774291235000,17.27,17.35,17.25,17.33,1774291065000,17.35,17.35,3131,1868.5,1774290765000,17.26,17.27,12238,8400.0,17.29,17.35,17.23,17.33,1774291065000,17.35,17.35,3131,1868.5,1774290555000,17.23,17.25,12206,1425.0,3008
1774291240000,1774291240000,17.27,17.35,17.25,17.34,1774291065000,17.35,17.35,3131,1868.5,1774290765000,17.26,17.27,12238,8400.0,17.29,17.35,17.23,17.34,1774291065000,17.35,17.35,3131,1868.5,1774290555000,17.23,17.25,12206,1425.0,3009
1774291245000,1774291245000,17.27,17.35,17.25,17.33,1774291065000,17.35,17.35,3131,1868.5,1774290765000,17.26,17.27,12238,8400.0,17.29,17.35,17.23,17.33,1774291065000,17.35,17.35,3131,1868.5,1774290555000,17.23,17.25,12206,1425.0,3010
1774291250000,1774291250000,17.27,17.35,17.25,17.33,1774291065000,17.35,17.35,3131,1868.5,1774290765000,17.26,17.27,12238,8400.0,17.29,17.35,17.23,17.33,1774291065000,17.35,17.35,3131,1868.5,1774290555000,17.23,17.25,12206,1425.0,3011
1774291255000,1774291255000,17.28,17.35,17.25,17.32,1774291065000,17.35,17.35,3131,1868.5,1774290765000,17.26,17.27,12238,8400.0,17.29,17.35,17.23,17.32,1774291065000,17.35,17.35,3131,1868.5,1774290555000,17.23,17.25,12206,1425.0,3012
1774291260000,1774291260000,17.29,17.35,17.25,17.3,1774291065000,17.35,17.35,3131,1868.5,1774290765000,17.26,17.27,12238,8400.0,17.29,17.35,17.23,17.3,1774291065000,17.35,17.35,3131,1868.5,1774290555000,17.23,17.25,12206,1425.0,3013
1774291265000,1774291265000,17.29,17.35,17.25,17.3,1774291065000,17.35,17.35,3131,1868.5,1774290765000,17.26,17.27,12238,8400.0,17.29,17.35,17.23,17.3,1774291065000,17.35,17.35,3131,1868.5,1774290555000,17.23,17.25,12206,1425.0,3014
1774291270000,1774291270000,17.27,17.35,17.25,17.3,1774291065000,17.35,17.35,3131,1868.5,1774290765000,17.26,17.27,12238,8400.0,17.29,17.35,17.23,17.3,1774291065000,17.35,17.35,3131,1868.5,1774290555000,17.23,17.25,12206,1425.0,3015
1774291275000,1774291275000,17.26,17.35,17.25,17.3,1774291065000,17.35,17.35,3131,1868.5,1774290765000,17.26,17.27,12238,8400.0,17.29,17.35,17.23,17.3,1774291065000,17.35,17.35,3131,1868.5,1774290555000,17.23,17.25,12206,1425.0,3016
1774291280000,1774291280000,17.27,17.35,17.25,17.3,1774291065000,17.35,17.35,3131,1868.5,1774290765000,17.26,17.27,12238,8400.0,17.29,17.35,17.23,17.3,1774291065000,17.35,17.35,3131,1868.5,1774290555000,17.23,17.25,12206,1425.0,3017
1774291285000,1774291285000,17.27,17.35,17.25,17.3,1774291065000,17.35,17.35,3131,1868.5,1774290765000,17.26,17.27,12238,8400.0,17.29,17.35,17.23,17.3,1774291065000,17.35,17.35,3131,1868.5,1774290555000,17.23,17.25,12206,1425.0,3018
1774291290000,1774291290000,17.27,17.35,17.25,17.3,1774291065000,17.35,17.35,3131,1868.5,1774290765000,17.26,17.27,12238,8400.0,17.29,17.35,17.23,17.3,1774291065000,17.35,17.35,3131,1868.5,1774290555000,17.23,17.25,12206,1425.0,3019
1774291295000,1774291295000,17.27,17.35,17.25,17.3,1774291065000,17.35,17.35,3131,1868.5,1774290765000,17.26,17.27,12238,8400.0,17.29,17.35,17.23,17.3,1774291065000,17.35,17.35,3131,1868.5,1774290555000,17.23,17.25,12206,1425.0,3020
1774291300000,1774291300000,17.27,17.35,17.25,17.3,1774291065000,17.35,17.35,3131,1868.5,1774290765000,17.26,17.27,12238,8400.0,17.29,17.35,17.23,17.3,1774291065000,17.35,17.35,3131,1868.5,1774290555000,17.23,17.25,12206,1425.0,3021
1774291305000,1774291305000,17.28,17.35,17.25,17.3,1774291065000,17.35,17.35,3131,1868.5,1774290765000,17.26,17.27,12238,8400.0,17.29,17.35,17.23,17.3,1774291065000,17.35,17.35,3131,1868.5,1774290555000,17.23,17.25,12206,1425.0,3022
1774291310000,1774291310000,17.28,17.35,17.25,17.29,1774291065000,17.35,17.35,3131,1868.5,1774290765000,17.26,17.27,12238,8400.0,17.29,17.35,17.23,17.29,1774291065000,17.35,17.35,3131,1868.5,1774290555000,17.23,17.25,12206,1425.0,3023
1774291315000,1774291315000,17.29,17.35,17.25,17.29,1774291065000,17.35,17.35,3131,1868.5,1774290765000,17.26,17.27,12238,8400.0,17.29,17.35,17.23,17.29,1774291065000,17.35,17.35,3131,1868.5,1774290555000,17.23,17.25,12206,1425.0,3024
1774291320000,1774291320000,17.29,17.35,17.25,17.29,1774291065000,17.35,17.35,3131,1868.5,1774290765000,17.26,17.27,12238,8400.0,17.29,17.35,17.23,17.29,1774291065000,17.35,17.35,3131,1868.5,1774290555000,17.23,17.25,12206,1425.0,3025
1774291325000,1774291325000,17.28,17.35,17.25,17.29,1774291065000,17.35,17.35,3131,1868.5,1774290765000,17.26,17.27,12238,8400.0,17.29,17.35,17.23,17.29,1774291065000,17.35,17.35,3131,1868.5,1774290555000,17.23,17.25,12206,1425.0,3026
1774291330000,1774291330000,17.27,17.35,17.25,17.3,1774291065000,17.35,17.35,3131,1868.5,1774290765000,17.26,17.27,12238,8400.0,17.29,17.35,17.23,17.3,1774291065000,17.35,17.35,3131,1868.5,1774290555000,17.23,17.25,12206,1425.0,3027
1774291335000,1774291335000,17.27,17.35,17.25,17.3,1774291065000,17.35,17.35,3131,1868.5,1774290765000,17.26,17.27,12238,8400.0,17.29,17.35,17.23,17.3,1774291065000,17.35,17.35,3131,1868.5,1774290555000,17.23,17.25,12206,1425.0,3028
1774291340000,1774291340000,17.27,17.35,17.25,17.3,1774291065000,17.35,17.35,3131,1868.5,1774290765000,17.26,17.27,12238,8400.0,17.29,17.35,17.23,17.3,1774291065000,17.35,17.35,3131,1868.5,1774290555000,17.23,17.25,12206,1425.0,3029
1774291345000,1774291345000,17.26,17.35,17.25,17.3,1774291065000,17.35,17.35,3131,1868.5,1774290765000,17.26,17.27,12238,8400.0,17.29,17.35,17.23,17.3,1774291065000,17.35,17.35,3131,1868.5,1774290555000,17.23,17.25,12206,1425.0,3030
1774291350000,1774291350000,17.26,17.35,17.25,17.29,1774291065000,17.35,17.35,3131,1868.5,1774290765000,17.26,17.27,12238,8400.0,17.29,17.35,17.23,17.29,1774291065000,17.35,17.35,3131,1868.5,1774290555000,17.23,17.25,12206,1425.0,3031
1774291355000,1774291355000,17.27,17.35,17.26,17.29,1774291065000,17.35,17.35,3131,1868.5,1774290860000,17.27,17.27,16764,4649.0,17.29,17.35,17.23,17.29,1774291065000,17.35,17.35,3131,1868.5,1774290555000,17.23,17.25,12206,1425.0,3032
1774291360000,1774291360000,17.28,17.35,17.26,17.3,1774291065000,17.35,17.35,3131,1868.5,1774290860000,17.27,17.27,16764,4649.0,17.29,17.35,17.23,17.3,1774291065000,17.35,17.35,3131,1868.5,1774290555000,17.23,17.25,12206,1425.0,3033
1774291365000,1774291365000,17.28,17.35,17.26,17.3,1774291065000,17.35,17.35,3131,1868.5,1774290860000,17.27,17.27,16764,4649.0,17.29,17.35,17.23,17.3,1774291065000,17.35,17.35,3131,1868.5,1774290555000,17.23,17.25,12206,1425.0,3034
1774291370000,1774291370000,17.28,17.35,17.26,17.3,1774291065000,17.35,17.35,3131,1868.5,1774290860000,17.27,17.27,16764,4649.0,17.29,17.35,17.23,17.3,1774291065000,17.35,17.35,3131,1868.5,1774290555000,17.23,17.25,12206,1425.0,3035
1774291375000,1774291375000,17.28,17.35,17.26,17.3,1774291065000,17.35,17.35,3131,1868.5,1774290860000,17.27,17.27,16764,4649.0,17.29,17.35,17.23,17.3,1774291065000,17.35,17.35,3131,1868.5,1774290555000,17.23,17.25,12206,1425.0,3036
1774291380000,1774291380000,17.28,17.35,17.26,17.3,1774291065000,17.35,17.35,3131,1868.5,1774290860000,17.27,17.27,16764,4649.0,17.29,17.35,17.23,17.3,1774291065000,17.35,17.35,3131,1868.5,1774290555000,17.23,17.25,12206,1425.0,3037
1774291385000,1774291385000,17.29,17.35,17.26,17.3,1774291065000,17.35,17.35,3131,1868.5,1774290860000,17.27,17.27,16764,4649.0,17.29,17.35,17.23,17.3,1774291065000,17.35,17.35,3131,1868.5,1774290555000,17.23,17.25,12206,1425.0,3038
1774291390000,1774291390000,17.29,17.35,17.26,17.3,1774291065000,17.35,17.35,3131,1868.5,1774290860000,17.27,17.27,16764,4649.0,17.29,17.35,17.23,17.3,1774291065000,17.35,17.35,3131,1868.5,1774290555000,17.23,17.25,12206,1425.0,3039
1774291395000,1774291395000,17.29,17.35,17.26,17.3,1774291065000,17.35,17.35,3131,1868.5,1774290860000,17.27,17.27,16764,4649.0,17.29,17.35,17.23,17.3,1774291065000,17.35,17.35,3131,1868.5,1774290555000,17.23,17.25,12206,1425.0,3040
1774291400000,1774291400000,17.29,17.35,17.26,17.3,1774291065000,17.35,17.35,3131,1868.5,1774290860000,17.27,17.27,16764,4649.0,17.29,17.35,17.23,17.3,1774291065000,17.35,17.35,3131,1868.5,1774290555000,17.23,17.25,12206,1425.0,3041
1774291405000,1774291405000,17.3,17.35,17.26,17.31,1774291065000,17.35,17.35,3131,1868.5,1774290860000,17.27,17.27,16764,4649.0,17.29,17.35,17.23,17.31,1774291065000,17.35,17.35,3131,1868.5,1774290555000,17.23,17.25,12206,1425.0,3042
1774291410000,1774291410000,17.3,17.35,17.26,17.31,1774291065000,17.35,17.35,3131,1868.5,1774290860000,17.27,17.27,16764,4649.0,17.29,17.35,17.23,17.31,1774291065000,17.35,17.35,3131,1868.5,1774290555000,17.23,17.25,12206,1425.0,3043
1774291415000,1774291415000,17.3,17.35,17.26,17.3,1774291065000,17.35,17.35,3131,1868.5,1774290860000,17.27,17.27,16764,4649.0,17.29,17.35,17.23,17.3,1774291065000,17.35,17.35,3131,1868.5,1774290555000,17.23,17.25,12206,1425.0,3044
1774291420000,1774291420000,17.3,17.35,17.26,17.3,1774291065000,17.35,17.35,3131,1868.5,1774290860000,17.27,17.27,16764,4649.0,17.29,17.35,17.23,17.3,1774291065000,17.35,17.35,3131,1868.5,1774290555000,17.23,17.25,12206,1425.0,3045
1774291425000,1774291425000,17.3,17.35,17.26,17.3,1774291065000,17.35,17.35,3131,1868.5,1774290860000,17.27,17.27,16764,4649.0,17.29,17.35,17.23,17.3,1774291065000,17.35,17.35,3131,1868.5,1774290555000,17.23,17.25,12206,1425.0,3046
1774291430000,1774291430000,17.3,17.35,17.26,17.3,1774291065000,17.35,17.35,3131,1868.5,1774290860000,17.27,17.27,16764,4649.0,17.29,17.35,17.23,17.3,1774291065000,17.35,17.35,3131,1868.5,1774290555000,17.23,17.25,12206,1425.0,3047
1774291435000,1774291435000,17.3,17.35,17.26,17.3,1774291065000,17.35,17.35,3131,1868.5,1774290860000,17.27,17.27,16764,4649.0,17.29,17.35,17.23,17.3,1774291065000,17.35,17.35,3131,1868.5,1774290555000,17.23,17.25,12206,1425.0,3048
1774291440000,1774291440000,17.3,17.35,17.26,17.3,1774291065000,17.35,17.35,3131,1868.5,1774290860000,17.27,17.27,16764,4649.0,17.29,17.35,17.23,17.3,1774291065000,17.35,17.35,3131,1868.5,1774290555000,17.23,17.25,12206,1425.0,3049
1774291445000,1774291445000,17.3,17.35,17.26,17.3,1774291065000,17.35,17.35,3131,1868.5,1774290860000,17.27,17.27,16764,4649.0,17.29,17.35,17.23,17.3,1774291065000,17.35,17.35,3131,1868.5,1774290555000,17.23,17.25,12206,1425.0,3050
1774291450000,1774291450000,17.3,17.35,17.26,17.29,1774291065000,17.35,17.35,3131,1868.5,1774290860000,17.27,17.27,16764,4649.0,17.29,17.35,17.23,17.29,1774291065000,17.35,17.35,3131,1868.5,1774290555000,17.23,17.25,12206,1425.0,3051
1774291455000,1774291455000,17.3,17.35,17.26,17.29,1774291065000,17.35,17.35,3131,1868.5,1774290860000,17.27,17.27,16764,4649.0,17.29,17.35,17.23,17.29,1774291065000,17.35,17.35,3131,1868.5,1774290555000,17.23,17.25,12206,1425.0,3052
1774291460000,1774291460000,17.3,17.35,17.26,17.28,1774291065000,17.35,17.35,3131,1868.5,1774290860000,17.27,17.27,16764,4649.0,17.29,17.35,17.23,17.28,1774291065000,17.35,17.35,3131,1868.5,1774290555000,17.23,17.25,12206,1425.0,3053
1774291465000,1774291465000,17.3,17.35,17.26,17.28,1774291065000,17.35,17.35,3131,1868.5,1774290860000,17.27,17.27,16764,4649.0,17.29,17.35,17.23,17.28,1774291065000,17.35,17.35,3131,1868.5,1774290555000,17.23,17.25,12206,1425.0,3054
1774291470000,1774291470000,17.29,17.35,17.26,17.28,1774291065000,17.35,17.35,3131,1868.5,1774290860000,17.27,17.27,16764,4649.0,17.29,17.35,17.23,17.28,1774291065000,17.35,17.35,3131,1868.5,1774290555000,17.23,17.25,12206,1425.0,3055
1774291475000,1774291475000,17.29,17.35,17.26,17.28,1774291065000,17.35,17.35,3131,1868.5,1774290860000,17.27,17.27,16764,4649.0,17.29,17.35,17.23,17.28,1774291065000,17.35,17.35,3131,1868.5,1774290555000,17.23,17.25,12206,1425.0,3056
1774291480000,1774291480000,17.29,17.35,17.26,17.28,1774291065000,17.35,17.35,3131,1868.5,1774290860000,17.27,17.27,16764,4649.0,17.29,17.35,17.23,17.28,1774291065000,17.35,17.35,3131,1868.5,1774290555000,17.23,17.25,12206,1425.0,3057
1774291485000,1774291485000,17.27,17.35,17.26,17.29,1774291065000,17.35,17.35,3131,1868.5,1774290860000,17.27,17.27,16764,4649.0,17.29,17.35,17.23,17.29,1774291065000,17.35,17.35,3131,1868.5,1774290555000,17.23,17.25,12206,1425.0,3058
1774291490000,1774291490000,17.27,17.35,17.26,17.29,1774291065000,17.35,17.35,3131,1868.5,1774290860000,17.27,17.27,16764,4649.0,17.29,17.35,17.23,17.29,1774291065000,17.35,17.35,3131,1868.5,1774290555000,17.23,17.25,12206,1425.0,3059
1774291495000,1774291495000,17.27,17.35,17.27,17.29,1774291065000,17.35,17.35,3131,1868.5,1774291475000,17.28,17.28,5735,1900.5,17.29,17.35,17.23,17.29,1774291065000,17.35,17.35,3131,1868.5,1774290555000,17.23,17.25,12206,1425.0,3060
1774291500000,1774291500000,17.28,17.35,17.27,17.29,1774291065000,17.35,17.35,3131,1868.5,1774291475000,17.28,17.28,5735,1900.5,17.29,17.35,17.23,17.29,1774291065000,17.35,17.35,3131,1868.5,1774290555000,17.23,17.25,12206,1425.0,3061
1774291505000,1774291505000,17.28,17.35,17.27,17.29,1774291065000,17.35,17.35,3131,1868.5,1774291475000,17.28,17.28,5735,1900.5,17.29,17.35,17.23,17.29,1774291065000,17.35,17.35,3131,1868.5,1774290555000,17.23,17.25,12206,1425.0,3062
1774291510000,1774291510000,17.29,17.35,17.27,17.28,1774291065000,17.35,17.35,3131,1868.5,1774291510000,17.28,17.28,10873,10773.0,17.31,17.35,17.23,17.28,1774291065000,17.35,17.35,3131,1868.5,1774290555000,17.23,17.25,12206,1425.0,3063
1774291515000,1774291515000,17.29,17.35,17.27,17.29,1774291065000,17.35,17.35,3131,1868.5,1774291510000,17.28,17.28,10873,10723.0,17.31,17.35,17.23,17.29,1774291065000,17.35,17.35,3131,1868.5,1774290555000,17.23,17.25,12206,1425.0,3064
1774291520000,1774291520000,17.3,17.35,17.27,17.28,1774291065000,17.35,17.35,3131,1868.5,1774291520000,17.29,17.28,12809,12759.0,17.31,17.35,17.23,17.28,1774291065000,17.35,17.35,3131,1868.5,1774290555000,17.23,17.25,12206,1425.0,3065
1774291525000,1774291525000,17.3,17.35,17.27,17.28,1774291065000,17.35,17.35,3131,1868.5,1774291525000,17.28,17.28,1700,0.0,17.31,17.35,17.23,17.28,1774291065000,17.35,17.35,3131,1868.5,1774290555000,17.23,17.25,12206,1425.0,3066
1774291530000,1774291530000,17.3,17.35,17.27,17.27,1774291065000,17.35,17.35,3131,1868.5,1774291530000,17.27,17.27,147,0.0,17.31,17.35,17.23,17.27,1774291065000,17.35,17.35,3131,1868.5,1774290555000,17.23,17.25,12206,1425.0,3067
1774291535000,1774291535000,17.31,17.35,17.27,17.28,1774291065000,17.35,17.35,3131,1868.5,1774291530000,17.27,17.27,147,0.0,17.3,17.35,17.23,17.28,1774291065000,17.35,17.35,3131,1868.5,1774290555000,17.23,17.25,12206,1425.0,3068
1774291540000,1774291540000,17.32,17.35,17.27,17.29,1774291065000,17.35,17.35,3131,1868.5,1774291530000,17.27,17.27,147,0.0,17.29,17.35,17.23,17.29,1774291065000,17.35,17.35,3131,1868.5,1774290555000,17.23,17.25,12206,1425.0,3069
1774291545000,1774291545000,17.32,17.35,17.27,17.29,1774291065000,17.35,17.35,3131,1868.5,1774291530000,17.27,17.27,147,0.0,17.28,17.35,17.23,17.29,1774291065000,17.35,17.35,3131,1868.5,1774290555000,17.23,17.25,12206,1425.0,3070
1774291550000,1774291550000,17.32,17.35,17.27,17.3,1774291065000,17.35,17.35,3131,1868.5,1774291530000,17.27,17.27,147,0.0,17.29,17.35,17.23,17.3,1774291065000,17.35,17.35,3131,1868.5,1774290555000,17.23,17.25,12206,1425.0,3071
1774291555000,1774291555000,17.32,17.35,17.27,17.3,1774291065000,17.35,17.35,3131,1868.5,1774291530000,17.27,17.27,147,0.0,17.29,17.35,17.23,17.3,1774291065000,17.35,17.35,3131,1868.5,1774290555000,17.23,17.25,12206,1425.0,3072
1774291560000,1774291560000,17.32,17.35,17.27,17.29,1774291065000,17.35,17.35,3131,1868.5,1774291530000,17.27,17.27,147,0.0,17.29,17.35,17.23,17.29,1774291065000,17.35,17.35,3131,1868.5,1774290555000,17.23,17.25,12206,1425.0,3073
1774291565000,1774291565000,17.32,17.35,17.27,17.3,1774291065000,17.35,17.35,3131,1868.5,1774291530000,17.27,17.27,147,0.0,17.29,17.35,17.23,17.3,1774291065000,17.35,17.35,3131,1868.5,1774290555000,17.23,17.25,12206,1425.0,3074
1774291570000,1774291570000,17.33,17.35,17.27,17.29,1774291065000,17.35,17.35,3131,1868.5,1774291530000,17.27,17.27,147,0.0,17.29,17.35,17.23,17.29,1774291065000,17.35,17.35,3131,1868.5,1774290555000,17.23,17.25,12206,1425.0,3075
1774291575000,1774291575000,17.32,17.35,17.27,17.28,1774291065000,17.35,17.35,3131,1868.5,1774291575000,17.28,17.28,7115,2971.0,17.29,17.35,17.23,17.28,1774291065000,17.35,17.35,3131,1868.5,1774290555000,17.23,17.25,12206,1425.0,3076
1774291580000,1774291580000,17.32,17.35,17.27,17.28,1774291065000,17.35,17.35,3131,1868.5,1774291580000,17.28,17.28,300,0.0,17.29,17.35,17.23,17.28,1774291065000,17.35,17.35,3131,1868.5,1774290555000,17.23,17.25,12206,1425.0,3077
1774291585000,1774291585000,17.32,17.35,17.27,17.28,1774291065000,17.35,17.35,3131,1868.5,1774291585000,17.28,17.28,700,550.0,17.29,17.35,17.23,17.28,1774291065000,17.35,17.35,3131,1868.5,1774290555000,17.23,17.25,12206,1425.0,3078
1774291590000,1774291590000,17.33,17.35,17.27,17.28,1774291065000,17.35,17.35,3131,1868.5,1774291590000,17.27,17.28,3867,3517.0,17.29,17.35,17.23,17.28,1774291065000,17.35,17.35,3131,1868.5,1774290555000,17.23,17.25,12206,1425.0,3079
1774291595000,1774291595000,17.33,17.35,17.27,17.28,1774291065000,17.35,17.35,3131,1868.5,1774291595000,17.27,17.28,1200,0.0,17.29,17.35,17.23,17.28,1774291065000,17.35,17.35,3131,1868.5,1774290555000,17.23,17.25,12206,1425.0,3080
1774291600000,1774291600000,17.32,17.35,17.27,17.29,1774291065000,17.35,17.35,3131,1868.5,1774291600000,17.28,17.29,15867,15267.0,17.29,17.35,17.23,17.29,1774291065000,17.35,17.35,3131,1868.5,1774290555000,17.23,17.25,12206,1425.0,3081
1774291605000,1774291605000,17.32,17.35,17.27,17.29,1774291065000,17.35,17.35,3131,1868.5,1774291600000,17.28,17.29,15867,12467.0,17.29,17.35,17.23,17.29,1774291065000,17.35,17.35,3131,1868.5,1774290555000,17.23,17.25,12206,1425.0,3082
1774291610000,1774291610000,17.32,17.35,17.27,17.3,1774291065000,17.35,17.35,3131,1868.5,1774291600000,17.28,17.29,15867,12467.0,17.29,17.35,17.23,17.3,1774291065000,17.35,17.35,3131,1868.5,1774290555000,17.23,17.25,12206,1425.0,3083
1774291615000,1774291615000,17.32,17.35,17.27,17.28,1774291065000,17.35,17.35,3131,1868.5,1774291600000,17.28,17.29,15867,12467.0,17.29,17.35,17.23,17.28,1774291065000,17.35,17.35,3131,1868.5,1774290555000,17.23,17.25,12206,1425.0,3084
1774291620000,1774291620000,17.32,17.35,17.27,17.29,1774291065000,17.35,17.35,3131,1868.5,1774291600000,17.28,17.29,15867,12467.0,17.29,17.35,17.23,17.29,1774291065000,17.35,17.35,3131,1868.5,1774290555000,17.23,17.25,12206,1425.0,3085
1774291625000,1774291625000,17.33,17.35,17.27,17.28,1774291065000,17.35,17.35,3131,1868.5,1774291600000,17.28,17.29,15867,12467.0,17.29,17.35,17.23,17.28,1774291065000,17.35,17.35,3131,1868.5,1774290555000,17.23,17.25,12206,1425.0,3086
1774291630000,1774291630000,17.33,17.35,17.27,17.28,1774291065000,17.35,17.35,3131,1868.5,1774291600000,17.28,17.29,15867,12467.0,17.29,17.35,17.23,17.28,1774291065000,17.35,17.35,3131,1868.5,1774290555000,17.23,17.25,12206,1425.0,3087
1774291635000,1774291635000,17.33,17.35,17.27,17.27,1774291065000,17.35,17.35,3131,1868.5,1774291635000,17.28,17.27,4913,3902.0,17.29,17.35,17.23,17.27,1774291065000,17.35,17.35,3131,1868.5,1774290555000,17.23,17.25,12206,1425.0,3088
1774291640000,1774291640000,17.33,17.35,17.27,17.28,1774291065000,17.35,17.35,3131,1868.5,1774291640000,17.28,17.28,1000,0.0,17.29,17.35,17.23,17.28,1774291065000,17.35,17.35,3131,1868.5,1774290555000,17.23,17.25,12206,1425.0,3089
1774291645000,1774291645000,17.34,17.35,17.27,17.28,1774291065000,17.35,17.35,3131,1868.5,1774291645000,17.28,17.28,6109,5609.0,17.29,17.35,17.23,17.28,1774291065000,17.35,17.35,3131,1868.5,1774290555000,17.23,17.25,12206,1425.0,3090
1774291650000,1774291650000,17.34,17.35,17.27,17.28,1774291065000,17.35,17.35,3131,1868.5,1774291650000,17.27,17.28,1784,0.0,17.29,17.35,17.23,17.28,1774291065000,17.35,17.35,3131,1868.5,1774290555000,17.23,17.25,12206,1425.0,3091
1774291655000,1774291655000,17.33,17.35,17.27,17.28,1774291065000,17.35,17.35,3131,1868.5,1774291655000,17.28,17.28,1220,328.0,17.29,17.35,17.23,17.28,1774291065000,17.35,17.35,3131,1868.5,1774290555000,17.23,17.25,12206,1425.0,3092
1774291660000,1774291660000,17.34,17.35,17.26,17.27,1774291065000,17.35,17.35,3131,1868.5,1774291660000,17.28,17.27,12303,11693.0,17.29,17.35,17.23,17.27,1774291065000,17.35,17.35,3131,1868.5,1774290555000,17.23,17.25,12206,1425.0,3093
1774291665000,1774291665000,17.34,17.35,17.26,17.28,1774291065000,17.35,17.35,3131,1868.5,1774291665000,17.27,17.28,8900,2748.5,17.29,17.35,17.23,17.28,1774291065000,17.35,17.35,3131,1868.5,1774290555000,17.23,17.25,12206,1425.0,3094
1774291670000,1774291670000,17.35,17.35,17.26,17.28,1774291065000,17.35,17.35,3131,1868.5,1774291665000,17.27,17.28,8900,2016.5,17.29,17.35,17.23,17.28,1774291065000,17.35,17.35,3131,1868.5,1774290555000,17.23,17.25,12206,1425.0,3095
1774291675000,1774291675000,17.35,17.35,17.26,17.27,1774291065000,17.35,17.35,3131,1868.5,1774291665000,17.27,17.28,8900,2016.5,17.29,17.35,17.23,17.27,1774291065000,17.35,17.35,3131,1868.5,1774290555000,17.23,17.25,12206,1425.0,3096
1774291680000,1774291680000,17.34,17.34,17.26,17.28,1774291250000,17.34,17.33,3200,757.5,1774291665000,17.27,17.28,8900,2016.5,17.29,17.35,17.23,17.28,1774291065000,17.35,17.35,3131,1868.5,1774290555000,17.23,17.25,12206,1425.0,3097
1774291685000,1774291685000,17.34,17.34,17.26,17.28,1774291250000,17.34,17.33,3200,757.5,1774291665000,17.27,17.28,8900,2016.5,17.29,17.35,17.23,17.28,1774291065000,17.35,17.35,3131,1868.5,1774290555000,17.23,17.25,12206,1425.0,3098
1774291690000,1774291690000,17.34,17.34,17.26,17.27,1774291250000,17.34,17.33,3200,757.5,1774291690000,17.28,17.27,13080,11239.0,17.29,17.35,17.23,17.27,1774291065000,17.35,17.35,3131,1868.5,1774290555000,17.23,17.25,12206,1425.0,3099
1774291695000,1774291695000,17.34,17.34,17.26,17.27,1774291250000,17.34,17.33,3200,757.5,1774291690000,17.28,17.27,13080,11139.0,17.29,17.35,17.23,17.27,1774291065000,17.35,17.35,3131,1868.5,1774290555000,17.23,17.25,12206,1425.0,3100
1774291700000,1774291700000,17.34,17.34,17.26,17.28,1774291250000,17.34,17.33,3200,757.5,1774291700000,17.27,17.28,17875,17775.0,17.29,17.35,17.23,17.28,1774291065000,17.35,17.35,3131,1868.5,1774290555000,17.23,17.25,12206,1425.0,3101
1774291705000,1774291705000,17.34,17.34,17.26,17.28,1774291250000,17.34,17.33,3200,757.5,1774291700000,17.27,17.28,17875,15158.0,17.26,17.35,17.23,17.28,1774291065000,17.35,17.35,3131,1868.5,1774290555000,17.23,17.25,12206,1425.0,3102
1774291710000,1774291710000,17.33,17.34,17.26,17.27,1774291250000,17.34,17.33,3200,757.5,1774291710000,17.28,17.27,8500,5883.0,17.25,17.35,17.23,17.27,1774291065000,17.35,17.35,3131,1868.5,1774290555000,17.23,17.25,12206,1425.0,3103
1774291715000,1774291715000,17.33,17.34,17.26,17.27,1774291250000,17.34,17.33,3200,757.5,1774291715000,17.27,17.27,6200,1950.0,17.25,17.35,17.23,17.27,1774291065000,17.35,17.35,3131,1868.5,1774290555000,17.23,17.25,12206,1425.0,3104
1774291720000,1774291720000,17.33,17.34,17.26,17.27,1774291250000,17.34,17.33,3200,757.5,1774291720000,17.27,17.27,4973,1873.0,17.25,17.35,17.23,17.27,1774291065000,17.35,17.35,3131,1868.5,1774290555000,17.23,17.25,12206,1425.0,3105
1774291725000,1774291725000,17.33,17.34,17.26,17.27,1774291250000,17.34,17.33,3200,757.5,1774291725000,17.26,17.27,6800,4313.5,17.26,17.35,17.23,17.27,1774291065000,17.35,17.35,3131,1868.5,1774290555000,17.23,17.25,12206,1425.0,3106
1774291730000,1774291730000,17.33,17.34,17.26,17.27,1774291250000,17.34,17.33,3200,757.5,1774291730000,17.27,17.27,1300,0.0,17.26,17.35,17.23,17.27,1774291065000,17.35,17.35,3131,1868.5,1774290555000,17.23,17.25,12206,1425.0,3107
1774291735000,1774291735000,17.33,17.34,17.26,17.27,1774291250000,17.34,17.33,3200,757.5,1774291735000,17.26,17.27,4700,4050.0,17.26,17.35,17.23,17.27,1774291065000,17.35,17.35,3131,1868.5,1774290555000,17.23,17.25,12206,1425.0,3108
1774291740000,1774291740000,17.33,17.34,17.26,17.27,1774291250000,17.34,17.33,3200,757.5,1774291740000,17.27,17.27,5032,2682.0,17.26,17.35,17.23,17.27,1774291065000,17.35,17.35,3131,1868.5,1774290555000,17.23,17.25,12206,1425.0,3109
1774291745000,1774291745000,17.32,17.34,17.26,17.27,1774291250000,17.34,17.33,3200,757.5,1774291745000,17.27,17.27,5200,2684.0,17.27,17.35,17.23,17.27,1774291065000,17.35,17.35,3131,1868.5,1774290555000,17.23,17.25,12206,1425.0,3110
1774291750000,1774291750000,17.32,17.34,17.26,17.29,1774291250000,17.34,17.33,3200,757.5,1774291745000,17.27,17.27,5200,0.0,17.27,17.35,17.23,17.29,1774291065000,17.35,17.35,3131,1868.5,1774290555000,17.23,17.25,12206,1425.0,3111
1774291755000,1774291755000,17.31,17.34,17.26,17.28,1774291250000,17.34,17.33,3200,757.5,1774291745000,17.27,17.27,5200,0.0,17.27,17.35,17.23,17.28,1774291065000,17.35,17.35,3131,1868.5,1774290555000,17.23,17.25,12206,1425.0,3112
1774291760000,1774291760000,17.3,17.34,17.26,17.28,1774291250000,17.34,17.33,3200,757.5,1774291745000,17.27,17.27,5200,0.0,17.27,17.35,17.23,17.28,1774291065000,17.35,17.35,3131,1868.5,1774290555000,17.23,17.25,12206,1425.0,3113
1774291765000,1774291765000,17.3,17.34,17.26,17.28,1774291250000,17.34,17.33,3200,757.5,1774291745000,17.27,17.27,5200,0.0,17.27,17.35,17.23,17.28,1774291065000,17.35,17.35,3131,1868.5,1774290555000,17.23,17.25,12206,1425.0,3114
1774291770000,1774291770000,17.3,17.34,17.26,17.27,1774291250000,17.34,17.33,3200,757.5,1774291745000,17.27,17.27,5200,0.0,17.27,17.35,17.23,17.27,1774291065000,17.35,17.35,3131,1868.5,1774290555000,17.23,17.25,12206,1425.0,3115
1774291775000,1774291775000,17.3,17.34,17.26,17.28,1774291250000,17.34,17.33,3200,757.5,1774291745000,17.27,17.27,5200,0.0,17.27,17.35,17.23,17.28,1774291065000,17.35,17.35,3131,1868.5,1774290555000,17.23,17.25,12206,1425.0,3116
1774291780000,1774291780000,17.3,17.34,17.26,17.28,1774291250000,17.34,17.33,3200,757.5,1774291745000,17.27,17.27,5200,0.0,17.27,17.35,17.23,17.28,1774291065000,17.35,17.35,3131,1868.5,1774290555000,17.23,17.25,12206,1425.0,3117
1774291785000,1774291785000,17.3,17.34,17.26,17.28,1774291250000,17.34,17.33,3200,757.5,1774291745000,17.27,17.27,5200,0.0,17.27,17.35,17.23,17.28,1774291065000,17.35,17.35,3131,1868.5,1774290555000,17.23,17.25,12206,1425.0,3118
1774291790000,1774291790000,17.3,17.34,17.26,17.28,1774291250000,17.34,17.33,3200,757.5,1774291745000,17.27,17.27,5200,0.0,17.25,17.35,17.23,17.28,1774291065000,17.35,17.35,3131,1868.5,1774290555000,17.23,17.25,12206,1425.0,3119
1774291795000,1774291795000,17.3,17.34,17.26,17.29,1774291250000,17.34,17.33,3200,757.5,1774291745000,17.27,17.27,5200,0.0,17.24,17.35,17.23,17.29,1774291065000,17.35,17.35,3131,1868.5,1774290555000,17.23,17.25,12206,1425.0,3120
1774291800000,1774291800000,17.3,17.34,17.26,17.28,1774291250000,17.34,17.33,3200,757.5,1774291745000,17.27,17.27,5200,0.0,17.24,17.35,17.23,17.28,1774291065000,17.35,17.35,3131,1868.5,1774290555000,17.23,17.25,12206,1425.0,3121
1774291805000,1774291805000,17.3,17.34,17.26,17.26,1774291250000,17.34,17.33,3200,757.5,1774291805000,17.27,17.26,10393,9862.0,17.24,17.35,17.23,17.26,1774291065000,17.35,17.35,3131,1868.5,1774290555000,17.23,17.25,12206,1425.0,3122
1774291810000,1774291810000,17.3,17.34,17.26,17.27,1774291250000,17.34,17.33,3200,757.5,1774291810000,17.27,17.27,500,0.0,17.23,17.35,17.23,17.27,1774291065000,17.35,17.35,3131,1868.5,1774290555000,17.23,17.25,12206,1425.0,3123
1774291815000,1774291815000,17.3,17.34,17.26,17.27,1774291250000,17.34,17.33,3200,757.5,1774291815000,17.27,17.27,388,138.0,17.23,17.35,17.23,17.27,1774291065000,17.35,17.35,3131,1868.5,1774290555000,17.23,17.25,12206,1425.0,3124
1774291820000,1774291820000,17.3,17.34,17.26,17.27,1774291250000,17.34,17.33,3200,757.5,1774291820000,17.27,17.27,0,0.0,17.23,17.35,17.23,17.27,1774291065000,17.35,17.35,3131,1868.5,1774290555000,17.23,17.25,12206,1425.0,3125
1774291825000,1774291825000,17.3,17.34,17.26,17.27,1774291250000,17.34,17.33,3200,757.5,1774291825000,17.27,17.27,8754,8754.0,17.23,17.35,17.23,17.27,1774291065000,17.35,17.35,3131,1868.5,1774290555000,17.23,17.25,12206,1425.0,3126
1774291830000,1774291830000,17.3,17.34,17.26,17.27,1774291250000,17.34,17.33,3200,757.5,1774291830000,17.27,17.27,3230,0.0,17.25,17.35,17.24,17.27,1774291065000,17.35,17.35,3131,1868.5,1774290595000,17.25,17.24,5702,1237.0,3127
1774291835000,1774291835000,17.3,17.34,17.26,17.26,1774291250000,17.34,17.33,3200,757.5,1774291835000,17.26,17.26,200,0.0,17.25,17.35,17.24,17.26,1774291065000,17.35,17.35,3131,1868.5,1774290595000,17.25,17.24,5702,1237.0,3128
1774291840000,1774291840000,17.29,17.34,17.25,17.26,1774291250000,17.34,17.33,3200,757.5,1774291840000,17.26,17.26,9410,9310.0,17.25,17.35,17.24,17.26,1774291065000,17.35,17.35,3131,1868.5,1774290595000,17.25,17.24,5702,1237.0,3129
1774291845000,1774291845000,17.29,17.34,17.25,17.26,1774291250000,17.34,17.33,3200,757.5,1774291845000,17.26,17.26,200,0.0,17.25,17.35,17.24,17.26,1774291065000,17.35,17.35,3131,1868.5,1774290595000,17.25,17.24,5702,1237.0,3130
1774291850000,1774291850000,17.29,17.34,17.25,17.26,1774291250000,17.34,17.33,3200,757.5,1774291850000,17.26,17.26,2111,2011.0,17.25,17.35,17.24,17.26,1774291065000,17.35,17.35,3131,1868.5,1774290595000,17.25,17.24,5702,1237.0,3131
1774291855000,1774291855000,17.3,17.34,17.24,17.25,1774291250000,17.34,17.33,3200,757.5,1774291855000,17.25,17.25,13005,11949.5,17.25,17.35,17.24,17.25,1774291065000,17.35,17.35,3131,1868.5,1774291855000,17.25,17.25,13005,11949.5,3132
1774291860000,1774291860000,17.3,17.34,17.24,17.25,1774291250000,17.34,17.33,3200,757.5,1774291860000,17.25,17.25,7123,620.5,17.25,17.35,17.24,17.25,1774291065000,17.35,17.35,3131,1868.5,1774291860000,17.25,17.25,7123,620.5,3133
1774291865000,1774291865000,17.3,17.34,17.24,17.25,1774291250000,17.34,17.33,3200,757.5,1774291865000,17.24,17.25,1193,0.0,17.25,17.35,17.24,17.25,1774291065000,17.35,17.35,3131,1868.5,1774291865000,17.24,17.25,1193,0.0,3134
1774291870000,1774291870000,17.3,17.34,17.24,17.24,1774291250000,17.34,17.33,3200,757.5,1774291870000,17.25,17.24,3316,2719.5,17.25,17.35,17.24,17.24,1774291065000,17.35,17.35,3131,1868.5,1774291870000,17.25,17.24,3316,2719.5,3135
1774291875000,1774291875000,17.31,17.34,17.24,17.25,1774291250000,17.34,17.33,3200,757.5,1774291875000,17.25,17.25,12990,11332.0,17.25,17.35,17.24,17.25,1774291065000,17.35,17.35,3131,1868.5,1774291875000,17.25,17.25,12990,11332.0,3136
1774291880000,1774291880000,17.31,17.34,17.24,17.26,1774291250000,17.34,17.33,3200,757.5,1774291875000,17.25,17.25,12990,10868.5,17.25,17.35,17.24,17.26,1774291065000,17.35,17.35,3131,1868.5,1774291875000,17.25,17.25,12990,10868.5,3137
1774291885000,1774291885000,17.31,17.34,17.24,17.26,1774291250000,17.34,17.33,3200,757.5,1774291875000,17.25,17.25,12990,10868.5,17.25,17.35,17.24,17.26,1774291065000,17.35,17.35,3131,1868.5,1774291875000,17.25,17.25,12990,10868.5,3138
1774291890000,1774291890000,17.31,17.34,17.24,17.26,1774291250000,17.34,17.33,3200,757.5,1774291875000,17.25,17.25,12990,10868.5,17.25,17.35,17.24,17.26,1774291065000,17.35,17.35,3131,1868.5,1774291875000,17.25,17.25,12990,10868.5,3139
1774291895000,1774291895000,17.31,17.34,17.24,17.26,1774291250000,17.34,17.33,3200,757.5,1774291875000,17.25,17.25,12990,10868.5,17.25,17.35,17.24,17.26,1774291065000,17.35,17.35,3131,1868.5,1774291875000,17.25,17.25,12990,10868.5,3140
1774291900000,1774291900000,17.31,17.34,17.24,17.26,1774291250000,17.34,17.33,3200,757.5,1774291875000,17.25,17.25,12990,10868.5,17.25,17.35,17.24,17.26,1774291065000,17.35,17.35,3131,1868.5,1774291875000,17.25,17.25,12990,10868.5,3141
1774291905000,1774291905000,17.31,17.34,17.24,17.27,1774291250000,17.34,17.33,3200,757.5,1774291875000,17.25,17.25,12990,10868.5,17.25,17.35,17.24,17.27,1774291065000,17.35,17.35,3131,1868.5,1774291875000,17.25,17.25,12990,10868.5,3142
1774291910000,1774291910000,17.31,17.34,17.24,17.27,1774291250000,17.34,17.33,3200,757.5,1774291875000,17.25,17.25,12990,10868.5,17.25,17.35,17.24,17.27,1774291065000,17.35,17.35,3131,1868.5,1774291875000,17.25,17.25,12990,10868.5,3143
1774291915000,1774291915000,17.32,17.34,17.24,17.27,1774291250000,17.34,17.33,3200,757.5,1774291875000,17.25,17.25,12990,10868.5,17.26,17.35,17.24,17.27,1774291065000,17.35,17.35,3131,1868.5,1774291875000,17.25,17.25,12990,10868.5,3144
1774291920000,1774291920000,17.32,17.34,17.24,17.27,1774291250000,17.34,17.33,3200,757.5,1774291875000,17.25,17.25,12990,10868.5,17.26,17.35,17.24,17.27,1774291065000,17.35,17.35,3131,1868.5,1774291875000,17.25,17.25,12990,10868.5,3145
1774291925000,1774291925000,17.32,17.34,17.24,17.27,1774291250000,17.34,17.33,3200,757.5,1774291875000,17.25,17.25,12990,10868.5,17.26,17.35,17.24,17.27,1774291065000,17.35,17.35,3131,1868.5,1774291875000,17.25,17.25,12990,10868.5,3146
1774291930000,1774291930000,17.32,17.34,17.24,17.27,1774291250000,17.34,17.33,3200,757.5,1774291875000,17.25,17.25,12990,10868.5,17.26,17.35,17.24,17.27,1774291065000,17.35,17.35,3131,1868.5,1774291875000,17.25,17.25,12990,10868.5,3147
1774291935000,1774291935000,17.32,17.34,17.24,17.27,1774291250000,17.34,17.33,3200,757.5,1774291875000,17.25,17.25,12990,10868.5,17.26,17.35,17.24,17.27,1774291065000,17.35,17.35,3131,1868.5,1774291875000,17.25,17.25,12990,10868.5,3148
1774291940000,1774291940000,17.32,17.34,17.24,17.27,1774291250000,17.34,17.33,3200,757.5,1774291875000,17.25,17.25,12990,10868.5,17.26,17.35,17.24,17.27,1774291065000,17.35,17.35,3131,1868.5,1774291875000,17.25,17.25,12990,10868.5,3149
1774291945000,1774291945000,17.32,17.34,17.24,17.26,1774291250000,17.34,17.33,3200,757.5,1774291875000,17.25,17.25,12990,10868.5,17.27,17.35,17.24,17.26,1774291065000,17.35,17.35,3131,1868.5,1774291875000,17.25,17.25,12990,10868.5,3150
1774291950000,1774291950000,17.32,17.34,17.24,17.26,1774291250000,17.34,17.33,3200,757.5,1774291875000,17.25,17.25,12990,10868.5,17.27,17.35,17.24,17.26,1774291065000,17.35,17.35,3131,1868.5,1774291875000,17.25,17.25,12990,10868.5,3151
1774291955000,1774291955000,17.32,17.34,17.24,17.26,1774291250000,17.34,17.33,3200,757.5,1774291875000,17.25,17.25,12990,10868.5,17.27,17.35,17.24,17.26,1774291065000,17.35,17.35,3131,1868.5,1774291875000,17.25,17.25,12990,10868.5,3152
1774291960000,1774291960000,17.32,17.34,17.24,17.25,1774291250000,17.34,17.33,3200,757.5,1774291960000,17.26,17.25,1509,1228.0,17.27,17.35,17.24,17.25,1774291065000,17.35,17.35,3131,1868.5,1774291960000,17.26,17.25,1509,1228.0,3153
1774291965000,1774291965000,17.32,17.33,17.24,17.25,1774291260000,17.32,17.3,12310,8847.0,1774291965000,17.25,17.25,9085,8330.5,17.28,17.35,17.24,17.25,1774291065000,17.35,17.35,3131,1868.5,1774291965000,17.25,17.25,9085,8330.5,3154
1774291970000,1774291970000,17.32,17.33,17.24,17.25,1774291260000,17.32,17.3,12310,8847.0,1774291970000,17.25,17.25,9400,4857.5,17.28,17.35,17.24,17.25,1774291065000,17.35,17.35,3131,1868.5,1774291970000,17.25,17.25,9400,4857.5,3155
1774291975000,1774291975000,17.32,17.33,17.24,17.24,1774291260000,17.32,17.3,12310,8847.0,1774291975000,17.25,17.24,3022,0.0,17.29,17.35,17.24,17.24,1774291065000,17.35,17.35,3131,1868.5,1774291975000,17.25,17.24,3022,0.0,3156
1774291980000,1774291980000,17.3,17.31,17.24,17.24,1774291435000,17.3,17.3,8070,8070.0,1774291980000,17.25,17.24,5139,3628.0,17.29,17.35,17.24,17.24,1774291065000,17.35,17.35,3131,1868.5,1774291980000,17.25,17.24,5139,3628.0,3157
1774291985000,1774291985000,17.29,17.31,17.24,17.25,1774291435000,17.3,17.3,8070,8070.0,1774291985000,17.24,17.25,9211,6641.5,17.27,17.35,17.24,17.25,1774291065000,17.35,17.35,3131,1868.5,1774291985000,17.24,17.25,9211,6641.5,3158
1774291990000,1774291990000,17.29,17.31,17.24,17.25,1774291435000,17.3,17.3,8070,8070.0,1774291990000,17.25,17.25,1300,0.0,17.26,17.35,17.24,17.25,1774291065000,17.35,17.35,3131,1868.5,1774291990000,17.25,17.25,1300,0.0,3159
1774291995000,1774291995000,17.29,17.31,17.24,17.25,1774291435000,17.3,17.3,8070,8070.0,1774291995000,17.25,17.25,1147,497.0,17.26,17.35,17.24,17.25,1774291065000,17.35,17.35,3131,1868.5,1774291995000,17.25,17.25,1147,497.0,3160
1774292000000,1774292000000,17.29,17.31,17.24,17.25,1774291435000,17.3,17.3,8070,8070.0,1774292000000,17.25,17.25,400,0.0,17.26,17.35,17.24,17.25,1774291065000,17.35,17.35,3131,1868.5,1774292000000,17.25,17.25,400,0.0,3161
1774292005000,1774292005000,17.3,17.31,17.24,17.25,1774291435000,17.3,17.3,8070,8070.0,1774292005000,17.25,17.25,1467,1267.0,17.26,17.35,17.24,17.25,1774291065000,17.35,17.35,3131,1868.5,1774292005000,17.25,17.25,1467,1267.0,3162
1774292010000,1774292010000,17.3,17.31,17.24,17.26,1774291435000,17.3,17.3,8070,8070.0,1774292010000,17.25,17.26,3685,2951.5,17.27,17.35,17.24,17.26,1774291065000,17.35,17.35,3131,1868.5,1774292010000,17.25,17.26,3685,2951.5,3163
1774292015000,1774292015000,17.3,17.31,17.24,17.26,1774291435000,17.3,17.3,8070,8070.0,1774292010000,17.25,17.26,3685,801.5,17.27,17.35,17.24,17.26,1774291065000,17.35,17.35,3131,1868.5,1774292010000,17.25,17.26,3685,801.5,3164
1774292020000,1774292020000,17.3,17.31,17.24,17.26,1774291435000,17.3,17.3,8070,8070.0,1774292010000,17.25,17.26,3685,801.5,17.27,17.35,17.24,17.26,1774291065000,17.35,17.35,3131,1868.5,1774292010000,17.25,17.26,3685,801.5,3165
1774292025000,1774292025000,17.29,17.31,17.24,17.27,1774291435000,17.3,17.3,8070,8070.0,1774292010000,17.25,17.26,3685,801.5,17.27,17.35,17.24,17.27,1774291065000,17.35,17.35,3131,1868.5,1774292010000,17.25,17.26,3685,801.5,3166
1774292030000,1774292030000,17.29,17.31,17.24,17.26,1774291435000,17.3,17.3,8070,8070.0,1774292010000,17.25,17.26,3685,801.5,17.27,17.35,17.24,17.26,1774291065000,17.35,17.35,3131,1868.5,1774292010000,17.25,17.26,3685,801.5,3167
1774292035000,1774292035000,17.29,17.31,17.24,17.26,1774291435000,17.3,17.3,8070,8070.0,1774292010000,17.25,17.26,3685,801.5,17.27,17.35,17.24,17.26,1774291065000,17.35,17.35,3131,1868.5,1774292010000,17.25,17.26,3685,801.5,3168
1774292040000,1774292040000,17.29,17.31,17.24,17.26,1774291435000,17.3,17.3,8070,8070.0,1774292010000,17.25,17.26,3685,801.5,17.26,17.35,17.24,17.26,1774291065000,17.35,17.35,3131,1868.5,1774292010000,17.25,17.26,3685,801.5,3169
1774292045000,1774292045000,17.29,17.31,17.24,17.26,1774291435000,17.3,17.3,8070,8070.0,1774292010000,17.25,17.26,3685,801.5,17.27,17.35,17.24,17.26,1774291065000,17.35,17.35,3131,1868.5,1774292010000,17.25,17.26,3685,801.5,3170
1774292050000,1774292050000,17.29,17.31,17.24,17.26,1774291435000,17.3,17.3,8070,8070.0,1774292010000,17.25,17.26,3685,801.5,17.27,17.35,17.24,17.26,1774291065000,17.35,17.35,3131,1868.5,1774292010000,17.25,17.26,3685,801.5,3171
1774292055000,1774292055000,17.29,17.31,17.24,17.26,1774291435000,17.3,17.3,8070,8070.0,1774292010000,17.25,17.26,3685,801.5,17.27,17.35,17.24,17.26,1774291065000,17.35,17.35,3131,1868.5,1774292010000,17.25,17.26,3685,801.5,3172
1774292060000,1774292060000,17.29,17.31,17.24,17.26,1774291435000,17.3,17.3,8070,8070.0,1774292010000,17.25,17.26,3685,801.5,17.27,17.35,17.24,17.26,1774291065000,17.35,17.35,3131,1868.5,1774292010000,17.25,17.26,3685,801.5,3173
1774292065000,1774292065000,17.29,17.31,17.24,17.26,1774291435000,17.3,17.3,8070,8070.0,1774292010000,17.25,17.26,3685,801.5,17.27,17.35,17.24,17.26,1774291065000,17.35,17.35,3131,1868.5,1774292010000,17.25,17.26,3685,801.5,3174
1774292070000,1774292070000,17.29,17.31,17.24,17.26,1774291435000,17.3,17.3,8070,8070.0,1774292010000,17.25,17.26,3685,801.5,17.27,17.35,17.24,17.26,1774291065000,17.35,17.35,3131,1868.5,1774292010000,17.25,17.26,3685,801.5,3175
1774292075000,1774292075000,17.3,17.31,17.24,17.26,1774291435000,17.3,17.3,8070,8070.0,1774292010000,17.25,17.26,3685,801.5,17.27,17.35,17.24,17.26,1774291065000,17.35,17.35,3131,1868.5,1774292010000,17.25,17.26,3685,801.5,3176
1774292080000,1774292080000,17.3,17.31,17.24,17.26,1774291435000,17.3,17.3,8070,8070.0,1774292010000,17.25,17.26,3685,801.5,17.27,17.35,17.24,17.26,1774291065000,17.35,17.35,3131,1868.5,1774292010000,17.25,17.26,3685,801.5,3177
1774292085000,1774292085000,17.3,17.31,17.24,17.25,1774291435000,17.3,17.3,8070,8070.0,1774292010000,17.25,17.26,3685,801.5,17.26,17.35,17.24,17.25,1774291065000,17.35,17.35,3131,1868.5,1774292010000,17.25,17.26,3685,801.5,3178
1774292090000,1774292090000,17.3,17.31,17.24,17.27,1774291435000,17.3,17.3,8070,8070.0,1774292010000,17.25,17.26,3685,801.5,17.26,17.35,17.24,17.27,1774291065000,17.35,17.35,3131,1868.5,1774292010000,17.25,17.26,3685,801.5,3179
1774292095000,1774292095000,17.3,17.31,17.24,17.27,1774291435000,17.3,17.3,8070,8070.0,1774292010000,17.25,17.26,3685,801.5,17.26,17.35,17.24,17.27,1774291065000,17.35,17.35,3131,1868.5,1774292010000,17.25,17.26,3685,801.5,3180
1774292100000,1774292100000,17.3,17.31,17.24,17.27,1774291435000,17.3,17.3,8070,8070.0,1774292010000,17.25,17.26,3685,801.5,17.26,17.35,17.24,17.27,1774291065000,17.35,17.35,3131,1868.5,1774292010000,17.25,17.26,3685,801.5,3181
1774292105000,1774292105000,17.3,17.31,17.24,17.27,1774291435000,17.3,17.3,8070,8070.0,1774292010000,17.25,17.26,3685,801.5,17.27,17.35,17.24,17.27,1774291065000,17.35,17.35,3131,1868.5,1774292010000,17.25,17.26,3685,801.5,3182
1774292110000,1774292110000,17.3,17.31,17.24,17.28,1774291435000,17.3,17.3,8070,8070.0,1774292010000,17.25,17.26,3685,801.5,17.27,17.35,17.24,17.28,1774291065000,17.35,17.35,3131,1868.5,1774292010000,17.25,17.26,3685,801.5,3183
1774292115000,1774292115000,17.3,17.31,17.24,17.28,1774291435000,17.3,17.3,8070,8070.0,1774292010000,17.25,17.26,3685,801.5,17.27,17.35,17.24,17.28,1774291065000,17.35,17.35,3131,1868.5,1774292010000,17.25,17.26,3685,801.5,3184
1774292120000,1774292120000,17.3,17.31,17.24,17.28,1774291435000,17.3,17.3,8070,8070.0,1774292010000,17.25,17.26,3685,801.5,17.27,17.35,17.24,17.28,1774291065000,17.35,17.35,3131,1868.5,1774292010000,17.25,17.26,3685,801.5,3185
1774292125000,1774292125000,17.3,17.31,17.24,17.27,1774291435000,17.3,17.3,8070,8070.0,1774292010000,17.25,17.26,3685,801.5,17.27,17.35,17.24,17.27,1774291065000,17.35,17.35,3131,1868.5,1774292010000,17.25,17.26,3685,801.5,3186
1774292130000,1774292130000,17.29,17.31,17.24,17.28,1774291435000,17.3,17.3,8070,8070.0,1774292010000,17.25,17.26,3685,801.5,17.27,17.35,17.24,17.28,1774291065000,17.35,17.35,3131,1868.5,1774292010000,17.25,17.26,3685,801.5,3187
1774292135000,1774292135000,17.29,17.31,17.24,17.28,1774291435000,17.3,17.3,8070,8070.0,1774292010000,17.25,17.26,3685,801.5,17.28,17.35,17.24,17.28,1774291065000,17.35,17.35,3131,1868.5,1774292010000,17.25,17.26,3685,801.5,3188
1774292140000,1774292140000,17.3,17.31,17.24,17.28,1774291435000,17.3,17.3,8070,8070.0,1774292010000,17.25,17.26,3685,801.5,17.29,17.35,17.24,17.28,1774291065000,17.35,17.35,3131,1868.5,1774292010000,17.25,17.26,3685,801.5,3189
1774292145000,1774292145000,17.3,17.31,17.24,17.28,1774291435000,17.3,17.3,8070,8070.0,1774292010000,17.25,17.26,3685,801.5,17.29,17.35,17.24,17.28,1774291065000,17.35,17.35,3131,1868.5,1774292010000,17.25,17.26,3685,801.5,3190
1774292150000,1774292150000,17.3,17.31,17.24,17.28,1774291435000,17.3,17.3,8070,8070.0,1774292010000,17.25,17.26,3685,801.5,17.3,17.35,17.24,17.28,1774291065000,17.35,17.35,3131,1868.5,1774292010000,17.25,17.26,3685,801.5,3191
1774292155000,1774292155000,17.3,17.31,17.24,17.28,1774291435000,17.3,17.3,8070,8070.0,1774292010000,17.25,17.26,3685,801.5,17.3,17.35,17.24,17.28,1774291065000,17.35,17.35,3131,1868.5,1774292010000,17.25,17.26,3685,801.5,3192
1774292160000,1774292160000,17.3,17.31,17.24,17.28,1774291435000,17.3,17.3,8070,8070.0,1774292010000,17.25,17.26,3685,801.5,17.3,17.35,17.24,17.28,1774291065000,17.35,17.35,3131,1868.5,1774292010000,17.25,17.26,3685,801.5,3193
1774292165000,1774292165000,17.3,17.31,17.24,17.28,1774291435000,17.3,17.3,8070,8070.0,1774292010000,17.25,17.26,3685,801.5,17.3,17.35,17.24,17.28,1774291065000,17.35,17.35,3131,1868.5,1774292010000,17.25,17.26,3685,801.5,3194
1774292170000,1774292170000,17.3,17.3,17.24,17.27,1774291615000,17.3,17.28,6302,2602.0,1774292010000,17.25,17.26,3685,801.5,17.3,17.35,17.24,17.27,1774291065000,17.35,17.35,3131,1868.5,1774292010000,17.25,17.26,3685,801.5,3195
1774292175000,1774292175000,17.29,17.3,17.24,17.28,1774291615000,17.3,17.28,6302,2602.0,1774292010000,17.25,17.26,3685,801.5,17.3,17.35,17.24,17.28,1774291065000,17.35,17.35,3131,1868.5,1774292010000,17.25,17.26,3685,801.5,3196
1774292180000,1774292180000,17.29,17.3,17.24,17.27,1774291615000,17.3,17.28,6302,2602.0,1774292010000,17.25,17.26,3685,801.5,17.3,17.35,17.24,17.27,1774291065000,17.35,17.35,3131,1868.5,1774292010000,17.25,17.26,3685,801.5,3197
1774292185000,1774292185000,17.29,17.3,17.24,17.27,1774291615000,17.3,17.28,6302,2602.0,1774292010000,17.25,17.26,3685,801.5,17.3,17.35,17.24,17.27,1774291065000,17.35,17.35,3131,1868.5,1774292010000,17.25,17.26,3685,801.5,3198
1774292190000,1774292190000,17.29,17.3,17.24,17.27,1774291615000,17.3,17.28,6302,2602.0,1774292010000,17.25,17.26,3685,801.5,17.3,17.35,17.24,17.27,1774291065000,17.35,17.35,3131,1868.5,1774292010000,17.25,17.26,3685,801.5,3199
1774292195000,1774292195000,17.29,17.3,17.24,17.27,1774291615000,17.3,17.28,6302,2602.0,1774292010000,17.25,17.26,3685,801.5,17.3,17.35,17.24,17.27,1774291065000,17.35,17.35,3131,1868.5,1774292010000,17.25,17.26,3685,801.5,3200
1774292200000,1774292200000,17.29,17.3,17.24,17.27,1774291615000,17.3,17.28,6302,2602.0,1774292010000,17.25,17.26,3685,801.5,17.3,17.35,17.24,17.27,1774291065000,17.35,17.35,3131,1868.5,1774292010000,17.25,17.26,3685,801.5,3201
1774292205000,1774292205000,17.29,17.3,17.24,17.27,1774291615000,17.3,17.28,6302,2602.0,1774292010000,17.25,17.26,3685,801.5,17.3,17.35,17.24,17.27,1774291065000,17.35,17.35,3131,1868.5,1774292010000,17.25,17.26,3685,801.5,3202
1774292210000,1774292210000,17.29,17.3,17.24,17.27,1774291615000,17.3,17.28,6302,2602.0,1774292010000,17.25,17.26,3685,801.5,17.3,17.35,17.24,17.27,1774291065000,17.35,17.35,3131,1868.5,1774292010000,17.25,17.26,3685,801.5,3203
1774292215000,1774292215000,17.29,17.3,17.24,17.25,1774291615000,17.3,17.28,6302,2602.0,1774292010000,17.25,17.26,3685,801.5,17.29,17.35,17.24,17.25,1774291065000,17.35,17.35,3131,1868.5,1774292010000,17.25,17.26,3685,801.5,3204
1774292220000,1774292220000,17.29,17.3,17.24,17.26,1774291615000,17.3,17.28,6302,2602.0,1774292010000,17.25,17.26,3685,801.5,17.29,17.35,17.24,17.26,1774291065000,17.35,17.35,3131,1868.5,1774292010000,17.25,17.26,3685,801.5,3205
1774292225000,1774292225000,17.29,17.3,17.24,17.25,1774291615000,17.3,17.28,6302,2602.0,1774292010000,17.25,17.26,3685,801.5,17.29,17.35,17.24,17.25,1774291065000,17.35,17.35,3131,1868.5,1774292010000,17.25,17.26,3685,801.5,3206
1774292230000,1774292230000,17.29,17.3,17.24,17.26,1774291615000,17.3,17.28,6302,2602.0,1774292010000,17.25,17.26,3685,801.5,17.29,17.35,17.24,17.26,1774291065000,17.35,17.35,3131,1868.5,1774292010000,17.25,17.26,3685,801.5,3207
1774292235000,1774292235000,17.29,17.3,17.24,17.26,1774291615000,17.3,17.28,6302,2602.0,1774292010000,17.25,17.26,3685,801.5,17.29,17.35,17.24,17.26,1774291065000,17.35,17.35,3131,1868.5,1774292010000,17.25,17.26,3685,801.5,3208
1774292240000,1774292240000,17.29,17.3,17.24,17.26,1774291615000,17.3,17.28,6302,2602.0,1774292010000,17.25,17.26,3685,801.5,17.29,17.35,17.24,17.26,1774291065000,17.35,17.35,3131,1868.5,1774292010000,17.25,17.26,3685,801.5,3209
1774292245000,1774292245000,17.29,17.3,17.24,17.26,1774291615000,17.3,17.28,6302,2602.0,1774292010000,17.25,17.26,3685,801.5,17.27,17.35,17.24,17.26,1774291065000,17.35,17.35,3131,1868.5,1774292010000,17.25,17.26,3685,801.5,3210
1774292250000,1774292250000,17.29,17.3,17.24,17.26,1774291615000,17.3,17.28,6302,2602.0,1774292010000,17.25,17.26,3685,801.5,17.27,17.35,17.24,17.26,1774291065000,17.35,17.35,3131,1868.5,1774292010000,17.25,17.26,3685,801.5,3211
1774292255000,1774292255000,17.29,17.3,17.24,17.26,1774291615000,17.3,17.28,6302,2602.0,1774292010000,17.25,17.26,3685,801.5,17.27,17.35,17.24,17.26,1774291065000,17.35,17.35,3131,1868.5,1774292010000,17.25,17.26,3685,801.5,3212
1774292260000,1774292260000,17.29,17.3,17.24,17.26,1774291615000,17.3,17.28,6302,2602.0,1774292010000,17.25,17.26,3685,801.5,17.27,17.35,17.24,17.26,1774291065000,17.35,17.35,3131,1868.5,1774292010000,17.25,17.26,3685,801.5,3213
1774292265000,1774292265000,17.29,17.3,17.24,17.27,1774291615000,17.3,17.28,6302,2602.0,1774292010000,17.25,17.26,3685,801.5,17.27,17.35,17.24,17.27,1774291065000,17.35,17.35,3131,1868.5,1774292010000,17.25,17.26,3685,801.5,3214
1774292270000,1774292270000,17.29,17.3,17.24,17.27,1774291615000,17.3,17.28,6302,2602.0,1774292010000,17.25,17.26,3685,801.5,17.27,17.35,17.24,17.27,1774291065000,17.35,17.35,3131,1868.5,1774292010000,17.25,17.26,3685,801.5,3215
1774292275000,1774292275000,17.29,17.3,17.24,17.27,1774291615000,17.3,17.28,6302,2602.0,1774292010000,17.25,17.26,3685,801.5,17.27,17.35,17.24,17.27,1774291065000,17.35,17.35,3131,1868.5,1774292010000,17.25,17.26,3685,801.5,3216
1774292280000,1774292280000,17.29,17.3,17.24,17.27,1774291615000,17.3,17.28,6302,2602.0,1774292010000,17.25,17.26,3685,801.5,17.27,17.35,17.24,17.27,1774291065000,17.35,17.35,3131,1868.5,1774292010000,17.25,17.26,3685,801.5,3217
1774292285000,1774292285000,17.29,17.3,17.24,17.27,1774291615000,17.3,17.28,6302,2602.0,1774292010000,17.25,17.26,3685,801.5,17.27,17.35,17.24,17.27,1774291065000,17.35,17.35,3131,1868.5,1774292010000,17.25,17.26,3685,801.5,3218
1774292290000,1774292290000,17.3,17.3,17.24,17.27,1774291615000,17.3,17.28,6302,2602.0,1774292010000,17.25,17.26,3685,801.5,17.27,17.35,17.24,17.27,1774291065000,17.35,17.35,3131,1868.5,1774292010000,17.25,17.26,3685,801.5,3219
1774292295000,1774292295000,17.3,17.3,17.24,17.27,1774291615000,17.3,17.28,6302,2602.0,1774292010000,17.25,17.26,3685,801.5,17.27,17.35,17.24,17.27,1774291065000,17.35,17.35,3131,1868.5,1774292010000,17.25,17.26,3685,801.5,3220
1774292300000,1774292300000,17.3,17.3,17.24,17.27,1774291615000,17.3,17.28,6302,2602.0,1774292010000,17.25,17.26,3685,801.5,17.27,17.35,17.24,17.27,1774291065000,17.35,17.35,3131,1868.5,1774292010000,17.25,17.26,3685,801.5,3221
1774292305000,1774292305000,17.29,17.3,17.24,17.28,1774291615000,17.3,17.28,6302,2602.0,1774292010000,17.25,17.26,3685,801.5,17.28,17.35,17.24,17.28,1774291065000,17.35,17.35,3131,1868.5,1774292010000,17.25,17.26,3685,801.5,3222
1774292310000,1774292310000,17.28,17.3,17.24,17.27,1774291615000,17.3,17.28,6302,2602.0,1774292010000,17.25,17.26,3685,801.5,17.28,17.35,17.24,17.27,1774291065000,17.35,17.35,3131,1868.5,1774292010000,17.25,17.26,3685,801.5,3223
1774292315000,1774292315000,17.28,17.3,17.24,17.28,1774291615000,17.3,17.28,6302,2602.0,1774292010000,17.25,17.26,3685,801.5,17.28,17.35,17.24,17.28,1774291065000,17.35,17.35,3131,1868.5,1774292010000,17.25,17.26,3685,801.5,3224
1774292320000,1774292320000,17.29,17.3,17.24,17.28,1774291615000,17.3,17.28,6302,2602.0,1774292010000,17.25,17.26,3685,801.5,17.29,17.35,17.24,17.28,1774291065000,17.35,17.35,3131,1868.5,1774292010000,17.25,17.26,3685,801.5,3225
1774292325000,1774292325000,17.29,17.3,17.24,17.28,1774291615000,17.3,17.28,6302,2602.0,1774292010000,17.25,17.26,3685,801.5,17.29,17.35,17.24,17.28,1774291065000,17.35,17.35,3131,1868.5,1774292010000,17.25,17.26,3685,801.5,3226
1774292330000,1774292330000,17.29,17.3,17.24,17.28,1774291615000,17.3,17.28,6302,2602.0,1774292010000,17.25,17.26,3685,801.5,17.32,17.35,17.24,17.28,1774291065000,17.35,17.35,3131,1868.5,1774292010000,17.25,17.26,3685,801.5,3227
1774292335000,1774292335000,17.29,17.3,17.24,17.29,1774291615000,17.3,17.28,6302,2602.0,1774292010000,17.25,17.26,3685,801.5,17.32,17.35,17.24,17.29,1774291065000,17.35,17.35,3131,1868.5,1774292010000,17.25,17.26,3685,801.5,3228
1774292340000,1774292340000,17.3,17.3,17.24,17.29,1774291615000,17.3,17.28,6302,2602.0,1774292010000,17.25,17.26,3685,801.5,17.32,17.35,17.24,17.29,1774291065000,17.35,17.35,3131,1868.5,1774292010000,17.25,17.26,3685,801.5,3229
1774292345000,1774292345000,17.3,17.3,17.24,17.29,1774291615000,17.3,17.28,6302,2602.0,1774292010000,17.25,17.26,3685,801.5,17.32,17.35,17.24,17.29,1774291065000,17.35,17.35,3131,1868.5,1774292010000,17.25,17.26,3685,801.5,3230
1774292350000,1774292350000,17.28,17.3,17.24,17.28,1774291615000,17.3,17.28,6302,2602.0,1774292010000,17.25,17.26,3685,801.5,17.32,17.35,17.24,17.28,1774291065000,17.35,17.35,3131,1868.5,1774292010000,17.25,17.26,3685,801.5,3231
1774292355000,1774292355000,17.28,17.3,17.24,17.28,1774291615000,17.3,17.28,6302,2602.0,1774292010000,17.25,17.26,3685,801.5,17.32,17.35,17.24,17.28,1774291065000,17.35,17.35,3131,1868.5,1774292010000,17.25,17.26,3685,801.5,3232
1774292360000,1774292360000,17.27,17.3,17.24,17.29,1774291615000,17.3,17.28,6302,2602.0,1774292010000,17.25,17.26,3685,801.5,17.33,17.35,17.24,17.29,1774291065000,17.35,17.35,3131,1868.5,1774292010000,17.25,17.26,3685,801.5,3233
1774292365000,1774292365000,17.28,17.3,17.24,17.27,1774291615000,17.3,17.28,6302,2602.0,1774292010000,17.25,17.26,3685,801.5,17.33,17.35,17.24,17.27,1774291065000,17.35,17.35,3131,1868.5,1774292010000,17.25,17.26,3685,801.5,3234
1774292370000,1774292370000,17.28,17.3,17.24,17.27,1774291615000,17.3,17.28,6302,2602.0,1774292010000,17.25,17.26,3685,801.5,17.32,17.35,17.24,17.27,1774291065000,17.35,17.35,3131,1868.5,1774292010000,17.25,17.26,3685,801.5,3235
1774292375000,1774292375000,17.29,17.3,17.24,17.27,1774291615000,17.3,17.28,6302,2602.0,1774292010000,17.25,17.26,3685,801.5,17.32,17.35,17.24,17.27,1774291065000,17.35,17.35,3131,1868.5,1774292010000,17.25,17.26,3685,801.5,3236
1774292380000,1774292380000,17.29,17.3,17.24,17.27,1774291615000,17.3,17.28,6302,2602.0,1774292010000,17.25,17.26,3685,801.5,17.32,17.35,17.24,17.27,1774291065000,17.35,17.35,3131,1868.5,1774292010000,17.25,17.26,3685,801.5,3237
1774292385000,1774292385000,17.29,17.3,17.24,17.27,1774291615000,17.3,17.28,6302,2602.0,1774292010000,17.25,17.26,3685,801.5,17.32,17.35,17.24,17.27,1774291065000,17.35,17.35,3131,1868.5,1774292010000,17.25,17.26,3685,801.5,3238
1774292390000,1774292390000,17.29,17.3,17.24,17.26,1774291615000,17.3,17.28,6302,2602.0,1774292010000,17.25,17.26,3685,801.5,17.32,17.35,17.24,17.26,1774291065000,17.35,17.35,3131,1868.5,1774292010000,17.25,17.26,3685,801.5,3239
1774292395000,1774292395000,17.29,17.3,17.24,17.27,1774291615000,17.3,17.28,6302,2602.0,1774292010000,17.25,17.26,3685,801.5,17.32,17.35,17.24,17.27,1774291065000,17.35,17.35,3131,1868.5,1774292010000,17.25,17.26,3685,801.5,3240
1774292400000,1774292400000,17.29,17.29,17.24,17.27,1774292365000,17.28,17.27,6789,1277.5,1774292010000,17.25,17.26,3685,801.5,17.32,17.35,17.24,17.27,1774291065000,17.35,17.35,3131,1868.5,1774292010000,17.25,17.26,3685,801.5,3241
1774292405000,1774292405000,17.28,17.29,17.24,17.27,1774292365000,17.28,17.27,6789,1277.5,1774292010000,17.25,17.26,3685,801.5,17.33,17.35,17.24,17.27,1774291065000,17.35,17.35,3131,1868.5,1774292010000,17.25,17.26,3685,801.5,3242
1774292410000,1774292410000,17.28,17.29,17.24,17.27,1774292365000,17.28,17.27,6789,1277.5,1774292010000,17.25,17.26,3685,801.5,17.33,17.35,17.24,17.27,1774291065000,17.35,17.35,3131,1868.5,1774292010000,17.25,17.26,3685,801.5,3243
1774292415000,1774292415000,17.28,17.29,17.24,17.27,1774292365000,17.28,17.27,6789,1277.5,1774292010000,17.25,17.26,3685,801.5,17.33,17.35,17.24,17.27,1774291065000,17.35,17.35,3131,1868.5,1774292010000,17.25,17.26,3685,801.5,3244
1774292420000,1774292420000,17.28,17.29,17.24,17.28,1774292365000,17.28,17.27,6789,1277.5,1774292010000,17.25,17.26,3685,801.5,17.33,17.35,17.24,17.28,1774291065000,17.35,17.35,3131,1868.5,1774292010000,17.25,17.26,3685,801.5,3245
1774292425000,1774292425000,17.28,17.29,17.24,17.28,1774292365000,17.28,17.27,6789,1277.5,1774292010000,17.25,17.26,3685,801.5,17.33,17.35,17.24,17.28,1774291065000,17.35,17.35,3131,1868.5,1774292010000,17.25,17.26,3685,801.5,3246
1774292430000,1774292430000,17.28,17.29,17.24,17.27,1774292365000,17.28,17.27,6789,1277.5,1774292010000,17.25,17.26,3685,801.5,17.33,17.35,17.24,17.27,1774291065000,17.35,17.35,3131,1868.5,1774292010000,17.25,17.26,3685,801.5,3247
1774292435000,1774292435000,17.28,17.29,17.24,17.28,1774292365000,17.28,17.27,6789,1277.5,1774292010000,17.25,17.26,3685,801.5,17.33,17.35,17.24,17.28,1774291065000,17.35,17.35,3131,1868.5,1774292010000,17.25,17.26,3685,801.5,3248
1774292440000,1774292440000,17.28,17.29,17.24,17.28,1774292365000,17.28,17.27,6789,1277.5,1774292010000,17.25,17.26,3685,801.5,17.33,17.35,17.24,17.28,1774291065000,17.35,17.35,3131,1868.5,1774292010000,17.25,17.26,3685,801.5,3249
1774292445000,1774292445000,17.28,17.29,17.24,17.27,1774292365000,17.28,17.27,6789,1277.5,1774292010000,17.25,17.26,3685,801.5,17.34,17.35,17.24,17.27,1774291065000,17.35,17.35,3131,1868.5,1774292010000,17.25,17.26,3685,801.5,3250
1774292450000,1774292450000,17.27,17.29,17.24,17.27,1774292365000,17.28,17.27,6789,1277.5,1774292010000,17.25,17.26,3685,801.5,17.34,17.35,17.24,17.27,1774291065000,17.35,17.35,3131,1868.5,1774292010000,17.25,17.26,3685,801.5,3251
1774292455000,1774292455000,17.27,17.29,17.24,17.27,1774292365000,17.28,17.27,6789,1277.5,1774292010000,17.25,17.26,3685,801.5,17.34,17.35,17.24,17.27,1774291065000,17.35,17.35,3131,1868.5,1774292010000,17.25,17.26,3685,801.5,3252
1774292460000,1774292460000,17.27,17.29,17.24,17.26,1774292365000,17.28,17.27,6789,1277.5,1774292010000,17.25,17.26,3685,801.5,17.34,17.35,17.24,17.26,1774291065000,17.35,17.35,3131,1868.5,1774292010000,17.25,17.26,3685,801.5,3253
1774292465000,1774292465000,17.27,17.29,17.24,17.26,1774292365000,17.28,17.27,6789,1277.5,1774292010000,17.25,17.26,3685,801.5,17.34,17.35,17.24,17.26,1774291065000,17.35,17.35,3131,1868.5,1774292010000,17.25,17.26,3685,801.5,3254
1774292470000,1774292470000,17.28,17.29,17.24,17.27,1774292365000,17.28,17.27,6789,1277.5,1774292010000,17.25,17.26,3685,801.5,17.34,17.35,17.24,17.27,1774291065000,17.35,17.35,3131,1868.5,1774292010000,17.25,17.26,3685,801.5,3255
1774292475000,1774292475000,17.28,17.29,17.24,17.27,1774292365000,17.28,17.27,6789,1277.5,1774292010000,17.25,17.26,3685,801.5,17.35,17.35,17.24,17.27,1774291065000,17.35,17.35,3131,1868.5,1774292010000,17.25,17.26,3685,801.5,3256
1774292480000,1774292480000,17.28,17.29,17.24,17.28,1774292365000,17.28,17.27,6789,1277.5,1774292010000,17.25,17.26,3685,801.5,17.34,17.34,17.24,17.28,1774291250000,17.34,17.33,3200,757.5,1774292010000,17.25,17.26,3685,801.5,3257
1774292485000,1774292485000,17.28,17.29,17.24,17.27,1774292365000,17.28,17.27,6789,1277.5,1774292010000,17.25,17.26,3685,801.5,17.34,17.34,17.24,17.27,1774291250000,17.34,17.33,3200,757.5,1774292010000,17.25,17.26,3685,801.5,3258
1774292490000,1774292490000,17.28,17.29,17.24,17.28,1774292365000,17.28,17.27,6789,1277.5,1774292010000,17.25,17.26,3685,801.5,17.34,17.34,17.24,17.28,1774291250000,17.34,17.33,3200,757.5,1774292010000,17.25,17.26,3685,801.5,3259
1774292495000,1774292495000,17.28,17.29,17.24,17.28,1774292365000,17.28,17.27,6789,1277.5,1774292010000,17.25,17.26,3685,801.5,17.34,17.34,17.24,17.28,1774291250000,17.34,17.33,3200,757.5,1774292010000,17.25,17.26,3685,801.5,3260
1774292500000,1774292500000,17.28,17.29,17.24,17.27,1774292365000,17.28,17.27,6789,1277.5,1774292010000,17.25,17.26,3685,801.5,17.34,17.34,17.24,17.27,1774291250000,17.34,17.33,3200,757.5,1774292010000,17.25,17.26,3685,801.5,3261
1774292505000,1774292505000,17.27,17.29,17.24,17.26,1774292365000,17.28,17.27,6789,1277.5,1774292010000,17.25,17.26,3685,801.5,17.34,17.34,17.24,17.26,1774291250000,17.34,17.33,3200,757.5,1774292010000,17.25,17.26,3685,801.5,3262
1774292510000,1774292510000,17.27,17.29,17.24,17.26,1774292365000,17.28,17.27,6789,1277.5,1774292010000,17.25,17.26,3685,801.5,17.34,17.34,17.24,17.26,1774291250000,17.34,17.33,3200,757.5,1774292010000,17.25,17.26,3685,801.5,3263
1774292515000,1774292515000,17.28,17.29,17.24,17.27,1774292365000,17.28,17.27,6789,1277.5,1774292010000,17.25,17.26,3685,801.5,17.34,17.34,17.24,17.27,1774291250000,17.34,17.33,3200,757.5,1774292010000,17.25,17.26,3685,801.5,3264
1774292520000,1774292520000,17.28,17.29,17.24,17.27,1774292365000,17.28,17.27,6789,1277.5,1774292010000,17.25,17.26,3685,801.5,17.34,17.34,17.24,17.27,1774291250000,17.34,17.33,3200,757.5,1774292010000,17.25,17.26,3685,801.5,3265
1774292525000,1774292525000,17.28,17.29,17.24,17.27,1774292365000,17.28,17.27,6789,1277.5,1774292010000,17.25,17.26,3685,801.5,17.34,17.34,17.24,17.27,1774291250000,17.34,17.33,3200,757.5,1774292010000,17.25,17.26,3685,801.5,3266
1774292530000,1774292530000,17.28,17.29,17.24,17.27,1774292365000,17.28,17.27,6789,1277.5,1774292010000,17.25,17.26,3685,801.5,17.34,17.34,17.24,17.27,1774291250000,17.34,17.33,3200,757.5,1774292010000,17.25,17.26,3685,801.5,3267
1774292535000,1774292535000,17.28,17.29,17.24,17.27,1774292365000,17.28,17.27,6789,1277.5,1774292010000,17.25,17.26,3685,801.5,17.34,17.34,17.24,17.27,1774291250000,17.34,17.33,3200,757.5,1774292010000,17.25,17.26,3685,801.5,3268
1774292540000,1774292540000,17.28,17.29,17.24,17.28,1774292365000,17.28,17.27,6789,1277.5,1774292010000,17.25,17.26,3685,801.5,17.34,17.34,17.24,17.28,1774291250000,17.34,17.33,3200,757.5,1774292010000,17.25,17.26,3685,801.5,3269
1774292545000,1774292545000,17.27,17.29,17.24,17.27,1774292365000,17.28,17.27,6789,1277.5,1774292010000,17.25,17.26,3685,801.5,17.33,17.34,17.24,17.27,1774291250000,17.34,17.33,3200,757.5,1774292010000,17.25,17.26,3685,801.5,3270
1774292550000,1774292550000,17.26,17.29,17.24,17.27,1774292365000,17.28,17.27,6789,1277.5,1774292010000,17.25,17.26,3685,801.5,17.33,17.34,17.24,17.27,1774291250000,17.34,17.33,3200,757.5,1774292010000,17.25,17.26,3685,801.5,3271
1774292555000,1774292555000,17.26,17.29,17.24,17.27,1774292365000,17.28,17.27,6789,1277.5,1774292010000,17.25,17.26,3685,801.5,17.33,17.34,17.24,17.27,1774291250000,17.34,17.33,3200,757.5,1774292010000,17.25,17.26,3685,801.5,3272
1774292560000,1774292560000,17.26,17.29,17.24,17.28,1774292365000,17.28,17.27,6789,1277.5,1774292010000,17.25,17.26,3685,801.5,17.33,17.34,17.24,17.28,1774291250000,17.34,17.33,3200,757.5,1774292010000,17.25,17.26,3685,801.5,3273
1774292565000,1774292565000,17.27,17.29,17.24,17.27,1774292365000,17.28,17.27,6789,1277.5,1774292010000,17.25,17.26,3685,801.5,17.32,17.34,17.24,17.27,1774291250000,17.34,17.33,3200,757.5,1774292010000,17.25,17.26,3685,801.5,3274
1774292570000,1774292570000,17.27,17.29,17.24,17.28,1774292365000,17.28,17.27,6789,1277.5,1774292010000,17.25,17.26,3685,801.5,17.32,17.34,17.24,17.28,1774291250000,17.34,17.33,3200,757.5,1774292010000,17.25,17.26,3685,801.5,3275
1774292575000,1774292575000,17.27,17.29,17.24,17.28,1774292365000,17.28,17.27,6789,1277.5,1774292010000,17.25,17.26,3685,801.5,17.32,17.34,17.24,17.28,1774291250000,17.34,17.33,3200,757.5,1774292010000,17.25,17.26,3685,801.5,3276
1774292580000,1774292580000,17.29,17.29,17.24,17.28,1774292365000,17.28,17.27,6789,1277.5,1774292010000,17.25,17.26,3685,801.5,17.32,17.34,17.24,17.28,1774291250000,17.34,17.33,3200,757.5,1774292010000,17.25,17.26,3685,801.5,3277
1774292585000,1774292585000,17.29,17.29,17.24,17.28,1774292365000,17.28,17.27,6789,1277.5,1774292010000,17.25,17.26,3685,801.5,17.32,17.34,17.24,17.28,1774291250000,17.34,17.33,3200,757.5,1774292010000,17.25,17.26,3685,801.5,3278
1774292590000,1774292590000,17.29,17.29,17.24,17.28,1774292365000,17.28,17.27,6789,1277.5,1774292010000,17.25,17.26,3685,801.5,17.31,17.34,17.24,17.28,1774291250000,17.34,17.33,3200,757.5,1774292010000,17.25,17.26,3685,801.5,3279
1774292595000,1774292595000,17.28,17.29,17.24,17.26,1774292365000,17.28,17.27,6789,1277.5,1774292010000,17.25,17.26,3685,801.5,17.3,17.34,17.24,17.26,1774291250000,17.34,17.33,3200,757.5,1774292010000,17.25,17.26,3685,801.5,3280
1774292600000,1774292600000,17.28,17.29,17.24,17.25,1774292365000,17.28,17.27,6789,1277.5,1774292010000,17.25,17.26,3685,801.5,17.3,17.34,17.24,17.25,1774291250000,17.34,17.33,3200,757.5,1774292010000,17.25,17.26,3685,801.5,3281
1774292605000,1774292605000,17.28,17.29,17.24,17.26,1774292365000,17.28,17.27,6789,1277.5,1774292010000,17.25,17.26,3685,801.5,17.3,17.34,17.24,17.26,1774291250000,17.34,17.33,3200,757.5,1774292010000,17.25,17.26,3685,801.5,3282
1774292610000,1774292610000,17.28,17.29,17.24,17.25,1774292365000,17.28,17.27,6789,1277.5,1774292010000,17.25,17.26,3685,801.5,17.3,17.34,17.24,17.25,1774291250000,17.34,17.33,3200,757.5,1774292010000,17.25,17.26,3685,801.5,3283
1774292615000,1774292615000,17.28,17.29,17.24,17.25,1774292365000,17.28,17.27,6789,1277.5,1774292615000,17.25,17.25,15302,14439.5,17.3,17.34,17.24,17.25,1774291250000,17.34,17.33,3200,757.5,1774292615000,17.25,17.25,15302,14439.5,3284
1774292620000,1774292620000,17.27,17.29,17.24,17.24,1774292365000,17.28,17.27,6789,1277.5,1774292620000,17.24,17.24,4600,0.0,17.3,17.34,17.24,17.24,1774291250000,17.34,17.33,3200,757.5,1774292620000,17.24,17.24,4600,0.0,3285
1774292625000,1774292625000,17.27,17.29,17.24,17.24,1774292365000,17.28,17.27,6789,1277.5,1774292625000,17.24,17.24,1530,0.0,17.3,17.34,17.24,17.24,1774291250000,17.34,17.33,3200,757.5,1774292625000,17.24,17.24,1530,0.0,3286
1774292630000,1774292630000,17.27,17.29,17.24,17.24,1774292365000,17.28,17.27,6789,1277.5,1774292630000,17.24,17.24,1800,1035.0,17.3,17.34,17.24,17.24,1774291250000,17.34,17.33,3200,757.5,1774292630000,17.24,17.24,1800,1035.0,3287
1774292635000,1774292635000,17.27,17.29,17.24,17.25,1774292365000,17.28,17.27,6789,1277.5,1774292635000,17.24,17.25,244,0.0,17.3,17.34,17.24,17.25,1774291250000,17.34,17.33,3200,757.5,1774292635000,17.24,17.25,244,0.0,3288
1774292640000,1774292640000,17.27,17.29,17.24,17.26,1774292365000,17.28,17.27,6789,1277.5,1774292640000,17.24,17.26,10352,10230.0,17.3,17.34,17.24,17.26,1774291250000,17.34,17.33,3200,757.5,1774292640000,17.24,17.26,10352,10230.0,3289
1774292645000,1774292645000,17.27,17.29,17.24,17.26,1774292365000,17.28,17.27,6789,1277.5,1774292640000,17.24,17.26,10352,8180.0,17.3,17.34,17.24,17.26,1774291250000,17.34,17.33,3200,757.5,1774292640000,17.24,17.26,10352,8180.0,3290
1774292650000,1774292650000,17.27,17.29,17.24,17.26,1774292365000,17.28,17.27,6789,1277.5,1774292640000,17.24,17.26,10352,8180.0,17.3,17.34,17.24,17.26,1774291250000,17.34,17.33,3200,757.5,1774292640000,17.24,17.26,10352,8180.0,3291
1774292655000,1774292655000,17.25,17.29,17.23,17.23,1774292365000,17.28,17.27,6789,1277.5,1774292655000,17.26,17.23,21334,21181.5,17.3,17.34,17.23,17.23,1774291250000,17.34,17.33,3200,757.5,1774292655000,17.26,17.23,21334,21181.5,3292
1774292660000,1774292660000,17.25,17.29,17.23,17.25,1774292365000,17.28,17.27,6789,1277.5,1774292660000,17.23,17.25,26905,16238.0,17.31,17.34,17.23,17.25,1774291250000,17.34,17.33,3200,757.5,1774292660000,17.23,17.25,26905,16238.0,3293
1774292665000,1774292665000,17.25,17.29,17.23,17.25,1774292365000,17.28,17.27,6789,1277.5,1774292660000,17.23,17.25,26905,15863.0,17.31,17.34,17.23,17.25,1774291250000,17.34,17.33,3200,757.5,1774292660000,17.23,17.25,26905,15863.0,3294
1774292670000,1774292670000,17.25,17.29,17.23,17.25,1774292365000,17.28,17.27,6789,1277.5,1774292660000,17.23,17.25,26905,15863.0,17.31,17.34,17.23,17.25,1774291250000,17.34,17.33,3200,757.5,1774292660000,17.23,17.25,26905,15863.0,3295
1774292675000,1774292675000,17.26,17.29,17.23,17.24,1774292365000,17.28,17.27,6789,1277.5,1774292660000,17.23,17.25,26905,15863.0,17.31,17.34,17.23,17.24,1774291250000,17.34,17.33,3200,757.5,1774292660000,17.23,17.25,26905,15863.0,3296
1774292680000,1774292680000,17.26,17.29,17.23,17.25,1774292365000,17.28,17.27,6789,1277.5,1774292660000,17.23,17.25,26905,15863.0,17.31,17.34,17.23,17.25,1774291250000,17.34,17.33,3200,757.5,1774292660000,17.23,17.25,26905,15863.0,3297
1774292685000,1774292685000,17.27,17.29,17.23,17.25,1774292365000,17.28,17.27,6789,1277.5,1774292660000,17.23,17.25,26905,15863.0,17.31,17.34,17.23,17.25,1774291250000,17.34,17.33,3200,757.5,1774292660000,17.23,17.25,26905,15863.0,3298
1774292690000,1774292690000,17.27,17.29,17.23,17.25,1774292365000,17.28,17.27,6789,1277.5,1774292660000,17.23,17.25,26905,15863.0,17.32,17.34,17.23,17.25,1774291250000,17.34,17.33,3200,757.5,1774292660000,17.23,17.25,26905,15863.0,3299
1774292695000,1774292695000,17.27,17.29,17.23,17.25,1774292365000,17.28,17.27,6789,1277.5,1774292660000,17.23,17.25,26905,15863.0,17.32,17.34,17.23,17.25,1774291250000,17.34,17.33,3200,757.5,1774292660000,17.23,17.25,26905,15863.0,3300
1774292700000,1774292700000,17.27,17.29,17.23,17.26,1774292365000,17.28,17.27,6789,1277.5,1774292660000,17.23,17.25,26905,15863.0,17.32,17.34,17.23,17.26,1774291250000,17.34,17.33,3200,757.5,1774292660000,17.23,17.25,26905,15863.0,3301
1774292705000,1774292705000,17.27,17.29,17.23,17.26,1774292365000,17.28,17.27,6789,1277.5,1774292660000,17.23,17.25,26905,15863.0,17.3,17.34,17.23,17.26,1774291250000,17.34,17.33,3200,757.5,1774292660000,17.23,17.25,26905,15863.0,3302
1774292710000,1774292710000,17.27,17.29,17.23,17.26,1774292365000,17.28,17.27,6789,1277.5,1774292660000,17.23,17.25,26905,15863.0,17.32,17.34,17.23,17.26,1774291250000,17.34,17.33,3200,757.5,1774292660000,17.23,17.25,26905,15863.0,3303
1774292715000,1774292715000,17.27,17.29,17.23,17.26,1774292365000,17.28,17.27,6789,1277.5,1774292660000,17.23,17.25,26905,15863.0,17.32,17.34,17.23,17.26,1774291250000,17.34,17.33,3200,757.5,1774292660000,17.23,17.25,26905,15863.0,3304
1774292720000,1774292720000,17.27,17.29,17.23,17.26,1774292365000,17.28,17.27,6789,1277.5,1774292660000,17.23,17.25,26905,15863.0,17.32,17.34,17.23,17.26,1774291250000,17.34,17.33,3200,757.5,1774292660000,17.23,17.25,26905,15863.0,3305
1774292725000,1774292725000,17.27,17.29,17.23,17.26,1774292365000,17.28,17.27,6789,1277.5,1774292660000,17.23,17.25,26905,15863.0,17.32,17.34,17.23,17.26,1774291250000,17.34,17.33,3200,757.5,1774292660000,17.23,17.25,26905,15863.0,3306
1774292730000,1774292730000,17.27,17.29,17.23,17.26,1774292365000,17.28,17.27,6789,1277.5,1774292660000,17.23,17.25,26905,15863.0,17.32,17.34,17.23,17.26,1774291250000,17.34,17.33,3200,757.5,1774292660000,17.23,17.25,26905,15863.0,3307
1774292735000,1774292735000,17.27,17.29,17.23,17.25,1774292365000,17.28,17.27,6789,1277.5,1774292660000,17.23,17.25,26905,15863.0,17.32,17.34,17.23,17.25,1774291250000,17.34,17.33,3200,757.5,1774292660000,17.23,17.25,26905,15863.0,3308
1774292740000,1774292740000,17.25,17.29,17.23,17.26,1774292365000,17.28,17.27,6789,1277.5,1774292660000,17.23,17.25,26905,15863.0,17.34,17.34,17.23,17.26,1774291250000,17.34,17.33,3200,757.5,1774292660000,17.23,17.25,26905,15863.0,3309
1774292745000,1774292745000,17.25,17.29,17.23,17.26,1774292365000,17.28,17.27,6789,1277.5,1774292660000,17.23,17.25,26905,15863.0,17.34,17.34,17.23,17.26,1774291250000,17.34,17.33,3200,757.5,1774292660000,17.23,17.25,26905,15863.0,3310
1774292750000,1774292750000,17.25,17.29,17.23,17.26,1774292365000,17.28,17.27,6789,1277.5,1774292660000,17.23,17.25,26905,15863.0,17.34,17.34,17.23,17.26,1774291250000,17.34,17.33,3200,757.5,1774292660000,17.23,17.25,26905,15863.0,3311
1774292755000,1774292755000,17.25,17.29,17.23,17.26,1774292365000,17.28,17.27,6789,1277.5,1774292660000,17.23,17.25,26905,15863.0,17.34,17.34,17.23,17.26,1774291250000,17.34,17.33,3200,757.5,1774292660000,17.23,17.25,26905,15863.0,3312
1774292760000,1774292760000,17.25,17.29,17.23,17.27,1774292365000,17.28,17.27,6789,1277.5,1774292660000,17.23,17.25,26905,15863.0,17.32,17.33,17.23,17.27,1774291260000,17.32,17.3,12310,8847.0,1774292660000,17.23,17.25,26905,15863.0,3313
1774292765000,1774292765000,17.25,17.29,17.23,17.27,1774292365000,17.28,17.27,6789,1277.5,1774292660000,17.23,17.25,26905,15863.0,17.31,17.31,17.23,17.27,1774291435000,17.3,17.3,8070,8070.0,1774292660000,17.23,17.25,26905,15863.0,3314
1774292770000,1774292770000,17.24,17.29,17.23,17.27,1774292365000,17.28,17.27,6789,1277.5,1774292660000,17.23,17.25,26905,15863.0,17.29,17.31,17.23,17.27,1774291435000,17.3,17.3,8070,8070.0,1774292660000,17.23,17.25,26905,15863.0,3315
1774292775000,1774292775000,17.24,17.29,17.23,17.27,1774292365000,17.28,17.27,6789,1277.5,1774292660000,17.23,17.25,26905,15863.0,17.29,17.31,17.23,17.27,1774291435000,17.3,17.3,8070,8070.0,1774292660000,17.23,17.25,26905,15863.0,3316
1774292780000,1774292780000,17.25,17.29,17.23,17.28,1774292365000,17.28,17.27,6789,1277.5,1774292660000,17.23,17.25,26905,15863.0,17.29,17.31,17.23,17.28,1774291435000,17.3,17.3,8070,8070.0,1774292660000,17.23,17.25,26905,15863.0,3317
1774292785000,1774292785000,17.25,17.29,17.23,17.28,1774292365000,17.28,17.27,6789,1277.5,1774292660000,17.23,17.25,26905,15863.0,17.29,17.31,17.23,17.28,1774291435000,17.3,17.3,8070,8070.0,1774292660000,17.23,17.25,26905,15863.0,3318
1774292790000,1774292790000,17.26,17.29,17.23,17.27,1774292365000,17.28,17.27,6789,1277.5,1774292660000,17.23,17.25,26905,15863.0,17.3,17.31,17.23,17.27,1774291435000,17.3,17.3,8070,8070.0,1774292660000,17.23,17.25,26905,15863.0,3319
1774292795000,1774292795000,17.26,17.29,17.23,17.28,1774292365000,17.28,17.27,6789,1277.5,1774292660000,17.23,17.25,26905,15863.0,17.3,17.31,17.23,17.28,1774291435000,17.3,17.3,8070,8070.0,1774292660000,17.23,17.25,26905,15863.0,3320
1774292800000,1774292800000,17.26,17.29,17.23,17.27,1774292365000,17.28,17.27,6789,1277.5,1774292660000,17.23,17.25,26905,15863.0,17.29,17.31,17.23,17.27,1774291435000,17.3,17.3,8070,8070.0,1774292660000,17.23,17.25,26905,15863.0,3321
1774292805000,1774292805000,17.26,17.29,17.23,17.26,1774292365000,17.28,17.27,6789,1277.5,1774292660000,17.23,17.25,26905,15863.0,17.3,17.31,17.23,17.26,1774291435000,17.3,17.3,8070,8070.0,1774292660000,17.23,17.25,26905,15863.0,3322
1774292810000,1774292810000,17.26,17.29,17.23,17.26,1774292365000,17.28,17.27,6789,1277.5,1774292660000,17.23,17.25,26905,15863.0,17.3,17.31,17.23,17.26,1774291435000,17.3,17.3,8070,8070.0,1774292660000,17.23,17.25,26905,15863.0,3323
1774292815000,1774292815000,17.26,17.29,17.23,17.26,1774292365000,17.28,17.27,6789,1277.5,1774292660000,17.23,17.25,26905,15863.0,17.3,17.31,17.23,17.26,1774291435000,17.3,17.3,8070,8070.0,1774292660000,17.23,17.25,26905,15863.0,3324
1774292820000,1774292820000,17.26,17.29,17.23,17.26,1774292365000,17.28,17.27,6789,1277.5,1774292660000,17.23,17.25,26905,15863.0,17.3,17.31,17.23,17.26,1774291435000,17.3,17.3,8070,8070.0,1774292660000,17.23,17.25,26905,15863.0,3325
1774292825000,1774292825000,17.27,17.29,17.23,17.26,1774292365000,17.28,17.27,6789,1277.5,1774292660000,17.23,17.25,26905,15863.0,17.3,17.31,17.23,17.26,1774291435000,17.3,17.3,8070,8070.0,1774292660000,17.23,17.25,26905,15863.0,3326
1774292830000,1774292830000,17.28,17.29,17.23,17.25,1774292365000,17.28,17.27,6789,1277.5,1774292660000,17.23,17.25,26905,15863.0,17.3,17.31,17.23,17.25,1774291435000,17.3,17.3,8070,8070.0,1774292660000,17.23,17.25,26905,15863.0,3327
1774292835000,1774292835000,17.28,17.29,17.23,17.25,1774292365000,17.28,17.27,6789,1277.5,1774292660000,17.23,17.25,26905,15863.0,17.3,17.31,17.23,17.25,1774291435000,17.3,17.3,8070,8070.0,1774292660000,17.23,17.25,26905,15863.0,3328
1774292840000,1774292840000,17.28,17.29,17.23,17.26,1774292365000,17.28,17.27,6789,1277.5,1774292660000,17.23,17.25,26905,15863.0,17.3,17.31,17.23,17.26,1774291435000,17.3,17.3,8070,8070.0,1774292660000,17.23,17.25,26905,15863.0,3329
1774292845000,1774292845000,17.28,17.29,17.23,17.25,1774292365000,17.28,17.27,6789,1277.5,1774292660000,17.23,17.25,26905,15863.0,17.3,17.31,17.23,17.25,1774291435000,17.3,17.3,8070,8070.0,1774292660000,17.23,17.25,26905,15863.0,3330
1774292850000,1774292850000,17.28,17.29,17.23,17.25,1774292365000,17.28,17.27,6789,1277.5,1774292660000,17.23,17.25,26905,15863.0,17.29,17.31,17.23,17.25,1774291435000,17.3,17.3,8070,8070.0,1774292660000,17.23,17.25,26905,15863.0,3331
1774292855000,1774292855000,17.28,17.29,17.23,17.25,1774292365000,17.28,17.27,6789,1277.5,1774292660000,17.23,17.25,26905,15863.0,17.29,17.31,17.23,17.25,1774291435000,17.3,17.3,8070,8070.0,1774292660000,17.23,17.25,26905,15863.0,3332
1774292860000,1774292860000,17.28,17.29,17.23,17.24,1774292365000,17.28,17.27,6789,1277.5,1774292660000,17.23,17.25,26905,15863.0,17.29,17.31,17.23,17.24,1774291435000,17.3,17.3,8070,8070.0,1774292660000,17.23,17.25,26905,15863.0,3333
1774292865000,1774292865000,17.28,17.29,17.23,17.25,1774292365000,17.28,17.27,6789,1277.5,1774292660000,17.23,17.25,26905,15863.0,17.29,17.31,17.23,17.25,1774291435000,17.3,17.3,8070,8070.0,1774292660000,17.23,17.25,26905,15863.0,3334
1774292870000,1774292870000,17.28,17.29,17.23,17.23,1774292365000,17.28,17.27,6789,1277.5,1774292870000,17.24,17.23,12054,11945.5,17.29,17.31,17.23,17.23,1774291435000,17.3,17.3,8070,8070.0,1774292870000,17.24,17.23,12054,11945.5,3335
1774292875000,1774292875000,17.28,17.29,17.23,17.25,1774292365000,17.28,17.27,6789,1277.5,1774292875000,17.23,17.25,7680,1653.0,17.29,17.31,17.23,17.25,1774291435000,17.3,17.3,8070,8070.0,1774292875000,17.23,17.25,7680,1653.0,3336
1774292880000,1774292880000,17.28,17.29,17.23,17.25,1774292365000,17.28,17.27,6789,1277.5,1774292875000,17.23,17.25,7680,0.0,17.29,17.31,17.23,17.25,1774291435000,17.3,17.3,8070,8070.0,1774292875000,17.23,17.25,7680,0.0,3337
1774292885000,1774292885000,17.28,17.29,17.23,17.25,1774292365000,17.28,17.27,6789,1277.5,1774292875000,17.23,17.25,7680,0.0,17.29,17.31,17.23,17.25,1774291435000,17.3,17.3,8070,8070.0,1774292875000,17.23,17.25,7680,0.0,3338
1774292890000,1774292890000,17.28,17.29,17.23,17.24,1774292365000,17.28,17.27,6789,1277.5,1774292875000,17.23,17.25,7680,0.0,17.29,17.31,17.23,17.24,1774291435000,17.3,17.3,8070,8070.0,1774292875000,17.23,17.25,7680,0.0,3339
1774292895000,1774292895000,17.28,17.29,17.23,17.24,1774292365000,17.28,17.27,6789,1277.5,1774292895000,17.24,17.24,9394,8688.0,17.3,17.31,17.23,17.24,1774291435000,17.3,17.3,8070,8070.0,1774292895000,17.24,17.24,9394,8688.0,3340
1774292900000,1774292900000,17.28,17.29,17.23,17.24,1774292365000,17.28,17.27,6789,1277.5,1774292900000,17.23,17.24,4900,203.0,17.3,17.31,17.23,17.24,1774291435000,17.3,17.3,8070,8070.0,1774292900000,17.23,17.24,4900,203.0,3341
1774292905000,1774292905000,17.28,17.29,17.23,17.25,1774292365000,17.28,17.27,6789,1277.5,1774292900000,17.23,17.24,4900,0.0,17.3,17.31,17.23,17.25,1774291435000,17.3,17.3,8070,8070.0,1774292900000,17.23,17.24,4900,0.0,3342
1774292910000,1774292910000,17.28,17.29,17.23,17.24,1774292365000,17.28,17.27,6789,1277.5,1774292910000,17.24,17.24,7530,4552.5,17.3,17.31,17.23,17.24,1774291435000,17.3,17.3,8070,8070.0,1774292910000,17.24,17.24,7530,4552.5,3343
1774292915000,1774292915000,17.28,17.29,17.23,17.24,1774292365000,17.28,17.27,6789,1277.5,1774292910000,17.24,17.24,7530,2352.5,17.3,17.3,17.23,17.24,1774291615000,17.3,17.28,6302,2602.0,1774292910000,17.24,17.24,7530,2352.5,3344
1774292920000,1774292920000,17.27,17.29,17.23,17.25,1774292365000,17.28,17.27,6789,1277.5,1774292910000,17.24,17.24,7530,2352.5,17.29,17.3,17.23,17.25,1774291615000,17.3,17.28,6302,2602.0,1774292910000,17.24,17.24,7530,2352.5,3345
1774292925000,1774292925000,17.27,17.29,17.23,17.25,1774292365000,17.28,17.27,6789,1277.5,1774292910000,17.24,17.24,7530,2352.5,17.29,17.3,17.23,17.25,1774291615000,17.3,17.28,6302,2602.0,1774292910000,17.24,17.24,7530,2352.5,3346
1774292930000,1774292930000,17.27,17.29,17.23,17.25,1774292365000,17.28,17.27,6789,1277.5,1774292910000,17.24,17.24,7530,2352.5,17.29,17.3,17.23,17.25,1774291615000,17.3,17.28,6302,2602.0,1774292910000,17.24,17.24,7530,2352.5,3347
1774292935000,1774292935000,17.27,17.29,17.23,17.25,1774292365000,17.28,17.27,6789,1277.5,1774292910000,17.24,17.24,7530,2352.5,17.29,17.3,17.23,17.25,1774291615000,17.3,17.28,6302,2602.0,1774292910000,17.24,17.24,7530,2352.5,3348
1774292940000,1774292940000,17.27,17.29,17.23,17.26,1774292365000,17.28,17.27,6789,1277.5,1774292910000,17.24,17.24,7530,2352.5,17.29,17.3,17.23,17.26,1774291615000,17.3,17.28,6302,2602.0,1774292910000,17.24,17.24,7530,2352.5,3349
1774292945000,1774292945000,17.27,17.29,17.23,17.26,1774292365000,17.28,17.27,6789,1277.5,1774292910000,17.24,17.24,7530,2352.5,17.29,17.3,17.23,17.26,1774291615000,17.3,17.28,6302,2602.0,1774292910000,17.24,17.24,7530,2352.5,3350
1774292950000,1774292950000,17.27,17.29,17.23,17.26,1774292365000,17.28,17.27,6789,1277.5,1774292910000,17.24,17.24,7530,2352.5,17.29,17.3,17.23,17.26,1774291615000,17.3,17.28,6302,2602.0,1774292910000,17.24,17.24,7530,2352.5,3351
1774292955000,1774292955000,17.27,17.29,17.23,17.26,1774292365000,17.28,17.27,6789,1277.5,1774292910000,17.24,17.24,7530,2352.5,17.29,17.3,17.23,17.26,1774291615000,17.3,17.28,6302,2602.0,1774292910000,17.24,17.24,7530,2352.5,3352
1774292960000,1774292960000,17.27,17.29,17.23,17.26,1774292365000,17.28,17.27,6789,1277.5,1774292910000,17.24,17.24,7530,2352.5,17.29,17.3,17.23,17.26,1774291615000,17.3,17.28,6302,2602.0,1774292910000,17.24,17.24,7530,2352.5,3353
1774292965000,1774292965000,17.27,17.29,17.23,17.26,1774292365000,17.28,17.27,6789,1277.5,1774292910000,17.24,17.24,7530,2352.5,17.29,17.3,17.23,17.26,1774291615000,17.3,17.28,6302,2602.0,1774292910000,17.24,17.24,7530,2352.5,3354
1774292970000,1774292970000,17.27,17.29,17.23,17.26,1774292365000,17.28,17.27,6789,1277.5,1774292910000,17.24,17.24,7530,2352.5,17.29,17.3,17.23,17.26,1774291615000,17.3,17.28,6302,2602.0,1774292910000,17.24,17.24,7530,2352.5,3355
1774292975000,1774292975000,17.27,17.29,17.23,17.26,1774292365000,17.28,17.27,6789,1277.5,1774292910000,17.24,17.24,7530,2352.5,17.29,17.3,17.23,17.26,1774291615000,17.3,17.28,6302,2602.0,1774292910000,17.24,17.24,7530,2352.5,3356
1774292980000,1774292980000,17.27,17.29,17.23,17.26,1774292365000,17.28,17.27,6789,1277.5,1774292910000,17.24,17.24,7530,2352.5,17.29,17.3,17.23,17.26,1774291615000,17.3,17.28,6302,2602.0,1774292910000,17.24,17.24,7530,2352.5,3357
1774292985000,1774292985000,17.27,17.29,17.23,17.26,1774292365000,17.28,17.27,6789,1277.5,1774292910000,17.24,17.24,7530,2352.5,17.29,17.3,17.23,17.26,1774291615000,17.3,17.28,6302,2602.0,1774292910000,17.24,17.24,7530,2352.5,3358
1774292990000,1774292990000,17.27,17.29,17.23,17.27,1774292365000,17.28,17.27,6789,1277.5,1774292910000,17.24,17.24,7530,2352.5,17.28,17.3,17.23,17.27,1774291615000,17.3,17.28,6302,2602.0,1774292910000,17.24,17.24,7530,2352.5,3359
1774292995000,1774292995000,17.27,17.29,17.23,17.27,1774292365000,17.28,17.27,6789,1277.5,1774292910000,17.24,17.24,7530,2352.5,17.28,17.3,17.23,17.27,1774291615000,17.3,17.28,6302,2602.0,1774292910000,17.24,17.24,7530,2352.5,3360
1774293000000,1774293000000,17.27,17.29,17.23,17.27,1774292365000,17.28,17.27,6789,1277.5,1774292910000,17.24,17.24,7530,2352.5,17.28,17.3,17.23,17.27,1774291615000,17.3,17.28,6302,2602.0,1774292910000,17.24,17.24,7530,2352.5,3361
1774293005000,1774293005000,17.27,17.29,17.23,17.27,1774292365000,17.28,17.27,6789,1277.5,1774292910000,17.24,17.24,7530,2352.5,17.28,17.3,17.23,17.27,1774291615000,17.3,17.28,6302,2602.0,1774292910000,17.24,17.24,7530,2352.5,3362
1774293010000,1774293010000,17.25,17.29,17.23,17.26,1774292365000,17.28,17.27,6789,1277.5,1774292910000,17.24,17.24,7530,2352.5,17.29,17.3,17.23,17.26,1774291615000,17.3,17.28,6302,2602.0,1774292910000,17.24,17.24,7530,2352.5,3363
1774293015000,1774293015000,17.25,17.29,17.23,17.26,1774292365000,17.28,17.27,6789,1277.5,1774292910000,17.24,17.24,7530,2352.5,17.29,17.3,17.23,17.26,1774291615000,17.3,17.28,6302,2602.0,1774292910000,17.24,17.24,7530,2352.5,3364
1774293020000,1774293020000,17.25,17.29,17.23,17.26,1774292365000,17.28,17.27,6789,1277.5,1774292910000,17.24,17.24,7530,2352.5,17.29,17.3,17.23,17.26,1774291615000,17.3,17.28,6302,2602.0,1774292910000,17.24,17.24,7530,2352.5,3365
1774293025000,1774293025000,17.25,17.29,17.23,17.25,1774292365000,17.28,17.27,6789,1277.5,1774292910000,17.24,17.24,7530,2352.5,17.29,17.3,17.23,17.25,1774291615000,17.3,17.28,6302,2602.0,1774292910000,17.24,17.24,7530,2352.5,3366
1774293030000,1774293030000,17.26,17.29,17.23,17.25,1774292365000,17.28,17.27,6789,1277.5,1774292910000,17.24,17.24,7530,2352.5,17.29,17.3,17.23,17.25,1774291615000,17.3,17.28,6302,2602.0,1774292910000,17.24,17.24,7530,2352.5,3367
1774293035000,1774293035000,17.25,17.29,17.23,17.25,1774292365000,17.28,17.27,6789,1277.5,1774292910000,17.24,17.24,7530,2352.5,17.29,17.3,17.23,17.25,1774291615000,17.3,17.28,6302,2602.0,1774292910000,17.24,17.24,7530,2352.5,3368
1774293040000,1774293040000,17.27,17.29,17.23,17.24,1774292365000,17.28,17.27,6789,1277.5,1774292910000,17.24,17.24,7530,2352.5,17.29,17.3,17.23,17.24,1774291615000,17.3,17.28,6302,2602.0,1774292910000,17.24,17.24,7530,2352.5,3369
1774293045000,1774293045000,17.27,17.29,17.23,17.23,1774292365000,17.28,17.27,6789,1277.5,1774293045000,17.24,17.23,8900,5586.0,17.3,17.3,17.23,17.23,1774291615000,17.3,17.28,6302,2602.0,1774293045000,17.24,17.23,8900,5586.0,3370
1774293050000,1774293050000,17.27,17.29,17.23,17.23,1774292365000,17.28,17.27,6789,1277.5,1774293050000,17.23,17.23,700,0.0,17.3,17.3,17.23,17.23,1774291615000,17.3,17.28,6302,2602.0,1774293050000,17.23,17.23,700,0.0,3371
1774293055000,1774293055000,17.27,17.29,17.23,17.23,1774292365000,17.28,17.27,6789,1277.5,1774293055000,17.23,17.23,5070,4720.0,17.3,17.3,17.23,17.23,1774291615000,17.3,17.28,6302,2602.0,1774293055000,17.23,17.23,5070,4720.0,3372
1774293060000,1774293060000,17.28,17.29,17.23,17.23,1774292365000,17.28,17.27,6789,1277.5,1774293060000,17.23,17.23,1549,0.0,17.28,17.3,17.23,17.23,1774291615000,17.3,17.28,6302,2602.0,1774293060000,17.23,17.23,1549,0.0,3373
1774293065000,1774293065000,17.28,17.29,17.23,17.24,1774292365000,17.28,17.27,6789,1277.5,1774293065000,17.24,17.24,5542,4767.5,17.28,17.3,17.23,17.24,1774291615000,17.3,17.28,6302,2602.0,1774293065000,17.24,17.24,5542,4767.5,3374
1774293070000,1774293070000,17.28,17.29,17.23,17.23,1774292365000,17.28,17.27,6789,1277.5,1774293070000,17.24,17.23,4500,1729.0,17.28,17.3,17.23,17.23,1774291615000,17.3,17.28,6302,2602.0,1774293070000,17.24,17.23,4500,1729.0,3375
1774293075000,1774293075000,17.28,17.29,17.23,17.23,1774292365000,17.28,17.27,6789,1277.5,1774293075000,17.23,17.23,1400,0.0,17.29,17.3,17.23,17.23,1774291615000,17.3,17.28,6302,2602.0,1774293075000,17.23,17.23,1400,0.0,3376
1774293080000,1774293080000,17.28,17.29,17.23,17.23,1774292365000,17.28,17.27,6789,1277.5,1774293080000,17.23,17.23,400,0.0,17.29,17.3,17.23,17.23,1774291615000,17.3,17.28,6302,2602.0,1774293080000,17.23,17.23,400,0.0,3377
1774293085000,1774293085000,17.28,17.29,17.23,17.23,1774292365000,17.28,17.27,6789,1277.5,1774293085000,17.23,17.23,100,0.0,17.29,17.3,17.23,17.23,1774291615000,17.3,17.28,6302,2602.0,1774293085000,17.23,17.23,100,0.0,3378
1774293090000,1774293090000,17.28,17.29,17.23,17.23,1774292365000,17.28,17.27,6789,1277.5,1774293090000,17.23,17.23,500,450.0,17.29,17.3,17.23,17.23,1774291615000,17.3,17.28,6302,2602.0,1774293090000,17.23,17.23,500,450.0,3379
1774293095000,1774293095000,17.28,17.29,17.23,17.23,1774292365000,17.28,17.27,6789,1277.5,1774293095000,17.23,17.23,1505,1255.0,17.29,17.3,17.23,17.23,1774291615000,17.3,17.28,6302,2602.0,1774293095000,17.23,17.23,1505,1255.0,3380
1774293100000,1774293100000,17.28,17.29,17.23,17.25,1774292365000,17.28,17.27,6789,1277.5,1774293100000,17.24,17.25,5180,4427.5,17.29,17.3,17.23,17.25,1774291615000,17.3,17.28,6302,2602.0,1774293100000,17.24,17.25,5180,4427.5,3381
1774293105000,1774293105000,17.28,17.29,17.23,17.24,1774292365000,17.28,17.27,6789,1277.5,1774293100000,17.24,17.25,5180,3728.0,17.29,17.3,17.23,17.24,1774291615000,17.3,17.28,6302,2602.0,1774293100000,17.24,17.25,5180,3728.0,3382
1774293110000,1774293110000,17.28,17.29,17.23,17.25,1774292365000,17.28,17.27,6789,1277.5,1774293100000,17.24,17.25,5180,3728.0,17.28,17.3,17.23,17.25,1774291615000,17.3,17.28,6302,2602.0,1774293100000,17.24,17.25,5180,3728.0,3383
1774293115000,1774293115000,17.29,17.29,17.23,17.26,1774292365000,17.28,17.27,6789,1277.5,1774293100000,17.24,17.25,5180,3728.0,17.29,17.3,17.23,17.26,1774291615000,17.3,17.28,6302,2602.0,1774293100000,17.24,17.25,5180,3728.0,3384
1774293120000,1774293120000,17.29,17.29,17.23,17.26,1774292365000,17.28,17.27,6789,1277.5,1774293100000,17.24,17.25,5180,3728.0,17.28,17.3,17.23,17.26,1774291615000,17.3,17.28,6302,2602.0,1774293100000,17.24,17.25,5180,3728.0,3385
1774293125000,1774293125000,17.28,17.29,17.23,17.26,1774292365000,17.28,17.27,6789,1277.5,1774293100000,17.24,17.25,5180,3728.0,17.28,17.3,17.23,17.26,1774291615000,17.3,17.28,6302,2602.0,1774293100000,17.24,17.25,5180,3728.0,3386
1774293130000,1774293130000,17.28,17.29,17.23,17.26,1774292365000,17.28,17.27,6789,1277.5,1774293100000,17.24,17.25,5180,3728.0,17.28,17.3,17.23,17.26,1774291615000,17.3,17.28,6302,2602.0,1774293100000,17.24,17.25,5180,3728.0,3387
1774293135000,1774293135000,17.28,17.28,17.23,17.26,1774292795000,17.27,17.28,1600,0.0,1774293100000,17.24,17.25,5180,3728.0,17.28,17.3,17.23,17.26,1774291615000,17.3,17.28,6302,2602.0,1774293100000,17.24,17.25,5180,3728.0,3388
1774293140000,1774293140000,17.27,17.28,17.23,17.26,1774292795000,17.27,17.28,1600,0.0,1774293100000,17.24,17.25,5180,3728.0,17.28,17.3,17.23,17.26,1774291615000,17.3,17.28,6302,2602.0,1774293100000,17.24,17.25,5180,3728.0,3389
1774293145000,1774293145000,17.27,17.28,17.23,17.25,1774292795000,17.27,17.28,1600,0.0,1774293100000,17.24,17.25,5180,3728.0,17.28,17.3,17.23,17.25,1774291615000,17.3,17.28,6302,2602.0,1774293100000,17.24,17.25,5180,3728.0,3390
1774293150000,1774293150000,17.27,17.28,17.23,17.26,1774292795000,17.27,17.28,1600,0.0,1774293100000,17.24,17.25,5180,3728.0,17.28,17.3,17.23,17.26,1774291615000,17.3,17.28,6302,2602.0,1774293100000,17.24,17.25,5180,3728.0,3391
1774293155000,1774293155000,17.27,17.28,17.23,17.25,1774292795000,17.27,17.28,1600,0.0,1774293100000,17.24,17.25,5180,3728.0,17.29,17.3,17.23,17.25,1774291615000,17.3,17.28,6302,2602.0,1774293100000,17.24,17.25,5180,3728.0,3392
1774293160000,1774293160000,17.27,17.28,17.23,17.25,1774292795000,17.27,17.28,1600,0.0,1774293100000,17.24,17.25,5180,3728.0,17.29,17.3,17.23,17.25,1774291615000,17.3,17.28,6302,2602.0,1774293100000,17.24,17.25,5180,3728.0,3393
1774293165000,1774293165000,17.27,17.28,17.23,17.25,1774292795000,17.27,17.28,1600,0.0,1774293100000,17.24,17.25,5180,3728.0,17.29,17.3,17.23,17.25,1774291615000,17.3,17.28,6302,2602.0,1774293100000,17.24,17.25,5180,3728.0,3394
1774293170000,1774293170000,17.27,17.28,17.23,17.26,1774292795000,17.27,17.28,1600,0.0,1774293100000,17.24,17.25,5180,3728.0,17.29,17.3,17.23,17.26,1774291615000,17.3,17.28,6302,2602.0,1774293100000,17.24,17.25,5180,3728.0,3395
1774293175000,1774293175000,17.28,17.28,17.23,17.25,1774292795000,17.27,17.28,1600,0.0,1774293100000,17.24,17.25,5180,3728.0,17.28,17.29,17.23,17.25,1774292365000,17.28,17.27,6789,1277.5,1774293100000,17.24,17.25,5180,3728.0,3396
1774293180000,1774293180000,17.28,17.28,17.23,17.25,1774292795000,17.27,17.28,1600,0.0,1774293100000,17.24,17.25,5180,3728.0,17.28,17.29,17.23,17.25,1774292365000,17.28,17.27,6789,1277.5,1774293100000,17.24,17.25,5180,3728.0,3397
1774293185000,1774293185000,17.28,17.28,17.23,17.25,1774292795000,17.27,17.28,1600,0.0,1774293100000,17.24,17.25,5180,3728.0,17.28,17.29,17.23,17.25,1774292365000,17.28,17.27,6789,1277.5,1774293100000,17.24,17.25,5180,3728.0,3398
1774293190000,1774293190000,17.28,17.28,17.23,17.25,1774292795000,17.27,17.28,1600,0.0,1774293100000,17.24,17.25,5180,3728.0,17.28,17.29,17.23,17.25,1774292365000,17.28,17.27,6789,1277.5,1774293100000,17.24,17.25,5180,3728.0,3399
1774293195000,1774293195000,17.28,17.28,17.23,17.25,1774292795000,17.27,17.28,1600,0.0,1774293100000,17.24,17.25,5180,3728.0,17.28,17.29,17.23,17.25,1774292365000,17.28,17.27,6789,1277.5,1774293100000,17.24,17.25,5180,3728.0,3400
1774293200000,1774293200000,17.28,17.28,17.23,17.24,1774292795000,17.27,17.28,1600,0.0,1774293100000,17.24,17.25,5180,3728.0,17.28,17.29,17.23,17.24,1774292365000,17.28,17.27,6789,1277.5,1774293100000,17.24,17.25,5180,3728.0,3401
1774293205000,1774293205000,17.28,17.28,17.23,17.25,1774292795000,17.27,17.28,1600,0.0,1774293100000,17.24,17.25,5180,3728.0,17.28,17.29,17.23,17.25,1774292365000,17.28,17.27,6789,1277.5,1774293100000,17.24,17.25,5180,3728.0,3402
1774293210000,1774293210000,17.28,17.28,17.23,17.24,1774292795000,17.27,17.28,1600,0.0,1774293100000,17.24,17.25,5180,3728.0,17.28,17.29,17.23,17.24,1774292365000,17.28,17.27,6789,1277.5,1774293100000,17.24,17.25,5180,3728.0,3403
1774293215000,1774293215000,17.28,17.28,17.23,17.24,1774292795000,17.27,17.28,1600,0.0,1774293100000,17.24,17.25,5180,3728.0,17.28,17.29,17.23,17.24,1774292365000,17.28,17.27,6789,1277.5,1774293100000,17.24,17.25,5180,3728.0,3404
1774293220000,1774293220000,17.28,17.28,17.23,17.24,1774292795000,17.27,17.28,1600,0.0,1774293100000,17.24,17.25,5180,3728.0,17.28,17.29,17.23,17.24,1774292365000,17.28,17.27,6789,1277.5,1774293100000,17.24,17.25,5180,3728.0,3405
1774293225000,1774293225000,17.28,17.28,17.23,17.25,1774292795000,17.27,17.28,1600,0.0,1774293100000,17.24,17.25,5180,3728.0,17.28,17.29,17.23,17.25,1774292365000,17.28,17.27,6789,1277.5,1774293100000,17.24,17.25,5180,3728.0,3406
1774293230000,1774293230000,17.28,17.28,17.23,17.25,1774292795000,17.27,17.28,1600,0.0,1774293100000,17.24,17.25,5180,3728.0,17.28,17.29,17.23,17.25,1774292365000,17.28,17.27,6789,1277.5,1774293100000,17.24,17.25,5180,3728.0,3407
1774293235000,1774293235000,17.28,17.28,17.23,17.25,1774292795000,17.27,17.28,1600,0.0,1774293100000,17.24,17.25,5180,3728.0,17.28,17.29,17.23,17.25,1774292365000,17.28,17.27,6789,1277.5,1774293100000,17.24,17.25,5180,3728.0,3408
1774293240000,1774293240000,17.27,17.28,17.23,17.25,1774292795000,17.27,17.28,1600,0.0,1774293100000,17.24,17.25,5180,3728.0,17.28,17.29,17.23,17.25,1774292365000,17.28,17.27,6789,1277.5,1774293100000,17.24,17.25,5180,3728.0,3409
1774293245000,1774293245000,17.27,17.28,17.23,17.24,1774292795000,17.27,17.28,1600,0.0,1774293100000,17.24,17.25,5180,3728.0,17.28,17.29,17.23,17.24,1774292365000,17.28,17.27,6789,1277.5,1774293100000,17.24,17.25,5180,3728.0,3410
1774293250000,1774293250000,17.28,17.28,17.23,17.25,1774292795000,17.27,17.28,1600,0.0,1774293100000,17.24,17.25,5180,3728.0,17.28,17.29,17.23,17.25,1774292365000,17.28,17.27,6789,1277.5,1774293100000,17.24,17.25,5180,3728.0,3411
1774293255000,1774293255000,17.28,17.28,17.23,17.25,1774292795000,17.27,17.28,1600,0.0,1774293100000,17.24,17.25,5180,3728.0,17.28,17.29,17.23,17.25,1774292365000,17.28,17.27,6789,1277.5,1774293100000,17.24,17.25,5180,3728.0,3412
1774293260000,1774293260000,17.28,17.28,17.23,17.25,1774292795000,17.27,17.28,1600,0.0,1774293100000,17.24,17.25,5180,3728.0,17.28,17.29,17.23,17.25,1774292365000,17.28,17.27,6789,1277.5,1774293100000,17.24,17.25,5180,3728.0,3413
1774293265000,1774293265000,17.27,17.28,17.23,17.25,1774292795000,17.27,17.28,1600,0.0,1774293100000,17.24,17.25,5180,3728.0,17.28,17.29,17.23,17.25,1774292365000,17.28,17.27,6789,1277.5,1774293100000,17.24,17.25,5180,3728.0,3414
1774293270000,1774293270000,17.27,17.28,17.23,17.25,1774292795000,17.27,17.28,1600,0.0,1774293100000,17.24,17.25,5180,3728.0,17.28,17.29,17.23,17.25,1774292365000,17.28,17.27,6789,1277.5,1774293100000,17.24,17.25,5180,3728.0,3415
1774293275000,1774293275000,17.27,17.28,17.23,17.25,1774292795000,17.27,17.28,1600,0.0,1774293100000,17.24,17.25,5180,3728.0,17.28,17.29,17.23,17.25,1774292365000,17.28,17.27,6789,1277.5,1774293100000,17.24,17.25,5180,3728.0,3416
1774293280000,1774293280000,17.27,17.28,17.23,17.25,1774292795000,17.27,17.28,1600,0.0,1774293100000,17.24,17.25,5180,3728.0,17.28,17.29,17.23,17.25,1774292365000,17.28,17.27,6789,1277.5,1774293100000,17.24,17.25,5180,3728.0,3417
1774293285000,1774293285000,17.27,17.28,17.23,17.25,1774292795000,17.27,17.28,1600,0.0,1774293100000,17.24,17.25,5180,3728.0,17.28,17.29,17.23,17.25,1774292365000,17.28,17.27,6789,1277.5,1774293100000,17.24,17.25,5180,3728.0,3418
1774293290000,1774293290000,17.27,17.28,17.23,17.25,1774292795000,17.27,17.28,1600,0.0,1774293100000,17.24,17.25,5180,3728.0,17.28,17.29,17.23,17.25,1774292365000,17.28,17.27,6789,1277.5,1774293100000,17.24,17.25,5180,3728.0,3419
1774293295000,1774293295000,17.27,17.28,17.23,17.25,1774292795000,17.27,17.28,1600,0.0,1774293100000,17.24,17.25,5180,3728.0,17.28,17.29,17.23,17.25,1774292365000,17.28,17.27,6789,1277.5,1774293100000,17.24,17.25,5180,3728.0,3420
1774293300000,1774293300000,17.27,17.28,17.23,17.25,1774292795000,17.27,17.28,1600,0.0,1774293100000,17.24,17.25,5180,3728.0,17.28,17.29,17.23,17.25,1774292365000,17.28,17.27,6789,1277.5,1774293100000,17.24,17.25,5180,3728.0,3421
1774293305000,1774293305000,17.26,17.28,17.23,17.26,1774292795000,17.27,17.28,1600,0.0,1774293100000,17.24,17.25,5180,3728.0,17.27,17.29,17.23,17.26,1774292365000,17.28,17.27,6789,1277.5,1774293100000,17.24,17.25,5180,3728.0,3422
1774293310000,1774293310000,17.26,17.28,17.23,17.26,1774292795000,17.27,17.28,1600,0.0,1774293100000,17.24,17.25,5180,3728.0,17.27,17.29,17.23,17.26,1774292365000,17.28,17.27,6789,1277.5,1774293100000,17.24,17.25,5180,3728.0,3423
1774293315000,1774293315000,17.27,17.28,17.23,17.24,1774292795000,17.27,17.28,1600,0.0,1774293100000,17.24,17.25,5180,3728.0,17.27,17.29,17.23,17.24,1774292365000,17.28,17.27,6789,1277.5,1774293100000,17.24,17.25,5180,3728.0,3424
1774293320000,1774293320000,17.27,17.28,17.23,17.25,1774292795000,17.27,17.28,1600,0.0,1774293100000,17.24,17.25,5180,3728.0,17.28,17.29,17.23,17.25,1774292365000,17.28,17.27,6789,1277.5,1774293100000,17.24,17.25,5180,3728.0,3425
1774293325000,1774293325000,17.27,17.28,17.23,17.25,1774292795000,17.27,17.28,1600,0.0,1774293100000,17.24,17.25,5180,3728.0,17.28,17.29,17.23,17.25,1774292365000,17.28,17.27,6789,1277.5,1774293100000,17.24,17.25,5180,3728.0,3426
1774293330000,1774293330000,17.27,17.28,17.23,17.24,1774292795000,17.27,17.28,1600,0.0,1774293100000,17.24,17.25,5180,3728.0,17.28,17.29,17.23,17.24,1774292365000,17.28,17.27,6789,1277.5,1774293100000,17.24,17.25,5180,3728.0,3427
1774293335000,1774293335000,17.27,17.28,17.23,17.23,1774292795000,17.27,17.28,1600,0.0,1774293335000,17.25,17.23,6652,4018.5,17.28,17.29,17.23,17.23,1774292365000,17.28,17.27,6789,1277.5,1774293335000,17.25,17.23,6652,4018.5,3428
1774293340000,1774293340000,17.27,17.28,17.23,17.23,1774292795000,17.27,17.28,1600,0.0,1774293340000,17.23,17.23,0,0.0,17.28,17.29,17.23,17.23,1774292365000,17.28,17.27,6789,1277.5,1774293340000,17.23,17.23,0,0.0,3429
1774293345000,1774293345000,17.27,17.28,17.23,17.23,1774292795000,17.27,17.28,1600,0.0,1774293345000,17.23,17.23,200,200.0,17.28,17.29,17.23,17.23,1774292365000,17.28,17.27,6789,1277.5,1774293345000,17.23,17.23,200,200.0,3430
1774293350000,1774293350000,17.27,17.28,17.23,17.24,1774292795000,17.27,17.28,1600,0.0,1774293350000,17.23,17.24,3300,3200.0,17.29,17.29,17.23,17.24,1774292365000,17.28,17.27,6789,1277.5,1774293350000,17.23,17.24,3300,3200.0,3431
1774293355000,1774293355000,17.27,17.28,17.23,17.23,1774292795000,17.27,17.28,1600,0.0,1774293355000,17.23,17.23,299,0.0,17.29,17.29,17.23,17.23,1774292365000,17.28,17.27,6789,1277.5,1774293355000,17.23,17.23,299,0.0,3432
1774293360000,1774293360000,17.27,17.28,17.23,17.23,1774292795000,17.27,17.28,1600,0.0,1774293360000,17.24,17.23,200,50.5,17.29,17.29,17.23,17.23,1774292365000,17.28,17.27,6789,1277.5,1774293360000,17.24,17.23,200,50.5,3433
1774293365000,1774293365000,17.27,17.28,17.23,17.23,1774292795000,17.27,17.28,1600,0.0,1774293365000,17.23,17.23,0,0.0,17.29,17.29,17.23,17.23,1774292365000,17.28,17.27,6789,1277.5,1774293365000,17.23,17.23,0,0.0,3434
1774293370000,1774293370000,17.27,17.28,17.23,17.23,1774292795000,17.27,17.28,1600,0.0,1774293370000,17.23,17.23,1290,1290.0,17.28,17.29,17.23,17.23,1774292365000,17.28,17.27,6789,1277.5,1774293370000,17.23,17.23,1290,1290.0,3435
1774293375000,1774293375000,17.27,17.28,17.23,17.23,1774292795000,17.27,17.28,1600,0.0,1774293375000,17.23,17.23,1545,900.0,17.28,17.29,17.23,17.23,1774292365000,17.28,17.27,6789,1277.5,1774293375000,17.23,17.23,1545,900.0,3436
1774293380000,1774293380000,17.27,17.28,17.23,17.23,1774292795000,17.27,17.28,1600,0.0,1774293380000,17.23,17.23,3639,2866.5,17.28,17.29,17.23,17.23,1774292365000,17.28,17.27,6789,1277.5,1774293380000,17.23,17.23,3639,2866.5,3437
1774293385000,1774293385000,17.27,17.28,17.21,17.21,1774292795000,17.27,17.28,1600,0.0,1774293385000,17.23,17.21,7218,5398.5,17.28,17.29,17.21,17.21,1774292365000,17.28,17.27,6789,1277.5,1774293385000,17.23,17.21,7218,5398.5,3438
1774293390000,1774293390000,17.27,17.28,17.21,17.21,1774292795000,17.27,17.28,1600,0.0,1774293390000,17.22,17.21,5709,2100.0,17.27,17.29,17.21,17.21,1774292365000,17.28,17.27,6789,1277.5,1774293390000,17.22,17.21,5709,2100.0,3439
1774293395000,1774293395000,17.27,17.28,17.21,17.21,1774292795000,17.27,17.28,1600,0.0,1774293395000,17.21,17.21,8600,5745.5,17.27,17.29,17.21,17.21,1774292365000,17.28,17.27,6789,1277.5,1774293395000,17.21,17.21,8600,5745.5,3440
1774293400000,1774293400000,17.27,17.28,17.21,17.21,1774292795000,17.27,17.28,1600,0.0,1774293400000,17.22,17.21,900,0.0,17.27,17.29,17.21,17.21,1774292365000,17.28,17.27,6789,1277.5,1774293400000,17.22,17.21,900,0.0,3441
1774293405000,1774293405000,17.27,17.28,17.21,17.21,1774292795000,17.27,17.28,1600,0.0,1774293405000,17.21,17.21,800,350.0,17.27,17.29,17.21,17.21,1774292365000,17.28,17.27,6789,1277.5,1774293405000,17.21,17.21,800,350.0,3442
1774293410000,1774293410000,17.27,17.28,17.21,17.21,1774292795000,17.27,17.28,1600,0.0,1774293410000,17.21,17.21,847,447.0,17.27,17.29,17.21,17.21,1774292365000,17.28,17.27,6789,1277.5,1774293410000,17.21,17.21,847,447.0,3443
1774293415000,1774293415000,17.27,17.28,17.21,17.21,1774292795000,17.27,17.28,1600,0.0,1774293415000,17.21,17.21,1200,776.5,17.27,17.29,17.21,17.21,1774292365000,17.28,17.27,6789,1277.5,1774293415000,17.21,17.21,1200,776.5,3444
1774293420000,1774293420000,17.27,17.28,17.21,17.21,1774292795000,17.27,17.28,1600,0.0,1774293420000,17.21,17.21,2961,2361.0,17.28,17.29,17.21,17.21,1774292365000,17.28,17.27,6789,1277.5,1774293420000,17.21,17.21,2961,2361.0,3445
1774293425000,1774293425000,17.27,17.28,17.21,17.23,1774292795000,17.27,17.28,1600,0.0,1774293420000,17.21,17.21,2961,0.0,17.28,17.29,17.21,17.23,1774292365000,17.28,17.27,6789,1277.5,1774293420000,17.21,17.21,2961,0.0,3446
1774293430000,1774293430000,17.27,17.28,17.21,17.24,1774292795000,17.27,17.28,1600,0.0,1774293420000,17.21,17.21,2961,0.0,17.28,17.29,17.21,17.24,1774292365000,17.28,17.27,6789,1277.5,1774293420000,17.21,17.21,2961,0.0,3447
1774293435000,1774293435000,17.26,17.28,17.21,17.23,1774292795000,17.27,17.28,1600,0.0,1774293420000,17.21,17.21,2961,0.0,17.27,17.29,17.21,17.23,1774292365000,17.28,17.27,6789,1277.5,1774293420000,17.21,17.21,2961,0.0,3448
1774293440000,1774293440000,17.27,17.28,17.21,17.23,1774292795000,17.27,17.28,1600,0.0,1774293420000,17.21,17.21,2961,0.0,17.26,17.29,17.21,17.23,1774292365000,17.28,17.27,6789,1277.5,1774293420000,17.21,17.21,2961,0.0,3449
1774293445000,1774293445000,17.27,17.28,17.21,17.23,1774292795000,17.27,17.28,1600,0.0,1774293420000,17.21,17.21,2961,0.0,17.26,17.29,17.21,17.23,1774292365000,17.28,17.27,6789,1277.5,1774293420000,17.21,17.21,2961,0.0,3450
1774293450000,1774293450000,17.27,17.28,17.21,17.23,1774292795000,17.27,17.28,1600,0.0,1774293420000,17.21,17.21,2961,0.0,17.26,17.29,17.21,17.23,1774292365000,17.28,17.27,6789,1277.5,1774293420000,17.21,17.21,2961,0.0,3451
1774293455000,1774293455000,17.27,17.28,17.21,17.23,1774292795000,17.27,17.28,1600,0.0,1774293420000,17.21,17.21,2961,0.0,17.26,17.29,17.21,17.23,1774292365000,17.28,17.27,6789,1277.5,1774293420000,17.21,17.21,2961,0.0,3452
1774293460000,1774293460000,17.27,17.28,17.21,17.23,1774292795000,17.27,17.28,1600,0.0,1774293420000,17.21,17.21,2961,0.0,17.27,17.29,17.21,17.23,1774292365000,17.28,17.27,6789,1277.5,1774293420000,17.21,17.21,2961,0.0,3453
1774293465000,1774293465000,17.27,17.28,17.21,17.23,1774292795000,17.27,17.28,1600,0.0,1774293420000,17.21,17.21,2961,0.0,17.27,17.29,17.21,17.23,1774292365000,17.28,17.27,6789,1277.5,1774293420000,17.21,17.21,2961,0.0,3454
1774293470000,1774293470000,17.27,17.28,17.21,17.23,1774292795000,17.27,17.28,1600,0.0,1774293420000,17.21,17.21,2961,0.0,17.27,17.29,17.21,17.23,1774292365000,17.28,17.27,6789,1277.5,1774293420000,17.21,17.21,2961,0.0,3455
1774293475000,1774293475000,17.27,17.28,17.21,17.23,1774292795000,17.27,17.28,1600,0.0,1774293420000,17.21,17.21,2961,0.0,17.27,17.29,17.21,17.23,1774292365000,17.28,17.27,6789,1277.5,1774293420000,17.21,17.21,2961,0.0,3456
1774293480000,1774293480000,17.27,17.28,17.21,17.22,1774292795000,17.27,17.28,1600,0.0,1774293420000,17.21,17.21,2961,0.0,17.27,17.29,17.21,17.22,1774292365000,17.28,17.27,6789,1277.5,1774293420000,17.21,17.21,2961,0.0,3457
1774293485000,1774293485000,17.27,17.28,17.21,17.23,1774292795000,17.27,17.28,1600,0.0,1774293420000,17.21,17.21,2961,0.0,17.27,17.29,17.21,17.23,1774292365000,17.28,17.27,6789,1277.5,1774293420000,17.21,17.21,2961,0.0,3458
1774293490000,1774293490000,17.27,17.28,17.21,17.22,1774292795000,17.27,17.28,1600,0.0,1774293420000,17.21,17.21,2961,0.0,17.27,17.29,17.21,17.22,1774292365000,17.28,17.27,6789,1277.5,1774293420000,17.21,17.21,2961,0.0,3459
1774293495000,1774293495000,17.27,17.28,17.21,17.23,1774292795000,17.27,17.28,1600,0.0,1774293420000,17.21,17.21,2961,0.0,17.27,17.29,17.21,17.23,1774292365000,17.28,17.27,6789,1277.5,1774293420000,17.21,17.21,2961,0.0,3460
1774293500000,1774293500000,17.28,17.28,17.21,17.22,1774292795000,17.27,17.28,1600,0.0,1774293500000,17.23,17.22,8058,7651.5,17.29,17.29,17.21,17.22,1774292365000,17.28,17.27,6789,1277.5,1774293500000,17.23,17.22,8058,7651.5,3461
1774293505000,1774293505000,17.27,17.28,17.21,17.21,1774292795000,17.27,17.28,1600,0.0,1774293505000,17.21,17.21,6054,2025.0,17.28,17.29,17.21,17.21,1774292365000,17.28,17.27,6789,1277.5,1774293505000,17.21,17.21,6054,2025.0,3462
1774293510000,1774293510000,17.27,17.28,17.21,17.22,1774292795000,17.27,17.28,1600,0.0,1774293510000,17.21,17.22,2400,0.0,17.28,17.29,17.21,17.22,1774292365000,17.28,17.27,6789,1277.5,1774293510000,17.21,17.22,2400,0.0,3463
1774293515000,1774293515000,17.27,17.28,17.21,17.22,1774292795000,17.27,17.28,1600,0.0,1774293515000,17.21,17.22,9608,8408.0,17.28,17.29,17.21,17.22,1774292365000,17.28,17.27,6789,1277.5,1774293515000,17.21,17.22,9608,8408.0,3464
1774293520000,1774293520000,17.26,17.28,17.21,17.22,1774292795000,17.27,17.28,1600,0.0,1774293515000,17.21,17.22,9608,8085.5,17.28,17.29,17.21,17.22,1774292365000,17.28,17.27,6789,1277.5,1774293515000,17.21,17.22,9608,8085.5,3465
1774293525000,1774293525000,17.25,17.28,17.21,17.22,1774292795000,17.27,17.28,1600,0.0,1774293515000,17.21,17.22,9608,8085.5,17.28,17.29,17.21,17.22,1774292365000,17.28,17.27,6789,1277.5,1774293515000,17.21,17.22,9608,8085.5,3466
1774293530000,1774293530000,17.25,17.28,17.21,17.23,1774292795000,17.27,17.28,1600,0.0,1774293515000,17.21,17.22,9608,8085.5,17.28,17.29,17.21,17.23,1774292365000,17.28,17.27,6789,1277.5,1774293515000,17.21,17.22,9608,8085.5,3467
1774293535000,1774293535000,17.25,17.28,17.21,17.23,1774292795000,17.27,17.28,1600,0.0,1774293515000,17.21,17.22,9608,8085.5,17.28,17.29,17.21,17.23,1774292365000,17.28,17.27,6789,1277.5,1774293515000,17.21,17.22,9608,8085.5,3468
1774293540000,1774293540000,17.25,17.28,17.21,17.23,1774292795000,17.27,17.28,1600,0.0,1774293515000,17.21,17.22,9608,8085.5,17.28,17.29,17.21,17.23,1774292365000,17.28,17.27,6789,1277.5,1774293515000,17.21,17.22,9608,8085.5,3469
1774293545000,1774293545000,17.25,17.28,17.21,17.23,1774292795000,17.27,17.28,1600,0.0,1774293515000,17.21,17.22,9608,8085.5,17.28,17.29,17.21,17.23,1774292365000,17.28,17.27,6789,1277.5,1774293515000,17.21,17.22,9608,8085.5,3470
1774293550000,1774293550000,17.25,17.28,17.21,17.22,1774292795000,17.27,17.28,1600,0.0,1774293515000,17.21,17.22,9608,8085.5,17.28,17.29,17.21,17.22,1774292365000,17.28,17.27,6789,1277.5,1774293515000,17.21,17.22,9608,8085.5,3471
1774293555000,1774293555000,17.24,17.28,17.21,17.21,1774292795000,17.27,17.28,1600,0.0,1774293555000,17.22,17.21,12461,11045.0,17.27,17.29,17.21,17.21,1774292365000,17.28,17.27,6789,1277.5,1774293555000,17.22,17.21,12461,11045.0,3472
1774293560000,1774293560000,17.24,17.28,17.21,17.21,1774292795000,17.27,17.28,1600,0.0,1774293560000,17.21,17.21,1330,0.0,17.27,17.29,17.21,17.21,1774292365000,17.28,17.27,6789,1277.5,1774293560000,17.21,17.21,1330,0.0,3473
1774293565000,1774293565000,17.24,17.28,17.21,17.21,1774292795000,17.27,17.28,1600,0.0,1774293565000,17.21,17.21,1700,1035.0,17.27,17.29,17.21,17.21,1774292365000,17.28,17.27,6789,1277.5,1774293565000,17.21,17.21,1700,1035.0,3474
1774293570000,1774293570000,17.24,17.28,17.21,17.21,1774292795000,17.27,17.28,1600,0.0,1774293570000,17.22,17.21,600,0.0,17.27,17.29,17.21,17.21,1774292365000,17.28,17.27,6789,1277.5,1774293570000,17.22,17.21,600,0.0,3475
1774293575000,1774293575000,17.26,17.28,17.21,17.23,1774292795000,17.27,17.28,1600,0.0,1774293575000,17.21,17.23,13032,12732.0,17.27,17.29,17.21,17.23,1774292365000,17.28,17.27,6789,1277.5,1774293575000,17.21,17.23,13032,12732.0,3476
1774293580000,1774293580000,17.26,17.28,17.21,17.23,1774292795000,17.27,17.28,1600,0.0,1774293575000,17.21,17.23,13032,9204.0,17.26,17.29,17.21,17.23,1774292365000,17.28,17.27,6789,1277.5,1774293575000,17.21,17.23,13032,9204.0,3477
1774293585000,1774293585000,17.23,17.28,17.21,17.23,1774292795000,17.27,17.28,1600,0.0,1774293575000,17.21,17.23,13032,9204.0,17.25,17.29,17.21,17.23,1774292365000,17.28,17.27,6789,1277.5,1774293575000,17.21,17.23,13032,9204.0,3478
1774293590000,1774293590000,17.23,17.28,17.21,17.23,1774292795000,17.27,17.28,1600,0.0,1774293575000,17.21,17.23,13032,9204.0,17.25,17.29,17.21,17.23,1774292365000,17.28,17.27,6789,1277.5,1774293575000,17.21,17.23,13032,9204.0,3479
1774293595000,1774293595000,17.23,17.28,17.21,17.23,1774292795000,17.27,17.28,1600,0.0,1774293575000,17.21,17.23,13032,9204.0,17.25,17.29,17.21,17.23,1774292365000,17.28,17.27,6789,1277.5,1774293575000,17.21,17.23,13032,9204.0,3480
1774293600000,1774293600000,17.23,17.28,17.21,17.25,1774292795000,17.27,17.28,1600,0.0,1774293575000,17.21,17.23,13032,9204.0,17.25,17.29,17.21,17.25,1774292365000,17.28,17.27,6789,1277.5,1774293575000,17.21,17.23,13032,9204.0,3481
1774293605000,1774293605000,17.23,17.28,17.21,17.24,1774292795000,17.27,17.28,1600,0.0,1774293575000,17.21,17.23,13032,9204.0,17.25,17.29,17.21,17.24,1774292365000,17.28,17.27,6789,1277.5,1774293575000,17.21,17.23,13032,9204.0,3482
1774293610000,1774293610000,17.25,17.28,17.21,17.24,1774292795000,17.27,17.28,1600,0.0,1774293575000,17.21,17.23,13032,9204.0,17.25,17.29,17.21,17.24,1774292365000,17.28,17.27,6789,1277.5,1774293575000,17.21,17.23,13032,9204.0,3483
1774293615000,1774293615000,17.26,17.28,17.21,17.24,1774292795000,17.27,17.28,1600,0.0,1774293575000,17.21,17.23,13032,9204.0,17.27,17.29,17.21,17.24,1774292365000,17.28,17.27,6789,1277.5,1774293575000,17.21,17.23,13032,9204.0,3484
1774293620000,1774293620000,17.26,17.28,17.21,17.25,1774292795000,17.27,17.28,1600,0.0,1774293575000,17.21,17.23,13032,9204.0,17.27,17.29,17.21,17.25,1774292365000,17.28,17.27,6789,1277.5,1774293575000,17.21,17.23,13032,9204.0,3485
1774293625000,1774293625000,17.26,17.28,17.21,17.24,1774292795000,17.27,17.28,1600,0.0,1774293575000,17.21,17.23,13032,9204.0,17.27,17.29,17.21,17.24,1774292365000,17.28,17.27,6789,1277.5,1774293575000,17.21,17.23,13032,9204.0,3486
1774293630000,1774293630000,17.26,17.28,17.21,17.23,1774292795000,17.27,17.28,1600,0.0,1774293575000,17.21,17.23,13032,9204.0,17.27,17.29,17.21,17.23,1774292365000,17.28,17.27,6789,1277.5,1774293575000,17.21,17.23,13032,9204.0,3487
1774293635000,1774293635000,17.26,17.28,17.21,17.23,1774292795000,17.27,17.28,1600,0.0,1774293575000,17.21,17.23,13032,9204.0,17.27,17.29,17.21,17.23,1774292365000,17.28,17.27,6789,1277.5,1774293575000,17.21,17.23,13032,9204.0,3488
1774293640000,1774293640000,17.25,17.28,17.21,17.23,1774292795000,17.27,17.28,1600,0.0,1774293575000,17.21,17.23,13032,9204.0,17.27,17.29,17.21,17.23,1774292365000,17.28,17.27,6789,1277.5,1774293575000,17.21,17.23,13032,9204.0,3489
1774293645000,1774293645000,17.25,17.28,17.21,17.23,1774292795000,17.27,17.28,1600,0.0,1774293575000,17.21,17.23,13032,9204.0,17.27,17.29,17.21,17.23,1774292365000,17.28,17.27,6789,1277.5,1774293575000,17.21,17.23,13032,9204.0,3490
1774293650000,1774293650000,17.25,17.28,17.21,17.23,1774292795000,17.27,17.28,1600,0.0,1774293575000,17.21,17.23,13032,9204.0,17.27,17.29,17.21,17.23,1774292365000,17.28,17.27,6789,1277.5,1774293575000,17.21,17.23,13032,9204.0,3491
1774293655000,1774293655000,17.25,17.28,17.21,17.23,1774292795000,17.27,17.28,1600,0.0,1774293575000,17.21,17.23,13032,9204.0,17.27,17.29,17.21,17.23,1774292365000,17.28,17.27,6789,1277.5,1774293575000,17.21,17.23,13032,9204.0,3492
1774293660000,1774293660000,17.25,17.28,17.21,17.23,1774292795000,17.27,17.28,1600,0.0,1774293575000,17.21,17.23,13032,9204.0,17.27,17.29,17.21,17.23,1774292365000,17.28,17.27,6789,1277.5,1774293575000,17.21,17.23,13032,9204.0,3493
1774293665000,1774293665000,17.26,17.28,17.21,17.24,1774292795000,17.27,17.28,1600,0.0,1774293575000,17.21,17.23,13032,9204.0,17.25,17.29,17.21,17.24,1774292365000,17.28,17.27,6789,1277.5,1774293575000,17.21,17.23,13032,9204.0,3494
1774293670000,1774293670000,17.26,17.28,17.21,17.24,1774292795000,17.27,17.28,1600,0.0,1774293575000,17.21,17.23,13032,9204.0,17.25,17.29,17.21,17.24,1774292365000,17.28,17.27,6789,1277.5,1774293575000,17.21,17.23,13032,9204.0,3495
1774293675000,1774293675000,17.26,17.28,17.21,17.23,1774292795000,17.27,17.28,1600,0.0,1774293575000,17.21,17.23,13032,9204.0,17.25,17.29,17.21,17.23,1774292365000,17.28,17.27,6789,1277.5,1774293575000,17.21,17.23,13032,9204.0,3496
1774293680000,1774293680000,17.26,17.28,17.21,17.23,1774292795000,17.27,17.28,1600,0.0,1774293575000,17.21,17.23,13032,9204.0,17.25,17.29,17.21,17.23,1774292365000,17.28,17.27,6789,1277.5,1774293575000,17.21,17.23,13032,9204.0,3497
1774293685000,1774293685000,17.26,17.28,17.21,17.23,1774292795000,17.27,17.28,1600,0.0,1774293575000,17.21,17.23,13032,9204.0,17.25,17.29,17.21,17.23,1774292365000,17.28,17.27,6789,1277.5,1774293575000,17.21,17.23,13032,9204.0,3498
1774293690000,1774293690000,17.27,17.28,17.21,17.23,1774292795000,17.27,17.28,1600,0.0,1774293575000,17.21,17.23,13032,9204.0,17.25,17.29,17.21,17.23,1774292365000,17.28,17.27,6789,1277.5,1774293575000,17.21,17.23,13032,9204.0,3499
1774293695000,1774293695000,17.27,17.28,17.21,17.23,1774292795000,17.27,17.28,1600,0.0,1774293575000,17.21,17.23,13032,9204.0,17.25,17.29,17.21,17.23,1774292365000,17.28,17.27,6789,1277.5,1774293575000,17.21,17.23,13032,9204.0,3500
1774293700000,1774293700000,17.27,17.28,17.21,17.22,1774292795000,17.27,17.28,1600,0.0,1774293575000,17.21,17.23,13032,9204.0,17.24,17.29,17.21,17.22,1774292365000,17.28,17.27,6789,1277.5,1774293575000,17.21,17.23,13032,9204.0,3501
1774293705000,1774293705000,17.27,17.28,17.21,17.23,1774292795000,17.27,17.28,1600,0.0,1774293575000,17.21,17.23,13032,9204.0,17.24,17.29,17.21,17.23,1774292365000,17.28,17.27,6789,1277.5,1774293575000,17.21,17.23,13032,9204.0,3502
1774293710000,1774293710000,17.27,17.28,17.21,17.23,1774292795000,17.27,17.28,1600,0.0,1774293575000,17.21,17.23,13032,9204.0,17.24,17.29,17.21,17.23,1774292365000,17.28,17.27,6789,1277.5,1774293575000,17.21,17.23,13032,9204.0,3503
1774293715000,1774293715000,17.28,17.28,17.21,17.23,1774292795000,17.27,17.28,1600,0.0,1774293575000,17.21,17.23,13032,9204.0,17.25,17.29,17.21,17.23,1774292365000,17.28,17.27,6789,1277.5,1774293575000,17.21,17.23,13032,9204.0,3504
1774293720000,1774293720000,17.28,17.28,17.21,17.24,1774292795000,17.27,17.28,1600,0.0,1774293575000,17.21,17.23,13032,9204.0,17.26,17.29,17.21,17.24,1774292365000,17.28,17.27,6789,1277.5,1774293575000,17.21,17.23,13032,9204.0,3505
1774293725000,1774293725000,17.28,17.28,17.21,17.24,1774292795000,17.27,17.28,1600,0.0,1774293575000,17.21,17.23,13032,9204.0,17.26,17.29,17.21,17.24,1774292365000,17.28,17.27,6789,1277.5,1774293575000,17.21,17.23,13032,9204.0,3506
1774293730000,1774293730000,17.27,17.28,17.21,17.23,1774292795000,17.27,17.28,1600,0.0,1774293575000,17.21,17.23,13032,9204.0,17.26,17.29,17.21,17.23,1774292365000,17.28,17.27,6789,1277.5,1774293575000,17.21,17.23,13032,9204.0,3507
1774293735000,1774293735000,17.27,17.28,17.21,17.23,1774292795000,17.27,17.28,1600,0.0,1774293575000,17.21,17.23,13032,9204.0,17.26,17.29,17.21,17.23,1774292365000,17.28,17.27,6789,1277.5,1774293575000,17.21,17.23,13032,9204.0,3508
1774293740000,1774293740000,17.27,17.27,17.21,17.24,1774293010000,17.27,17.26,8302,7700.5,1774293575000,17.21,17.23,13032,9204.0,17.26,17.29,17.21,17.24,1774292365000,17.28,17.27,6789,1277.5,1774293575000,17.21,17.23,13032,9204.0,3509
1774293745000,1774293745000,17.27,17.27,17.21,17.23,1774293010000,17.27,17.26,8302,7700.5,1774293575000,17.21,17.23,13032,9204.0,17.26,17.29,17.21,17.23,1774292365000,17.28,17.27,6789,1277.5,1774293575000,17.21,17.23,13032,9204.0,3510
1774293750000,1774293750000,17.27,17.27,17.21,17.23,1774293010000,17.27,17.26,8302,7700.5,1774293575000,17.21,17.23,13032,9204.0,17.26,17.29,17.21,17.23,1774292365000,17.28,17.27,6789,1277.5,1774293575000,17.21,17.23,13032,9204.0,3511
1774293755000,1774293755000,17.27,17.27,17.21,17.23,1774293010000,17.27,17.26,8302,7700.5,1774293575000,17.21,17.23,13032,9204.0,17.26,17.29,17.21,17.23,1774292365000,17.28,17.27,6789,1277.5,1774293575000,17.21,17.23,13032,9204.0,3512
1774293760000,1774293760000,17.27,17.27,17.21,17.24,1774293010000,17.27,17.26,8302,7700.5,1774293575000,17.21,17.23,13032,9204.0,17.27,17.29,17.21,17.24,1774292365000,17.28,17.27,6789,1277.5,1774293575000,17.21,17.23,13032,9204.0,3513
1774293765000,1774293765000,17.27,17.27,17.21,17.23,1774293010000,17.27,17.26,8302,7700.5,1774293575000,17.21,17.23,13032,9204.0,17.27,17.29,17.21,17.23,1774292365000,17.28,17.27,6789,1277.5,1774293575000,17.21,17.23,13032,9204.0,3514
1774293770000,1774293770000,17.27,17.27,17.21,17.23,1774293010000,17.27,17.26,8302,7700.5,1774293575000,17.21,17.23,13032,9204.0,17.27,17.29,17.21,17.23,1774292365000,17.28,17.27,6789,1277.5,1774293575000,17.21,17.23,13032,9204.0,3515
1774293775000,1774293775000,17.27,17.27,17.21,17.23,1774293010000,17.27,17.26,8302,7700.5,1774293575000,17.21,17.23,13032,9204.0,17.27,17.29,17.21,17.23,1774292365000,17.28,17.27,6789,1277.5,1774293575000,17.21,17.23,13032,9204.0,3516
1774293780000,1774293780000,17.27,17.27,17.21,17.24,1774293010000,17.27,17.26,8302,7700.5,1774293575000,17.21,17.23,13032,9204.0,17.26,17.29,17.21,17.24,1774292365000,17.28,17.27,6789,1277.5,1774293575000,17.21,17.23,13032,9204.0,3517
1774293785000,1774293785000,17.27,17.27,17.21,17.25,1774293010000,17.27,17.26,8302,7700.5,1774293575000,17.21,17.23,13032,9204.0,17.26,17.29,17.21,17.25,1774292365000,17.28,17.27,6789,1277.5,1774293575000,17.21,17.23,13032,9204.0,3518
1774293790000,1774293790000,17.27,17.27,17.21,17.25,1774293010000,17.27,17.26,8302,7700.5,1774293575000,17.21,17.23,13032,9204.0,17.26,17.29,17.21,17.25,1774292365000,17.28,17.27,6789,1277.5,1774293575000,17.21,17.23,13032,9204.0,3519
1774293795000,1774293795000,17.27,17.27,17.21,17.25,1774293010000,17.27,17.26,8302,7700.5,1774293575000,17.21,17.23,13032,9204.0,17.26,17.29,17.21,17.25,1774292365000,17.28,17.27,6789,1277.5,1774293575000,17.21,17.23,13032,9204.0,3520
1774293800000,1774293800000,17.25,17.27,17.21,17.25,1774293010000,17.27,17.26,8302,7700.5,1774293575000,17.21,17.23,13032,9204.0,17.26,17.29,17.21,17.25,1774292365000,17.28,17.27,6789,1277.5,1774293575000,17.21,17.23,13032,9204.0,3521
1774293805000,1774293805000,17.26,17.27,17.21,17.25,1774293010000,17.27,17.26,8302,7700.5,1774293575000,17.21,17.23,13032,9204.0,17.26,17.29,17.21,17.25,1774292365000,17.28,17.27,6789,1277.5,1774293575000,17.21,17.23,13032,9204.0,3522
1774293810000,1774293810000,17.26,17.27,17.21,17.24,1774293010000,17.27,17.26,8302,7700.5,1774293575000,17.21,17.23,13032,9204.0,17.28,17.29,17.21,17.24,1774292365000,17.28,17.27,6789,1277.5,1774293575000,17.21,17.23,13032,9204.0,3523
1774293815000,1774293815000,17.25,17.27,17.21,17.24,1774293010000,17.27,17.26,8302,7700.5,1774293575000,17.21,17.23,13032,9204.0,17.28,17.29,17.21,17.24,1774292365000,17.28,17.27,6789,1277.5,1774293575000,17.21,17.23,13032,9204.0,3524
1774293820000,1774293820000,17.25,17.27,17.21,17.25,1774293010000,17.27,17.26,8302,7700.5,1774293575000,17.21,17.23,13032,9204.0,17.27,17.29,17.21,17.25,1774292365000,17.28,17.27,6789,1277.5,1774293575000,17.21,17.23,13032,9204.0,3525
1774293825000,1774293825000,17.26,17.27,17.21,17.23,1774293010000,17.27,17.26,8302,7700.5,1774293575000,17.21,17.23,13032,9204.0,17.28,17.29,17.21,17.23,1774292365000,17.28,17.27,6789,1277.5,1774293575000,17.21,17.23,13032,9204.0,3526
1774293830000,1774293830000,17.25,17.27,17.21,17.23,1774293010000,17.27,17.26,8302,7700.5,1774293575000,17.21,17.23,13032,9204.0,17.28,17.29,17.21,17.23,1774292365000,17.28,17.27,6789,1277.5,1774293575000,17.21,17.23,13032,9204.0,3527
1774293835000,1774293835000,17.25,17.27,17.21,17.24,1774293010000,17.27,17.26,8302,7700.5,1774293575000,17.21,17.23,13032,9204.0,17.28,17.29,17.21,17.24,1774292365000,17.28,17.27,6789,1277.5,1774293575000,17.21,17.23,13032,9204.0,3528
1774293840000,1774293840000,17.25,17.27,17.21,17.23,1774293010000,17.27,17.26,8302,7700.5,1774293575000,17.21,17.23,13032,9204.0,17.28,17.29,17.21,17.23,1774292365000,17.28,17.27,6789,1277.5,1774293575000,17.21,17.23,13032,9204.0,3529
1774293845000,1774293845000,17.25,17.27,17.21,17.23,1774293010000,17.27,17.26,8302,7700.5,1774293575000,17.21,17.23,13032,9204.0,17.28,17.29,17.21,17.23,1774292365000,17.28,17.27,6789,1277.5,1774293575000,17.21,17.23,13032,9204.0,3530
1774293850000,1774293850000,17.25,17.27,17.21,17.23,1774293010000,17.27,17.26,8302,7700.5,1774293575000,17.21,17.23,13032,9204.0,17.28,17.29,17.21,17.23,1774292365000,17.28,17.27,6789,1277.5,1774293575000,17.21,17.23,13032,9204.0,3531
1774293855000,1774293855000,17.24,17.27,17.21,17.25,1774293010000,17.27,17.26,8302,7700.5,1774293575000,17.21,17.23,13032,9204.0,17.28,17.29,17.21,17.25,1774292365000,17.28,17.27,6789,1277.5,1774293575000,17.21,17.23,13032,9204.0,3532
1774293860000,1774293860000,17.23,17.27,17.21,17.24,1774293010000,17.27,17.26,8302,7700.5,1774293575000,17.21,17.23,13032,9204.0,17.28,17.29,17.21,17.24,1774292365000,17.28,17.27,6789,1277.5,1774293575000,17.21,17.23,13032,9204.0,3533
1774293865000,1774293865000,17.25,17.27,17.21,17.24,1774293010000,17.27,17.26,8302,7700.5,1774293575000,17.21,17.23,13032,9204.0,17.28,17.29,17.21,17.24,1774292365000,17.28,17.27,6789,1277.5,1774293575000,17.21,17.23,13032,9204.0,3534
1774293870000,1774293870000,17.25,17.27,17.21,17.25,1774293010000,17.27,17.26,8302,7700.5,1774293575000,17.21,17.23,13032,9204.0,17.28,17.29,17.21,17.25,1774292365000,17.28,17.27,6789,1277.5,1774293575000,17.21,17.23,13032,9204.0,3535
1774293875000,1774293875000,17.25,17.27,17.21,17.25,1774293010000,17.27,17.26,8302,7700.5,1774293575000,17.21,17.23,13032,9204.0,17.28,17.29,17.21,17.25,1774292365000,17.28,17.27,6789,1277.5,1774293575000,17.21,17.23,13032,9204.0,3536
1774293880000,1774293880000,17.25,17.27,17.21,17.25,1774293010000,17.27,17.26,8302,7700.5,1774293575000,17.21,17.23,13032,9204.0,17.28,17.29,17.21,17.25,1774292365000,17.28,17.27,6789,1277.5,1774293575000,17.21,17.23,13032,9204.0,3537
1774293885000,1774293885000,17.25,17.27,17.21,17.25,1774293010000,17.27,17.26,8302,7700.5,1774293575000,17.21,17.23,13032,9204.0,17.28,17.29,17.21,17.25,1774292365000,17.28,17.27,6789,1277.5,1774293575000,17.21,17.23,13032,9204.0,3538
1774293890000,1774293890000,17.23,17.27,17.21,17.26,1774293010000,17.27,17.26,8302,7700.5,1774293575000,17.21,17.23,13032,9204.0,17.28,17.29,17.21,17.26,1774292365000,17.28,17.27,6789,1277.5,1774293575000,17.21,17.23,13032,9204.0,3539
1774293895000,1774293895000,17.24,17.27,17.21,17.25,1774293010000,17.27,17.26,8302,7700.5,1774293575000,17.21,17.23,13032,9204.0,17.28,17.29,17.21,17.25,1774292365000,17.28,17.27,6789,1277.5,1774293575000,17.21,17.23,13032,9204.0,3540
1774293900000,1774293900000,17.25,17.27,17.21,17.26,1774293010000,17.27,17.26,8302,7700.5,1774293575000,17.21,17.23,13032,9204.0,17.28,17.29,17.21,17.26,1774292365000,17.28,17.27,6789,1277.5,1774293575000,17.21,17.23,13032,9204.0,3541
1774293905000,1774293905000,17.25,17.27,17.21,17.26,1774293010000,17.27,17.26,8302,7700.5,1774293575000,17.21,17.23,13032,9204.0,17.28,17.29,17.21,17.26,1774292365000,17.28,17.27,6789,1277.5,1774293575000,17.21,17.23,13032,9204.0,3542
1774293910000,1774293910000,17.24,17.27,17.21,17.25,1774293010000,17.27,17.26,8302,7700.5,1774293575000,17.21,17.23,13032,9204.0,17.27,17.29,17.21,17.25,1774292365000,17.28,17.27,6789,1277.5,1774293575000,17.21,17.23,13032,9204.0,3543
1774293915000,1774293915000,17.24,17.27,17.21,17.24,1774293010000,17.27,17.26,8302,7700.5,1774293575000,17.21,17.23,13032,9204.0,17.27,17.29,17.21,17.24,1774292365000,17.28,17.27,6789,1277.5,1774293575000,17.21,17.23,13032,9204.0,3544
1774293920000,1774293920000,17.24,17.27,17.21,17.25,1774293010000,17.27,17.26,8302,7700.5,1774293575000,17.21,17.23,13032,9204.0,17.27,17.29,17.21,17.25,1774292365000,17.28,17.27,6789,1277.5,1774293575000,17.21,17.23,13032,9204.0,3545
1774293925000,1774293925000,17.25,17.27,17.21,17.26,1774293010000,17.27,17.26,8302,7700.5,1774293575000,17.21,17.23,13032,9204.0,17.27,17.29,17.21,17.26,1774292365000,17.28,17.27,6789,1277.5,1774293575000,17.21,17.23,13032,9204.0,3546
1774293930000,1774293930000,17.26,17.27,17.21,17.26,1774293010000,17.27,17.26,8302,7700.5,1774293575000,17.21,17.23,13032,9204.0,17.27,17.29,17.21,17.26,1774292365000,17.28,17.27,6789,1277.5,1774293575000,17.21,17.23,13032,9204.0,3547
1774293935000,1774293935000,17.26,17.27,17.21,17.26,1774293010000,17.27,17.26,8302,7700.5,1774293575000,17.21,17.23,13032,9204.0,17.27,17.29,17.21,17.26,1774292365000,17.28,17.27,6789,1277.5,1774293575000,17.21,17.23,13032,9204.0,3548
1774293940000,1774293940000,17.27,17.27,17.21,17.25,1774293010000,17.27,17.26,8302,7700.5,1774293575000,17.21,17.23,13032,9204.0,17.27,17.29,17.21,17.25,1774292365000,17.28,17.27,6789,1277.5,1774293575000,17.21,17.23,13032,9204.0,3549
1774293945000,1774293945000,17.27,17.27,17.21,17.25,1774293010000,17.27,17.26,8302,7700.5,1774293575000,17.21,17.23,13032,9204.0,17.27,17.29,17.21,17.25,1774292365000,17.28,17.27,6789,1277.5,1774293575000,17.21,17.23,13032,9204.0,3550
1774293950000,1774293950000,17.27,17.27,17.21,17.24,1774293010000,17.27,17.26,8302,7700.5,1774293575000,17.21,17.23,13032,9204.0,17.27,17.29,17.21,17.24,1774292365000,17.28,17.27,6789,1277.5,1774293575000,17.21,17.23,13032,9204.0,3551
1774293955000,1774293955000,17.23,17.26,17.2,17.2,1774293935000,17.26,17.26,100,0.0,1774293955000,17.24,17.2,33922,31822.0,17.27,17.29,17.2,17.2,1774292365000,17.28,17.27,6789,1277.5,1774293955000,17.24,17.2,33922,31822.0,3552
1774293960000,1774293960000,17.25,17.26,17.19,17.2,1774293935000,17.26,17.26,100,0.0,1774293960000,17.21,17.2,35389,18428.0,17.28,17.29,17.19,17.2,1774292365000,17.28,17.27,6789,1277.5,1774293960000,17.21,17.2,35389,18428.0,3553
1774293965000,1774293965000,17.25,17.26,17.19,17.21,1774293935000,17.26,17.26,100,0.0,1774293960000,17.21,17.2,35389,12335.5,17.29,17.29,17.19,17.21,1774292365000,17.28,17.27,6789,1277.5,1774293960000,17.21,17.2,35389,12335.5,3554
1774293970000,1774293970000,17.25,17.26,17.19,17.21,1774293935000,17.26,17.26,100,0.0,1774293960000,17.21,17.2,35389,12335.5,17.28,17.29,17.19,17.21,1774292365000,17.28,17.27,6789,1277.5,1774293960000,17.21,17.2,35389,12335.5,3555
1774293975000,1774293975000,17.25,17.26,17.19,17.21,1774293935000,17.26,17.26,100,0.0,1774293960000,17.21,17.2,35389,12335.5,17.28,17.29,17.19,17.21,1774292365000,17.28,17.27,6789,1277.5,1774293960000,17.21,17.2,35389,12335.5,3556
1774293980000,1774293980000,17.26,17.26,17.19,17.2,1774293935000,17.26,17.26,100,0.0,1774293960000,17.21,17.2,35389,12335.5,17.28,17.29,17.19,17.2,1774292365000,17.28,17.27,6789,1277.5,1774293960000,17.21,17.2,35389,12335.5,3557
1774293985000,1774293985000,17.26,17.26,17.19,17.2,1774293935000,17.26,17.26,100,0.0,1774293960000,17.21,17.2,35389,12335.5,17.28,17.28,17.19,17.2,1774292795000,17.27,17.28,1600,0.0,1774293960000,17.21,17.2,35389,12335.5,3558
1774293990000,1774293990000,17.25,17.26,17.19,17.19,1774293935000,17.26,17.26,100,0.0,1774293990000,17.2,17.19,12120,11009.5,17.27,17.28,17.19,17.19,1774292795000,17.27,17.28,1600,0.0,1774293990000,17.2,17.19,12120,11009.5,3559
1774293995000,1774293995000,17.25,17.26,17.18,17.19,1774293935000,17.26,17.26,100,0.0,1774293995000,17.19,17.19,15751,9691.0,17.28,17.28,17.18,17.19,1774292795000,17.27,17.28,1600,0.0,1774293995000,17.19,17.19,15751,9691.0,3560
1774294000000,1774294000000,17.25,17.26,17.18,17.19,1774293935000,17.26,17.26,100,0.0,1774294000000,17.18,17.19,15500,7624.5,17.28,17.28,17.18,17.19,1774292795000,17.27,17.28,1600,0.0,1774294000000,17.18,17.19,15500,7624.5,3561
1774294005000,1774294005000,17.24,17.26,17.18,17.2,1774293935000,17.26,17.26,100,0.0,1774294005000,17.19,17.2,10716,2966.0,17.27,17.28,17.18,17.2,1774292795000,17.27,17.28,1600,0.0,1774294005000,17.19,17.2,10716,2966.0,3562
1774294010000,1774294010000,17.25,17.26,17.18,17.19,1774293935000,17.26,17.26,100,0.0,1774294005000,17.19,17.2,10716,316.0,17.27,17.28,17.18,17.19,1774292795000,17.27,17.28,1600,0.0,1774294005000,17.19,17.2,10716,316.0,3563
1774294015000,1774294015000,17.25,17.26,17.18,17.21,1774293935000,17.26,17.26,100,0.0,1774294005000,17.19,17.2,10716,316.0,17.27,17.28,17.18,17.21,1774292795000,17.27,17.28,1600,0.0,1774294005000,17.19,17.2,10716,316.0,3564
1774294020000,1774294020000,17.25,17.26,17.18,17.21,1774293935000,17.26,17.26,100,0.0,1774294005000,17.19,17.2,10716,316.0,17.27,17.28,17.18,17.21,1774292795000,17.27,17.28,1600,0.0,1774294005000,17.19,17.2,10716,316.0,3565
1774294025000,1774294025000,17.23,17.26,17.18,17.2,1774293935000,17.26,17.26,100,0.0,1774294005000,17.19,17.2,10716,316.0,17.27,17.28,17.18,17.2,1774292795000,17.27,17.28,1600,0.0,1774294005000,17.19,17.2,10716,316.0,3566
1774294030000,1774294030000,17.23,17.26,17.18,17.21,1774293935000,17.26,17.26,100,0.0,1774294005000,17.19,17.2,10716,316.0,17.27,17.28,17.18,17.21,1774292795000,17.27,17.28,1600,0.0,1774294005000,17.19,17.2,10716,316.0,3567
1774294035000,1774294035000,17.23,17.26,17.18,17.21,1774293935000,17.26,17.26,100,0.0,1774294005000,17.19,17.2,10716,316.0,17.27,17.28,17.18,17.21,1774292795000,17.27,17.28,1600,0.0,1774294005000,17.19,17.2,10716,316.0,3568
1774294040000,1774294040000,17.23,17.26,17.18,17.21,1774293935000,17.26,17.26,100,0.0,1774294005000,17.19,17.2,10716,316.0,17.27,17.28,17.18,17.21,1774292795000,17.27,17.28,1600,0.0,1774294005000,17.19,17.2,10716,316.0,3569
1774294045000,1774294045000,17.22,17.26,17.18,17.21,1774293935000,17.26,17.26,100,0.0,1774294005000,17.19,17.2,10716,316.0,17.27,17.28,17.18,17.21,1774292795000,17.27,17.28,1600,0.0,1774294005000,17.19,17.2,10716,316.0,3570
1774294050000,1774294050000,17.22,17.26,17.18,17.21,1774293935000,17.26,17.26,100,0.0,1774294005000,17.19,17.2,10716,316.0,17.27,17.28,17.18,17.21,1774292795000,17.27,17.28,1600,0.0,1774294005000,17.19,17.2,10716,316.0,3571
1774294055000,1774294055000,17.21,17.26,17.18,17.21,1774293935000,17.26,17.26,100,0.0,1774294005000,17.19,17.2,10716,316.0,17.27,17.28,17.18,17.21,1774292795000,17.27,17.28,1600,0.0,1774294005000,17.19,17.2,10716,316.0,3572
1774294060000,1774294060000,17.22,17.26,17.18,17.21,1774293935000,17.26,17.26,100,0.0,1774294005000,17.19,17.2,10716,316.0,17.27,17.28,17.18,17.21,1774292795000,17.27,17.28,1600,0.0,1774294005000,17.19,17.2,10716,316.0,3573
1774294065000,1774294065000,17.21,17.26,17.18,17.22,1774293935000,17.26,17.26,100,0.0,1774294005000,17.19,17.2,10716,316.0,17.27,17.28,17.18,17.22,1774292795000,17.27,17.28,1600,0.0,1774294005000,17.19,17.2,10716,316.0,3574
1774294070000,1774294070000,17.21,17.26,17.18,17.21,1774293935000,17.26,17.26,100,0.0,1774294005000,17.19,17.2,10716,316.0,17.27,17.28,17.18,17.21,1774292795000,17.27,17.28,1600,0.0,1774294005000,17.19,17.2,10716,316.0,3575
1774294075000,1774294075000,17.21,17.26,17.18,17.21,1774293935000,17.26,17.26,100,0.0,1774294005000,17.19,17.2,10716,316.0,17.27,17.28,17.18,17.21,1774292795000,17.27,17.28,1600,0.0,1774294005000,17.19,17.2,10716,316.0,3576
1774294080000,1774294080000,17.21,17.26,17.18,17.21,1774293935000,17.26,17.26,100,0.0,1774294005000,17.19,17.2,10716,316.0,17.27,17.28,17.18,17.21,1774292795000,17.27,17.28,1600,0.0,1774294005000,17.19,17.2,10716,316.0,3577
1774294085000,1774294085000,17.21,17.26,17.18,17.21,1774293935000,17.26,17.26,100,0.0,1774294005000,17.19,17.2,10716,316.0,17.27,17.28,17.18,17.21,1774292795000,17.27,17.28,1600,0.0,1774294005000,17.19,17.2,10716,316.0,3578
1774294090000,1774294090000,17.22,17.26,17.18,17.21,1774293935000,17.26,17.26,100,0.0,1774294005000,17.19,17.2,10716,316.0,17.27,17.28,17.18,17.21,1774292795000,17.27,17.28,1600,0.0,1774294005000,17.19,17.2,10716,316.0,3579
1774294095000,1774294095000,17.22,17.26,17.18,17.21,1774293935000,17.26,17.26,100,0.0,1774294005000,17.19,17.2,10716,316.0,17.27,17.28,17.18,17.21,1774292795000,17.27,17.28,1600,0.0,1774294005000,17.19,17.2,10716,316.0,3580
1774294100000,1774294100000,17.22,17.26,17.18,17.21,1774293935000,17.26,17.26,100,0.0,1774294005000,17.19,17.2,10716,316.0,17.27,17.28,17.18,17.21,1774292795000,17.27,17.28,1600,0.0,1774294005000,17.19,17.2,10716,316.0,3581
1774294105000,1774294105000,17.22,17.26,17.18,17.21,1774293935000,17.26,17.26,100,0.0,1774294005000,17.19,17.2,10716,316.0,17.27,17.28,17.18,17.21,1774292795000,17.27,17.28,1600,0.0,1774294005000,17.19,17.2,10716,316.0,3582
1774294110000,1774294110000,17.22,17.26,17.18,17.22,1774293935000,17.26,17.26,100,0.0,1774294005000,17.19,17.2,10716,316.0,17.27,17.28,17.18,17.22,1774292795000,17.27,17.28,1600,0.0,1774294005000,17.19,17.2,10716,316.0,3583
1774294115000,1774294115000,17.22,17.26,17.18,17.21,1774293935000,17.26,17.26,100,0.0,1774294005000,17.19,17.2,10716,316.0,17.27,17.28,17.18,17.21,1774292795000,17.27,17.28,1600,0.0,1774294005000,17.19,17.2,10716,316.0,3584
1774294120000,1774294120000,17.23,17.26,17.18,17.22,1774293935000,17.26,17.26,100,0.0,1774294005000,17.19,17.2,10716,316.0,17.27,17.28,17.18,17.22,1774292795000,17.27,17.28,1600,0.0,1774294005000,17.19,17.2,10716,316.0,3585
1774294125000,1774294125000,17.23,17.26,17.18,17.23,1774293935000,17.26,17.26,100,0.0,1774294005000,17.19,17.2,10716,316.0,17.27,17.28,17.18,17.23,1774292795000,17.27,17.28,1600,0.0,1774294005000,17.19,17.2,10716,316.0,3586
1774294130000,1774294130000,17.23,17.26,17.18,17.23,1774293935000,17.26,17.26,100,0.0,1774294005000,17.19,17.2,10716,316.0,17.27,17.28,17.18,17.23,1774292795000,17.27,17.28,1600,0.0,1774294005000,17.19,17.2,10716,316.0,3587
1774294135000,1774294135000,17.23,17.26,17.18,17.23,1774293935000,17.26,17.26,100,0.0,1774294005000,17.19,17.2,10716,316.0,17.27,17.28,17.18,17.23,1774292795000,17.27,17.28,1600,0.0,1774294005000,17.19,17.2,10716,316.0,3588
1774294140000,1774294140000,17.23,17.26,17.18,17.22,1774293935000,17.26,17.26,100,0.0,1774294005000,17.19,17.2,10716,316.0,17.27,17.28,17.18,17.22,1774292795000,17.27,17.28,1600,0.0,1774294005000,17.19,17.2,10716,316.0,3589
1774294145000,1774294145000,17.21,17.26,17.18,17.22,1774293935000,17.26,17.26,100,0.0,1774294005000,17.19,17.2,10716,316.0,17.27,17.28,17.18,17.22,1774292795000,17.27,17.28,1600,0.0,1774294005000,17.19,17.2,10716,316.0,3590
1774294150000,1774294150000,17.23,17.26,17.18,17.22,1774293935000,17.26,17.26,100,0.0,1774294005000,17.19,17.2,10716,316.0,17.25,17.28,17.18,17.22,1774292795000,17.27,17.28,1600,0.0,1774294005000,17.19,17.2,10716,316.0,3591
1774294155000,1774294155000,17.23,17.26,17.18,17.21,1774293935000,17.26,17.26,100,0.0,1774294005000,17.19,17.2,10716,316.0,17.25,17.28,17.18,17.21,1774292795000,17.27,17.28,1600,0.0,1774294005000,17.19,17.2,10716,316.0,3592
1774294160000,1774294160000,17.22,17.26,17.18,17.21,1774293935000,17.26,17.26,100,0.0,1774294005000,17.19,17.2,10716,316.0,17.25,17.28,17.18,17.21,1774292795000,17.27,17.28,1600,0.0,1774294005000,17.19,17.2,10716,316.0,3593
1774294165000,1774294165000,17.22,17.26,17.18,17.21,1774293935000,17.26,17.26,100,0.0,1774294005000,17.19,17.2,10716,316.0,17.24,17.28,17.18,17.21,1774292795000,17.27,17.28,1600,0.0,1774294005000,17.19,17.2,10716,316.0,3594
1774294170000,1774294170000,17.22,17.26,17.18,17.21,1774293935000,17.26,17.26,100,0.0,1774294005000,17.19,17.2,10716,316.0,17.24,17.28,17.18,17.21,1774292795000,17.27,17.28,1600,0.0,1774294005000,17.19,17.2,10716,316.0,3595
1774294175000,1774294175000,17.21,17.26,17.18,17.21,1774293935000,17.26,17.26,100,0.0,1774294005000,17.19,17.2,10716,316.0,17.24,17.28,17.18,17.21,1774292795000,17.27,17.28,1600,0.0,1774294005000,17.19,17.2,10716,316.0,3596
1774294180000,1774294180000,17.21,17.26,17.18,17.21,1774293935000,17.26,17.26,100,0.0,1774294005000,17.19,17.2,10716,316.0,17.24,17.28,17.18,17.21,1774292795000,17.27,17.28,1600,0.0,1774294005000,17.19,17.2,10716,316.0,3597
1774294185000,1774294185000,17.21,17.26,17.18,17.21,1774293935000,17.26,17.26,100,0.0,1774294005000,17.19,17.2,10716,316.0,17.26,17.28,17.18,17.21,1774292795000,17.27,17.28,1600,0.0,1774294005000,17.19,17.2,10716,316.0,3598
1774294190000,1774294190000,17.24,17.26,17.18,17.21,1774293935000,17.26,17.26,100,0.0,1774294005000,17.19,17.2,10716,316.0,17.26,17.28,17.18,17.21,1774292795000,17.27,17.28,1600,0.0,1774294005000,17.19,17.2,10716,316.0,3599
1774294195000,1774294195000,17.24,17.26,17.18,17.2,1774293935000,17.26,17.26,100,0.0,1774294005000,17.19,17.2,10716,316.0,17.26,17.28,17.18,17.2,1774292795000,17.27,17.28,1600,0.0,1774294005000,17.19,17.2,10716,316.0,3600
1774294200000,1774294200000,17.23,17.26,17.18,17.21,1774293935000,17.26,17.26,100,0.0,1774294005000,17.19,17.2,10716,316.0,17.23,17.28,17.18,17.21,1774292795000,17.27,17.28,1600,0.0,1774294005000,17.19,17.2,10716,316.0,3601
1774294205000,1774294205000,17.24,17.26,17.18,17.21,1774293935000,17.26,17.26,100,0.0,1774294005000,17.19,17.2,10716,316.0,17.23,17.28,17.18,17.21,1774292795000,17.27,17.28,1600,0.0,1774294005000,17.19,17.2,10716,316.0,3602
1774294210000,1774294210000,17.24,17.26,17.18,17.22,1774293935000,17.26,17.26,100,0.0,1774294005000,17.19,17.2,10716,316.0,17.23,17.28,17.18,17.22,1774292795000,17.27,17.28,1600,0.0,1774294005000,17.19,17.2,10716,316.0,3603
1774294215000,1774294215000,17.24,17.26,17.18,17.21,1774293935000,17.26,17.26,100,0.0,1774294005000,17.19,17.2,10716,316.0,17.23,17.28,17.18,17.21,1774292795000,17.27,17.28,1600,0.0,1774294005000,17.19,17.2,10716,316.0,3604
1774294220000,1774294220000,17.24,17.26,17.18,17.22,1774293935000,17.26,17.26,100,0.0,1774294005000,17.19,17.2,10716,316.0,17.23,17.28,17.18,17.22,1774292795000,17.27,17.28,1600,0.0,1774294005000,17.19,17.2,10716,316.0,3605
1774294225000,1774294225000,17.25,17.26,17.18,17.22,1774293935000,17.26,17.26,100,0.0,1774294005000,17.19,17.2,10716,316.0,17.23,17.28,17.18,17.22,1774292795000,17.27,17.28,1600,0.0,1774294005000,17.19,17.2,10716,316.0,3606
1774294230000,1774294230000,17.24,17.26,17.18,17.21,1774293935000,17.26,17.26,100,0.0,1774294005000,17.19,17.2,10716,316.0,17.25,17.28,17.18,17.21,1774292795000,17.27,17.28,1600,0.0,1774294005000,17.19,17.2,10716,316.0,3607
1774294235000,1774294235000,17.24,17.26,17.18,17.22,1774293935000,17.26,17.26,100,0.0,1774294005000,17.19,17.2,10716,316.0,17.25,17.28,17.18,17.22,1774292795000,17.27,17.28,1600,0.0,1774294005000,17.19,17.2,10716,316.0,3608
1774294240000,1774294240000,17.24,17.26,17.18,17.21,1774293935000,17.26,17.26,100,0.0,1774294005000,17.19,17.2,10716,316.0,17.26,17.28,17.18,17.21,1774292795000,17.27,17.28,1600,0.0,1774294005000,17.19,17.2,10716,316.0,3609
1774294245000,1774294245000,17.24,17.26,17.18,17.21,1774293935000,17.26,17.26,100,0.0,1774294005000,17.19,17.2,10716,316.0,17.26,17.28,17.18,17.21,1774292795000,17.27,17.28,1600,0.0,1774294005000,17.19,17.2,10716,316.0,3610
1774294250000,1774294250000,17.24,17.26,17.18,17.21,1774293935000,17.26,17.26,100,0.0,1774294005000,17.19,17.2,10716,316.0,17.25,17.28,17.18,17.21,1774292795000,17.27,17.28,1600,0.0,1774294005000,17.19,17.2,10716,316.0,3611
1774294255000,1774294255000,17.22,17.26,17.18,17.21,1774293935000,17.26,17.26,100,0.0,1774294005000,17.19,17.2,10716,316.0,17.27,17.28,17.18,17.21,1774292795000,17.27,17.28,1600,0.0,1774294005000,17.19,17.2,10716,316.0,3612
1774294260000,1774294260000,17.23,17.26,17.18,17.21,1774293935000,17.26,17.26,100,0.0,1774294005000,17.19,17.2,10716,316.0,17.27,17.28,17.18,17.21,1774292795000,17.27,17.28,1600,0.0,1774294005000,17.19,17.2,10716,316.0,3613
1774294265000,1774294265000,17.23,17.26,17.18,17.22,1774293935000,17.26,17.26,100,0.0,1774294005000,17.19,17.2,10716,316.0,17.28,17.28,17.18,17.22,1774292795000,17.27,17.28,1600,0.0,1774294005000,17.19,17.2,10716,316.0,3614
1774294270000,1774294270000,17.24,17.26,17.18,17.21,1774293935000,17.26,17.26,100,0.0,1774294005000,17.19,17.2,10716,316.0,17.27,17.27,17.18,17.21,1774293010000,17.27,17.26,8302,7700.5,1774294005000,17.19,17.2,10716,316.0,3615
1774294275000,1774294275000,17.24,17.26,17.18,17.2,1774293935000,17.26,17.26,100,0.0,1774294005000,17.19,17.2,10716,316.0,17.27,17.27,17.18,17.2,1774293010000,17.27,17.26,8302,7700.5,1774294005000,17.19,17.2,10716,316.0,3616
1774294280000,1774294280000,17.24,17.26,17.18,17.21,1774293935000,17.26,17.26,100,0.0,1774294005000,17.19,17.2,10716,316.0,17.27,17.27,17.18,17.21,1774293010000,17.27,17.26,8302,7700.5,1774294005000,17.19,17.2,10716,316.0,3617
1774294285000,1774294285000,17.24,17.26,17.18,17.2,1774293935000,17.26,17.26,100,0.0,1774294005000,17.19,17.2,10716,316.0,17.27,17.27,17.18,17.2,1774293010000,17.27,17.26,8302,7700.5,1774294005000,17.19,17.2,10716,316.0,3618
1774294290000,1774294290000,17.23,17.26,17.18,17.21,1774293935000,17.26,17.26,100,0.0,1774294005000,17.19,17.2,10716,316.0,17.27,17.27,17.18,17.21,1774293010000,17.27,17.26,8302,7700.5,1774294005000,17.19,17.2,10716,316.0,3619
1774294295000,1774294295000,17.23,17.26,17.18,17.2,1774293935000,17.26,17.26,100,0.0,1774294005000,17.19,17.2,10716,316.0,17.27,17.27,17.18,17.2,1774293010000,17.27,17.26,8302,7700.5,1774294005000,17.19,17.2,10716,316.0,3620
1774294300000,1774294300000,17.23,17.26,17.18,17.21,1774293935000,17.26,17.26,100,0.0,1774294005000,17.19,17.2,10716,316.0,17.27,17.27,17.18,17.21,1774293010000,17.27,17.26,8302,7700.5,1774294005000,17.19,17.2,10716,316.0,3621
1774294305000,1774294305000,17.23,17.26,17.18,17.2,1774293935000,17.26,17.26,100,0.0,1774294005000,17.19,17.2,10716,316.0,17.27,17.27,17.18,17.2,1774293010000,17.27,17.26,8302,7700.5,1774294005000,17.19,17.2,10716,316.0,3622
1774294310000,1774294310000,17.25,17.26,17.18,17.2,1774293935000,17.26,17.26,100,0.0,1774294005000,17.19,17.2,10716,316.0,17.26,17.27,17.18,17.2,1774293010000,17.27,17.26,8302,7700.5,1774294005000,17.19,17.2,10716,316.0,3623
1774294315000,1774294315000,17.25,17.26,17.18,17.19,1774293935000,17.26,17.26,100,0.0,1774294005000,17.19,17.2,10716,316.0,17.25,17.27,17.18,17.19,1774293010000,17.27,17.26,8302,7700.5,1774294005000,17.19,17.2,10716,316.0,3624
1774294320000,1774294320000,17.24,17.26,17.18,17.21,1774293935000,17.26,17.26,100,0.0,1774294005000,17.19,17.2,10716,316.0,17.26,17.27,17.18,17.21,1774293010000,17.27,17.26,8302,7700.5,1774294005000,17.19,17.2,10716,316.0,3625
1774294325000,1774294325000,17.24,17.26,17.18,17.21,1774293935000,17.26,17.26,100,0.0,1774294005000,17.19,17.2,10716,316.0,17.26,17.27,17.18,17.21,1774293010000,17.27,17.26,8302,7700.5,1774294005000,17.19,17.2,10716,316.0,3626
1774294330000,1774294330000,17.24,17.26,17.18,17.21,1774293935000,17.26,17.26,100,0.0,1774294005000,17.19,17.2,10716,316.0,17.26,17.27,17.18,17.21,1774293010000,17.27,17.26,8302,7700.5,1774294005000,17.19,17.2,10716,316.0,3627
1774294335000,1774294335000,17.24,17.26,17.18,17.21,1774293935000,17.26,17.26,100,0.0,1774294005000,17.19,17.2,10716,316.0,17.26,17.27,17.18,17.21,1774293010000,17.27,17.26,8302,7700.5,1774294005000,17.19,17.2,10716,316.0,3628
1774294340000,1774294340000,17.25,17.26,17.18,17.21,1774293935000,17.26,17.26,100,0.0,1774294005000,17.19,17.2,10716,316.0,17.25,17.27,17.18,17.21,1774293010000,17.27,17.26,8302,7700.5,1774294005000,17.19,17.2,10716,316.0,3629
1774294345000,1774294345000,17.25,17.26,17.18,17.21,1774293935000,17.26,17.26,100,0.0,1774294005000,17.19,17.2,10716,316.0,17.24,17.27,17.18,17.21,1774293010000,17.27,17.26,8302,7700.5,1774294005000,17.19,17.2,10716,316.0,3630
1774294350000,1774294350000,17.26,17.26,17.18,17.2,1774293935000,17.26,17.26,100,0.0,1774294005000,17.19,17.2,10716,316.0,17.25,17.27,17.18,17.2,1774293010000,17.27,17.26,8302,7700.5,1774294005000,17.19,17.2,10716,316.0,3631
1774294355000,1774294355000,17.25,17.26,17.18,17.2,1774293935000,17.26,17.26,100,0.0,1774294005000,17.19,17.2,10716,316.0,17.24,17.27,17.18,17.2,1774293010000,17.27,17.26,8302,7700.5,1774294005000,17.19,17.2,10716,316.0,3632
1774294360000,1774294360000,17.25,17.26,17.18,17.2,1774293935000,17.26,17.26,100,0.0,1774294005000,17.19,17.2,10716,316.0,17.24,17.27,17.18,17.2,1774293010000,17.27,17.26,8302,7700.5,1774294005000,17.19,17.2,10716,316.0,3633
1774294365000,1774294365000,17.25,17.26,17.18,17.2,1774293935000,17.26,17.26,100,0.0,1774294005000,17.19,17.2,10716,316.0,17.24,17.27,17.18,17.2,1774293010000,17.27,17.26,8302,7700.5,1774294005000,17.19,17.2,10716,316.0,3634
1774294370000,1774294370000,17.26,17.26,17.18,17.21,1774293935000,17.26,17.26,100,0.0,1774294005000,17.19,17.2,10716,316.0,17.26,17.27,17.18,17.21,1774293010000,17.27,17.26,8302,7700.5,1774294005000,17.19,17.2,10716,316.0,3635
1774294375000,1774294375000,17.26,17.26,17.18,17.21,1774293935000,17.26,17.26,100,0.0,1774294005000,17.19,17.2,10716,316.0,17.26,17.27,17.18,17.21,1774293010000,17.27,17.26,8302,7700.5,1774294005000,17.19,17.2,10716,316.0,3636
1774294380000,1774294380000,17.24,17.25,17.18,17.21,1774293955000,17.24,17.2,33922,14127.5,1774294005000,17.19,17.2,10716,316.0,17.24,17.26,17.18,17.21,1774293935000,17.26,17.26,100,0.0,1774294005000,17.19,17.2,10716,316.0,3637
1774294385000,1774294385000,17.24,17.25,17.18,17.21,1774293955000,17.24,17.2,33922,14127.5,1774294005000,17.19,17.2,10716,316.0,17.24,17.26,17.18,17.21,1774293935000,17.26,17.26,100,0.0,1774294005000,17.19,17.2,10716,316.0,3638
1774294390000,1774294390000,17.24,17.25,17.18,17.21,1774293955000,17.24,17.2,33922,14127.5,1774294005000,17.19,17.2,10716,316.0,17.24,17.26,17.18,17.21,1774293935000,17.26,17.26,100,0.0,1774294005000,17.19,17.2,10716,316.0,3639
1774294395000,1774294395000,17.21,17.23,17.18,17.21,1774294230000,17.23,17.21,11394,7319.0,1774294005000,17.19,17.2,10716,316.0,17.24,17.26,17.18,17.21,1774293935000,17.26,17.26,100,0.0,1774294005000,17.19,17.2,10716,316.0,3640
1774294400000,1774294400000,17.21,17.23,17.18,17.21,1774294230000,17.23,17.21,11394,7319.0,1774294005000,17.19,17.2,10716,316.0,17.24,17.26,17.18,17.21,1774293935000,17.26,17.26,100,0.0,1774294005000,17.19,17.2,10716,316.0,3641
1774294405000,1774294405000,17.21,17.23,17.18,17.21,1774294230000,17.23,17.21,11394,7319.0,1774294005000,17.19,17.2,10716,316.0,17.24,17.26,17.18,17.21,1774293935000,17.26,17.26,100,0.0,1774294005000,17.19,17.2,10716,316.0,3642
1774294410000,1774294410000,17.21,17.23,17.18,17.22,1774294230000,17.23,17.21,11394,7319.0,1774294005000,17.19,17.2,10716,316.0,17.25,17.26,17.18,17.22,1774293935000,17.26,17.26,100,0.0,1774294005000,17.19,17.2,10716,316.0,3643
1774294415000,1774294415000,17.21,17.23,17.18,17.21,1774294230000,17.23,17.21,11394,7319.0,1774294005000,17.19,17.2,10716,316.0,17.25,17.26,17.18,17.21,1774293935000,17.26,17.26,100,0.0,1774294005000,17.19,17.2,10716,316.0,3644
1774294420000,1774294420000,17.21,17.23,17.18,17.21,1774294230000,17.23,17.21,11394,7319.0,1774294005000,17.19,17.2,10716,316.0,17.25,17.26,17.18,17.21,1774293935000,17.26,17.26,100,0.0,1774294005000,17.19,17.2,10716,316.0,3645
1774294425000,1774294425000,17.21,17.23,17.18,17.21,1774294230000,17.23,17.21,11394,7319.0,1774294005000,17.19,17.2,10716,316.0,17.25,17.26,17.18,17.21,1774293935000,17.26,17.26,100,0.0,1774294005000,17.19,17.2,10716,316.0,3646
1774294430000,1774294430000,17.21,17.23,17.18,17.22,1774294230000,17.23,17.21,11394,7319.0,1774294005000,17.19,17.2,10716,316.0,17.25,17.26,17.18,17.22,1774293935000,17.26,17.26,100,0.0,1774294005000,17.19,17.2,10716,316.0,3647
1774294435000,1774294435000,17.21,17.23,17.18,17.21,1774294230000,17.23,17.21,11394,7319.0,1774294005000,17.19,17.2,10716,316.0,17.25,17.26,17.18,17.21,1774293935000,17.26,17.26,100,0.0,1774294005000,17.19,17.2,10716,316.0,3648
1774294440000,1774294440000,17.21,17.23,17.18,17.21,1774294230000,17.23,17.21,11394,7319.0,1774294005000,17.19,17.2,10716,316.0,17.25,17.26,17.18,17.21,1774293935000,17.26,17.26,100,0.0,1774294005000,17.19,17.2,10716,316.0,3649
1774294445000,1774294445000,17.2,17.23,17.18,17.21,1774294230000,17.23,17.21,11394,7319.0,1774294005000,17.19,17.2,10716,316.0,17.26,17.26,17.18,17.21,1774293935000,17.26,17.26,100,0.0,1774294005000,17.19,17.2,10716,316.0,3650
1774294450000,1774294450000,17.2,17.23,17.18,17.21,1774294230000,17.23,17.21,11394,7319.0,1774294005000,17.19,17.2,10716,316.0,17.26,17.26,17.18,17.21,1774293935000,17.26,17.26,100,0.0,1774294005000,17.19,17.2,10716,316.0,3651
1774294455000,1774294455000,17.2,17.23,17.18,17.21,1774294230000,17.23,17.21,11394,7319.0,1774294005000,17.19,17.2,10716,316.0,17.26,17.26,17.18,17.21,1774293935000,17.26,17.26,100,0.0,1774294005000,17.19,17.2,10716,316.0,3652
1774294460000,1774294460000,17.21,17.23,17.18,17.21,1774294230000,17.23,17.21,11394,7319.0,1774294005000,17.19,17.2,10716,316.0,17.26,17.26,17.18,17.21,1774293935000,17.26,17.26,100,0.0,1774294005000,17.19,17.2,10716,316.0,3653
1774294465000,1774294465000,17.21,17.23,17.18,17.21,1774294230000,17.23,17.21,11394,7319.0,1774294005000,17.19,17.2,10716,316.0,17.26,17.26,17.18,17.21,1774293935000,17.26,17.26,100,0.0,1774294005000,17.19,17.2,10716,316.0,3654
1774294470000,1774294470000,17.2,17.23,17.18,17.22,1774294230000,17.23,17.21,11394,7319.0,1774294005000,17.19,17.2,10716,316.0,17.26,17.26,17.18,17.22,1774293935000,17.26,17.26,100,0.0,1774294005000,17.19,17.2,10716,316.0,3655
1774294475000,1774294475000,17.2,17.23,17.18,17.21,1774294230000,17.23,17.21,11394,7319.0,1774294005000,17.19,17.2,10716,316.0,17.26,17.26,17.18,17.21,1774293935000,17.26,17.26,100,0.0,1774294005000,17.19,17.2,10716,316.0,3656
1774294480000,1774294480000,17.19,17.23,17.18,17.21,1774294230000,17.23,17.21,11394,7319.0,1774294005000,17.19,17.2,10716,316.0,17.25,17.26,17.18,17.21,1774293935000,17.26,17.26,100,0.0,1774294005000,17.19,17.2,10716,316.0,3657
1774294485000,1774294485000,17.19,17.23,17.18,17.23,1774294485000,17.21,17.23,7853,4224.0,1774294005000,17.19,17.2,10716,316.0,17.25,17.26,17.18,17.23,1774293935000,17.26,17.26,100,0.0,1774294005000,17.19,17.2,10716,316.0,3658
1774294490000,1774294490000,17.19,17.23,17.18,17.21,1774294485000,17.21,17.23,7853,0.0,1774294005000,17.19,17.2,10716,316.0,17.25,17.26,17.18,17.21,1774293935000,17.26,17.26,100,0.0,1774294005000,17.19,17.2,10716,316.0,3659
1774294495000,1774294495000,17.19,17.23,17.18,17.21,1774294485000,17.21,17.23,7853,0.0,1774294005000,17.19,17.2,10716,316.0,17.25,17.26,17.18,17.21,1774293935000,17.26,17.26,100,0.0,1774294005000,17.19,17.2,10716,316.0,3660
1774294500000,1774294500000,17.19,17.23,17.19,17.22,1774294485000,17.21,17.23,7853,0.0,1774294370000,17.2,17.21,16756,16154.5,17.24,17.26,17.18,17.22,1774293935000,17.26,17.26,100,0.0,1774294005000,17.19,17.2,10716,316.0,3661
1774294505000,1774294505000,17.2,17.23,17.19,17.21,1774294505000,17.22,17.21,15514,12547.0,1774294370000,17.2,17.21,16756,16154.5,17.25,17.26,17.18,17.21,1774293935000,17.26,17.26,100,0.0,1774294005000,17.19,17.2,10716,316.0,3662
1774294510000,1774294510000,17.21,17.23,17.19,17.21,1774294505000,17.22,17.21,15514,5287.5,1774294370000,17.2,17.21,16756,16154.5,17.25,17.26,17.18,17.21,1774293935000,17.26,17.26,100,0.0,1774294005000,17.19,17.2,10716,316.0,3663
1774294515000,1774294515000,17.21,17.23,17.19,17.2,1774294505000,17.22,17.21,15514,5287.5,1774294370000,17.2,17.21,16756,16154.5,17.25,17.26,17.18,17.2,1774293935000,17.26,17.26,100,0.0,1774294005000,17.19,17.2,10716,316.0,3664
1774294520000,1774294520000,17.21,17.23,17.19,17.2,1774294505000,17.22,17.21,15514,5287.5,1774294370000,17.2,17.21,16756,16154.5,17.23,17.26,17.18,17.2,1774293935000,17.26,17.26,100,0.0,1774294005000,17.19,17.2,10716,316.0,3665
1774294525000,1774294525000,17.21,17.23,17.19,17.2,1774294505000,17.22,17.21,15514,5287.5,1774294525000,17.2,17.2,8839,6377.5,17.23,17.26,17.18,17.2,1774293935000,17.26,17.26,100,0.0,1774294005000,17.19,17.2,10716,316.0,3666
1774294530000,1774294530000,17.21,17.23,17.19,17.19,1774294505000,17.22,17.21,15514,5287.5,1774294530000,17.19,17.19,6492,2072.5,17.23,17.26,17.18,17.19,1774293935000,17.26,17.26,100,0.0,1774294005000,17.19,17.2,10716,316.0,3667
